100
0 0
78 78
8 50
68 87
64 97
10 62
1 64
95 91
59 85
36 16
35 13
20 28
84 92
99 80
44 24
26 23
80 8
32 1
21 21
13 99
39 12
14 44
93 48
53 58
63 67
30 66
23 70
28 57
12 34
61 59
33 9
90 69
2 42
47 35
29 45
9 83
79 71
72 18
4 82
67 52
81 38
91 98
51 81
74 39
58 14
18 93
6 77
92 73
46 54
75 53
40 30
60 41
97 95
65 61
43 89
42 17
71 60
49 19
52 5
94 49
11 29
25 3
69 76
86 22
50 96
83 20
22 7
48 55
41 68
34 27
98 94
76 33
70 31
54 25
57 6
82 86
85 4
87 43
5 10
38 11
24 26
77 56
89 36
16 46
96 79
15 84
31 47
37 90
88 32
73 2
19 74
3 75
56 37
7 63
62 40
27 72
45 51
66 88
17 15
55 65
