100
0 0
62993685 62993685
96319004 96319004
48847179 48847179
39353768 39353768
65362463 65362463
50416862 50416862
82355959 82355959
33918868 33918868
91145665 91145665
2060820 2060820
47738390 47738390
27835163 27835163
3393242 3393242
63068287 63068287
27652691 27652691
89350261 89350261
44184704 44184704
45263588 45263588
49054915 49054915
66398483 66398483
67666146 67666146
63796909 63796909
30793963 30793963
48178926 48178926
96977533 96977533
88077454 88077454
2285097 2285097
57488852 57488852
21382451 21382451
65794433 65794433
94068745 94068745
30145574 30145574
48059134 48059134
47615767 47615767
5292103 5292103
33901610 33901610
68113980 68113980
82994845 82994845
62173387 62173387
58797991 58797991
44819565 44819565
25879234 25879234
67027061 67027061
79409817 79409817
25498481 25498481
30933979 30933979
18459980 18459980
88094090 88094090
88886351 88886351
36254934 36254934
46446483 46446483
11723312 11723312
28014855 28014855
4321022 4321022
88532539 88532539
63287499 63287499
86585284 86585284
38996599 38996599
71201733 71201733
82029300 82029300
98514647 98514647
22757937 22757937
66487267 66487267
88839620 88839620
9580042 9580042
63784921 63784921
53232754 53232754
81079083 81079083
43133373 43133373
19395115 19395115
47021972 47021972
87491605 87491605
20693454 20693454
37084304 37084304
15730028 15730028
77662298 77662298
58669432 58669432
26262814 26262814
16539684 16539684
79948787 79948787
72691422 72691422
1896431 1896431
99851437 99851437
70184947 70184947
78704290 78704290
37854129 37854129
37110370 37110370
50441709 50441709
48615475 48615475
21626499 21626499
90864197 90864197
68965865 68965865
27877416 27877416
1431397 1431397
48795833 48795833
85883660 85883660
3444398 3444398
99861683 99861683
28236594 28236594
