100
0 0
500000000 500000000
1 1
499999999 499999999
2 2
499999998 499999998
3 3
499999997 499999997
4 4
499999996 499999996
5 5
499999995 499999995
6 6
499999994 499999994
7 7
499999993 499999993
8 8
499999992 499999992
9 9
499999991 499999991
10 10
499999990 499999990
11 11
499999989 499999989
12 12
499999988 499999988
13 13
499999987 499999987
14 14
499999986 499999986
15 15
499999985 499999985
16 16
499999984 499999984
17 17
499999983 499999983
18 18
499999982 499999982
19 19
499999981 499999981
20 20
499999980 499999980
21 21
499999979 499999979
22 22
499999978 499999978
23 23
499999977 499999977
24 24
499999976 499999976
25 25
499999975 499999975
26 26
499999974 499999974
27 27
499999973 499999973
28 28
499999972 499999972
29 29
499999971 499999971
30 30
499999970 499999970
31 31
499999969 499999969
32 32
499999968 499999968
33 33
499999967 499999967
34 34
499999966 499999966
35 35
499999965 499999965
36 36
499999964 499999964
37 37
499999963 499999963
38 38
499999962 499999962
39 39
499999961 499999961
40 40
499999960 499999960
41 41
499999959 499999959
42 42
499999958 499999958
43 43
499999957 499999957
44 44
499999956 499999956
45 45
499999955 499999955
46 46
499999954 499999954
47 47
499999953 499999953
48 48
499999952 499999952
49 49
499999951 499999951
