100
0 0
61 86
31 58
65 5
38 27
13 28
63 72
47 35
43 26
49 71
7 85
32 92
4 95
96 83
90 4
6 23
11 44
22 31
44 14
67 10
71 63
57 94
83 13
76 3
75 29
66 66
46 77
48 56
25 20
20 69
1 98
62 76
58 96
55 39
94 12
70 68
45 57
53 74
9 79
60 91
50 15
27 46
8 52
33 24
37 73
59 36
54 43
30 37
21 30
72 41
88 47
81 8
73 18
82 34
52 97
39 45
36 90
12 11
87 60
84 1
80 22
19 7
2 62
10 61
42 25
18 42
15 49
5 88
17 87
34 40
68 54
16 93
26 32
95 99
97 70
28 2
78 50
91 65
14 17
99 75
56 55
3 9
40 38
69 53
64 80
35 6
93 82
29 48
24 51
89 16
41 89
79 78
86 67
74 81
23 33
77 64
51 19
98 59
92 21
85 84
