100
0 0
22 24
16 63
43 41
11 97
84 25
62 73
25 22
63 10
70 65
48 74
75 38
12 55
88 88
24 5
34 60
7 6
55 56
21 76
45 49
10 90
41 3
74 17
5 77
40 87
99 54
6 29
19 37
37 40
95 81
14 82
85 96
27 72
78 43
67 21
79 42
66 61
96 50
33 69
59 70
47 66
38 33
17 12
73 23
87 68
81 31
50 1
15 67
80 92
77 30
98 86
39 71
92 2
31 8
56 51
91 36
69 53
64 84
2 15
9 94
32 80
93 47
53 83
54 57
18 44
8 39
26 93
28 59
4 91
42 99
36 20
65 64
3 28
57 89
35 79
71 95
58 46
30 18
23 45
49 4
29 32
13 9
51 26
94 11
89 14
86 7
97 52
82 35
52 19
44 27
76 58
61 98
20 62
90 13
60 85
1 75
46 48
83 78
68 16
72 34
