100
0 0
54 54
4 4
38 38
9 9
40 40
95 95
79 79
23 23
90 90
74 74
55 55
34 34
22 22
44 44
48 48
63 63
56 56
50 50
6 6
62 62
49 49
91 91
20 20
67 67
25 25
11 11
97 97
87 87
46 46
99 99
59 59
2 2
92 92
15 15
33 33
30 30
96 96
42 42
88 88
66 66
12 12
76 76
32 32
37 37
64 64
39 39
41 41
35 35
31 31
19 19
93 93
36 36
21 21
72 72
58 58
29 29
81 81
28 28
26 26
80 80
60 60
57 57
68 68
13 13
43 43
14 14
73 73
85 85
53 53
8 8
24 24
45 45
51 51
61 61
83 83
5 5
94 94
18 18
70 70
3 3
89 89
16 16
69 69
77 77
71 71
17 17
27 27
52 52
1 1
82 82
98 98
75 75
86 86
65 65
10 10
47 47
78 78
84 84
7 7
