100
0 0
91 9
54 75
31 55
42 34
60 51
34 97
97 80
23 82
70 35
53 19
41 93
81 37
79 26
80 99
2 66
84 91
44 21
89 83
45 17
96 76
94 72
95 90
57 74
88 30
4 36
87 96
64 65
12 18
56 23
76 5
16 47
6 7
92 16
25 10
40 31
98 78
49 92
73 56
22 87
50 24
69 61
67 22
43 62
39 68
46 1
62 3
78 64
51 53
19 40
68 13
14 52
65 14
5 59
21 29
20 2
27 49
17 69
33 20
1 98
74 81
63 39
9 15
86 41
13 50
30 4
28 42
15 11
29 45
90 38
8 28
59 54
77 63
7 79
3 48
37 6
75 89
99 25
71 88
66 44
10 85
82 70
26 60
72 58
93 8
38 27
32 33
83 95
48 86
61 32
52 84
11 46
24 57
36 67
85 12
55 43
18 77
47 73
35 71
58 94
