100
0 0
462839348 273638268
274299271 198120223
196450946 186718881
114625280 337767325
211028860 119520004
306019485 228537344
179299977 49330649
125489833 418628239
369813444 266607943
226492599 325028844
69881569 49748009
247578390 9670701
335172110 137871660
425053812 474564177
352545903 439882924
413558508 169533848
70846636 244398321
411235582 487919570
328947486 318161821
46514943 445192403
51320732 433590543
206606516 199735837
77944907 377047636
194581638 154407055
17577642 329302899
403421073 118572718
199367086 374523466
166422806 461724626
266198049 372852137
126652096 244682235
144196161 139722845
233449610 150843077
198332746 25131197
361169671 478048342
385079420 265636731
424430145 118003344
353954643 255079387
434312935 215515550
151534904 164171496
45553965 25683964
375206827 476921740
490400786 389792715
434200573 315494412
94783215 126667907
183673735 108454013
265663741 358593290
300447764 396857404
347988457 471291557
154121582 91778230
267826465 180857315
449058760 102979851
377507690 65684388
224134984 239541506
208047759 322223532
286751769 410863305
271012631 85585737
221587516 152963731
450239091 59378501
56187720 414279784
64243859 407761980
191704835 9930761
111867166 161019399
215796077 258929327
207070428 11653188
178753427 407723044
206923865 192535497
217107042 384676305
334235670 322115044
8928230 319797984
335957797 464190149
411723733 100906195
110086883 153094178
459370770 417520214
428891674 303749679
406355669 308691328
377538286 148735995
335470495 405628302
386388033 246440756
110794673 418676224
404810958 499093640
406275272 62692805
440562171 98780213
469930998 25751551
78094187 177726410
331621130 354938589
456235650 44295464
453679459 373601552
190979246 364799469
13105333 451204388
484934449 341904620
446404793 252411877
201724999 76660685
283582406 325279042
419330029 444952960
251028680 478317297
36491188 205464172
198758928 338996037
432823302 191913217
167530517 184807924
