100
118923925 480217061
126937003 78747450
162598385 203593894
428483309 56775954
299200342 70887142
385382496 389344431
472097658 494827716
32434470 313726277
380991511 437058542
35830674 211858230
44281768 298020872
119246347 337329406
188903857 133858618
466843968 213026783
467748379 18997094
40288605 118321686
328925799 384692003
436445459 81047258
416434020 390556167
278168825 259144107
303835311 400418147
346964875 449821995
332645548 264988448
171618855 416728297
144983544 231700960
244124727 23509982
449579894 136098180
196446189 469497116
415318556 453656229
349075447 140212640
101311973 351558165
66341479 315535705
449576327 301734008
153841627 388372309
347961180 39301337
378368006 226160999
274499008 343794044
75562421 153612650
23491774 177766693
235296069 433810003
70231126 14475057
291160368 424219948
438945847 283132178
123887757 264880972
478984745 42417983
109105664 164344507
440682202 324335800
436078526 346784686
332702250 482499532
4811697 194427397
131222473 376361863
89025027 477140745
299962279 287286156
78258672 317844050
387542907 125315784
272133662 448668882
308802297 97655255
420145588 317433264
161226154 5432245
206403302 125870420
330882750 233349418
107413950 461074500
18219324 389764777
260563916 318379113
146567129 308584829
389618755 56492394
211765962 482150898
151003859 106612623
210692282 207818758
364718618 57064133
397848329 411842130
243940935 254772122
122887220 47343564
130965017 222815716
276985827 245933167
283818999 289771024
265773639 469925120
20038794 472507311
380952538 105365836
491997275 16799941
433031339 333051974
199013387 211961227
328081313 185541293
301215351 477286815
174098139 273546607
314330713 3923130
12784477 332182588
229148096 120095633
107595645 169223608
225939951 445976204
496433227 437890759
341811314 121673512
403078298 277301202
435065434 56528272
338195028 110010298
462221997 468686764
416187172 75095210
339660713 213096300
138377272 171105263
166341864 415716221
