100
32 87
82 30
30 90
92 54
37 56
38 74
58 81
90 35
95 83
19 17
73 23
13 4
47 76
63 68
65 62
75 71
96 0
49 12
59 32
69 80
29 61
79 50
21 19
9 79
61 63
76 67
44 94
80 78
1 51
71 86
40 49
77 29
88 55
45 52
48 85
98 22
24 48
87 10
54 13
2 8
33 72
39 26
16 6
70 58
78 25
89 15
8 99
74 88
6 91
68 93
4 66
36 9
14 5
97 28
28 92
64 45
66 21
50 37
5 53
81 41
0 38
18 75
43 64
17 39
99 33
3 73
67 20
41 82
26 59
57 3
22 42
25 24
51 69
27 89
86 46
93 77
7 36
10 70
35 97
94 43
31 34
55 60
11 98
46 47
15 1
91 14
62 44
56 84
23 57
60 7
12 18
53 96
84 65
85 2
20 16
72 40
42 27
83 31
52 95
34 11
