100
395121167 416427914
17076286 152437963
39324540 49880487
463607843 312559233
2673000 97282089
304490345 146239978
301696596 69259632
163345181 258408765
171174028 210459753
4728204 395190825
198762931 207462889
115163869 3798512
154611737 371131536
177977911 23929555
264216153 272613244
426996140 13736857
365571288 70877420
318619717 386054809
236491611 149423182
151705765 426784916
187093809 293309954
413658829 61585695
487510079 97733416
91672827 13304911
240339881 102327091
428700819 313674404
73722323 302622547
288140062 310333715
360961044 308005628
477954219 183230078
315544944 446329161
31892675 25552077
363679729 147513152
61531815 341585960
144348634 458007817
129218404 256517889
250785958 94927518
186238841 396383214
478438562 370529044
129844214 335911615
442575670 186774402
3909434 22946792
428693889 386231246
414533588 385057401
122684207 58150893
266222945 81827088
290855302 182537403
417771425 397043108
52962558 474125883
311434022 132524022
153946749 360796
461806910 98885605
404446119 199998666
47779745 197782295
227562623 11685109
400964529 137413665
321516237 136405696
170401161 477223436
241483608 256615142
384877583 481813883
476995648 136881600
478556848 197125333
178794477 144330352
255806739 14745364
353655927 139664930
348522391 90840029
66975923 179550910
413601432 428975960
432814776 270804757
323720064 388434367
10850972 194219957
461041806 106469255
401191626 140877437
178684920 431481816
168209256 124756316
371604664 182253258
238365480 426103321
289504370 89484203
490262329 155447222
135698523 201311552
488644024 159451928
94648521 126963713
256750675 110233922
21985436 45956964
107120029 150079857
220769975 66666926
17249259 69407286
9801911 186448251
236462008 248359676
236312688 469044285
489014960 399351723
490009285 268815855
398056247 65669734
370214969 497434643
163737189 79931525
117973579 447596315
383990519 129279306
493752263 278050419
433408652 148384035
29593498 246377161
