100
529 576
405 700
420 685
621 484
453 652
607 498
520 561
283 957
324 3
969 727
439 838
424 681
861 212
532 573
641 464
556 525
545 536
534 533
566 515
565 249
471 610
591 632
91 997
472 513
912 825
536 531
79 626
553 528
839 813
849 41
421 684
295 982
373 230
6 972
493 612
592 489
502 543
507 548
750 766
122 637
993 636
525 566
138 877
562 603
550 555
528 577
537 544
523 558
291 980
434 671
587 628
354 847
451 654
573 532
630 475
582 523
594 487
575 530
478 519
749 362
150 282
563 542
619 646
652 672
50 946
513 554
469 412
516 551
518 563
654 213
568 609
517 562
497 570
689 987
645 460
480 781
631 474
522 557
869 905
512 553
742 857
389 115
572 509
584 497
515 556
1000 339
745 443
535 546
521 903
586 495
511 594
590 491
623 482
491 112
560 601
581 500
697 783
254 447
412 693
526 579
