100
198490215 269830286
192195151 276125350
162295506 306024995
210050226 386977979
85803294 292954787
447764475 30193109
183846921 284473580
271794845 275007758
94160881 284597200
259897005 286905598
272665416 274137187
154474269 313846232
308167093 275858478
180728709 182200480
245339040 301463563
239295506 102448711
262697213 284105390
172337170 173808941
174819519 293500982
187414920 188886691
103834931 274923150
208198187 385125940
181305807 287014694
196756563 198228334
283123669 286480197
166664375 301656126
179277868 180749639
297429075 313310106
177882663 179354434
166673564 168145335
32962366 485188497
168663969 299656532
179945249 288375252
183763104 185234875
383362236 178991925
198387791 199859562
100915164 277842917
207601702 384529455
188643155 190114926
204850381 348579870
275251834 271550769
173138421 295182080
190877863 367805616
153762065 314558436
200122729 377050482
271792879 275009724
202270284 169961669
202025353 378953106
426107398 262025084
173583941 175055712
207241525 350971014
165514945 302805556
189108190 190579961
241201957 305600646
251447373 295355230
200972572 202444343
92731819 286026262
247057021 299745582
131991713 76332627
165914866 167386637
201800040 378727793
279897141 266905462
161246018 162717789
86013484 292744597
201536557 345266046
245525127 254185648
165501853 302818648
202276876 346006365
190859799 367787552
240416060 364426997
90307157 288450924
84867202 293890879
253685024 293117579
262739653 284062950
213169446 390097199
265572422 281230181
103616814 275141267
171714682 296605819
158549701 349021467
212009934 165628178
192160928 193632699
175211954 176683725
458263465 477513794
175152789 293167712
184032071 185503842
170123103 298197398
288906689 70011368
166875222 295817941
200823586 168514971
170610243 172082014
203548909 380476662
265484882 281317721
178654268 289666233
160393102 161864873
169772608 298547893
151641748 153113519
181204306 287116195
180543089 182014860
249195653 37306182
258848935 287953668
