100
394 351
342 299
450 365
245 154
149 734
232 141
261 170
306 263
41 783
298 255
320 15
499 316
309 266
301 258
364 321
329 286
322 279
368 325
187 82
323 540
228 919
367 324
180 369
114 406
456 359
351 308
277 234
460 355
441 769
311 528
348 305
509 306
175 374
473 342
511 304
241 150
631 683
296 253
317 274
170 989
297 206
265 174
361 318
231 140
556 673
308 525
286 243
287 196
182 367
314 271
271 180
438 377
525 269
256 165
852 102
305 522
514 301
193 356
300 257
437 378
682 421
515 300
328 285
237 146
218 207
299 516
336 553
316 273
425 760
215 986
433 382
461 354
537 278
379 336
166 383
489 326
528 287
490 495
505 591
839 116
484 331
283 192
608 92
449 366
295 252
482 333
445 370
815 110
162 792
255 164
188 361
453 362
278 235
319 536
303 520
340 297
251 160
174 375
120 434
7 142
