100
37 35
83 16
46 56
18 0
95 64
10 34
56 66
88 80
26 59
49 19
82 72
1 57
58 84
20 32
51 9
27 6
70 40
16 38
73 67
53 10
69 88
93 3
48 49
79 8
0 75
33 58
4 95
3 70
96 22
40 60
86 44
25 30
50 50
5 94
81 65
99 85
75 83
17 86
29 39
44 31
54 14
32 98
87 52
21 61
63 47
90 63
57 4
80 37
9 92
55 11
92 55
34 53
43 33
38 89
97 62
84 82
19 51
6 1
98 73
77 42
15 20
66 18
59 96
65 28
13 7
89 81
28 97
31 12
14 24
11 68
71 87
94 79
64 99
52 76
39 23
41 43
7 77
2 71
76 29
36 17
60 93
22 69
68 74
91 91
67 46
72 45
85 90
78 78
47 2
74 36
23 25
62 26
61 21
45 41
24 5
12 54
35 15
8 13
30 27
42 48
