100
332061729 124194621
289865717 81998609
310404665 102537557
295611828 87744720
264093099 56225991
346015858 138148750
285605420 77738312
328349493 120482385
326320441 118453333
331984804 124117696
329295676 121428568
262827156 54960048
286707725 78840617
328611450 120744342
305493856 97626748
341744606 133877498
287353667 79486559
268873989 61006881
341636833 133769725
338894750 131027642
314580470 106713362
266987604 59120496
325040250 117173142
290390889 82523781
272830334 64963226
328080773 120213665
295298730 87431622
346896993 139029885
328181737 120314629
267313142 59446034
282376445 74509337
291126758 83259650
303228498 95361390
333162593 125295485
265701177 57834069
264342274 56475166
355856763 147989655
283761133 75894025
323189239 115322131
354609619 146742511
341915167 134048059
285733280 77866172
355595583 147728475
265125230 57258122
304125015 96257907
282099525 74232417
307177788 99310680
349217763 141350655
353335100 145467992
309689675 101822567
334665300 126798192
280932596 73065488
270193580 62326472
353765938 145898830
292326255 84459147
341225526 133358418
351450195 143583087
356431042 148563934
345450370 137583262
310898767 103031659
307688818 99821710
284411527 76544419
302103716 94236608
347293469 139426361
345030390 137163282
263333945 55466837
272902792 65035684
350837068 142969960
340740844 132873736
276151331 68284223
298027395 90160287
307722012 99854904
272719441 64852333
354256598 146389490
276329180 68462072
332773401 124906293
354617315 146750207
328873005 121005897
296059111 88192003
335947793 128080685
350878565 143011457
269532973 61665865
353561871 145694763
299147759 91280651
293498725 85631617
260959742 53092634
303491838 95624730
266815737 58948629
346621000 138753892
267391655 59524547
264954953 57087845
340444746 132577638
282566662 74699554
303152533 95285425
315994142 108127034
265231722 57364614
330821959 122954851
293011850 85144742
271689347 63822239
322462578 114595470
