100
283538536 302535327
319387875 232356928
275465831 276278972
387783116 455611790
230764956 320979847
62056299 448545171
286650805 283190096
316307118 312846409
284260700 327353671
295688303 256056500
162820634 303014202
218306765 333438038
46950402 306439951
301839216 249905587
317095209 313634500
407127226 430620248
293098025 258646778
262100567 285117116
327719158 209712767
281083425 330530946
287940544 335986256
242964274 308780529
228430483 323314320
206978238 299805024
322885190 228859613
237285728 352625205
281484977 300481768
332927780 329467071
315376990 236367813
243434197 308310606
265347116 290087355
353016312 132308791
319238580 315777871
290072900 286612191
340180574 336719865
278279851 303020090
286412396 260805287
270263945 281480858
341224877 337764168
275339196 271878487
271401937 296142176
287149864 294816881
225285648 326459155
205126825 409827512
228927998 261323008
266837356 280380327
182709754 163854687
235557010 316187793
279180347 332434024
287285897 312026136
43072592 329058319
273797483 298537722
332229631 328768922
426242357 298842482
229598502 322146301
278613253 303353492
268579374 265118665
80217919 295966982
289136700 322477671
293437066 318177305
306362033 305252338
302957546 308656825
263184923 284032760
292043058 259701745
437960257 326364699
59415241 308864026
243553838 308190965
323417195 319956486
305655484 302194775
305598055 246146748
289684259 257533424
279077268 298074059
289258788 308255579
303797516 247947287
478496455 93642095
275921443 306045302
276004703 335609668
289778383 261966420
343777444 204029427
307537540 304076831
438443651 34197082
347006631 343545922
424174174 150761216
235039490 316705313
186129098 487628203
353967185 94940752
490629934 489642620
132084026 426967775
18575728 155894722
103009201 107554077
318387319 314926610
254690701 297054102
184105966 298620315
275950843 272490134
54050688 403806042
304101514 247643289
268000385 279217298
359792656 461281878
295066156 256678647
325779028 322318319
