100
250000000 250000000
249981719 250002119
250020683 250002911
249988141 250000655
488495572 98917141
249996312 250000574
316618872 308627140
250011913 250001239
141353179 174110284
249999944 249985612
246980472 471734476
249999766 250001850
250000253 249996633
130548064 128126506
290299338 164857768
100260696 211115152
47648713 347801630
222991235 143675944
250006303 250000859
320440694 30160329
250000808 250000808
373741724 60315002
278933297 257466066
249999797 250007365
250000473 249995029
126051267 194182611
249973866 250003422
249999883 250020283
250000805 249983033
437496079 270799252
250004584 250000964
250000492 249986948
96316397 432994043
226033910 278486096
250015221 250001677
250000234 250005314
77983571 326576504
249984040 250001516
249982048 250002022
316883572 115453184
249999304 250019278
249992391 249999959
166766898 297754776
250000522 249991828
249989804 250000382
250016457 250002125
102355474 114029411
249999910 249979474
249999567 250003829
112639310 443534717
250017944 250002222
365042938 244610794
146426564 154508662
249976569 250002815
121906436 177653953
230424992 66960869
261700124 252589520
492559771 457274547
276184915 446882396
250000856 249987940
249998939 250028495
250000376 249980558
177674591 127690877
229601573 73348468
249998687 250000771
250023935 250003499
249999896 249984174
466758315 245235844
415866157 282966123
295621557 142298869
310586694 157226280
249995211 250000291
148827099 177863397
289290321 80997971
250000471 249998987
222113607 187458249
275062930 200496117
250000430 249989756
249999955 250023639
255413495 195536567
332663672 449942210
250022732 250002914
249999700 250025946
249986719 250000721
340094798 208801464
416846889 102312304
133130576 350794819
138643584 264387725
279300197 142407092
250002440 250000956
87923722 73530640
249999711 250017187
250000319 250012833
250000437 250014439
249999580 250010158
275569479 489795761
250009216 250000522
249978625 250002309
250013896 250000980
405439240 209404948
