100
1256 1826
1213 1783
1321 1891
1292 1862
1234 1804
1186 1756
1276 1936
1210 2002
1286 1926
1263 1949
1455 1757
1264 1948
1188 2024
1242 1970
1265 1947
1266 1568
1503 1805
1250 1552
1274 1576
1347 1649
1298 1600
1402 1704
1155 1457
1504 1806
1200 1502
1612 1914
1642 1944
1157 1459
1694 1996
1473 1775
1401 1703
1602 1904
1180 1482
1179 1481
1518 1820
1283 1551
932 1902
1371 1463
1565 1269
1425 1409
1004 1830
1259 1575
962 1872
1513 1321
1262 1572
1404 1430
1498 1336
989 1845
1348 1486
1517 1317
1132 1702
1198 1636
1118 1716
971 1863
1480 1354
1363 1471
1566 1268
1128 1706
817 1787
669 1639
832 1802
1135 2105
675 1645
1151 2121
753 1723
741 1711
1098 2068
815 1785
1106 2076
840 1810
791 1761
735 1705
1102 2072
828 1798
749 1719
940 1910
1039 2201
1120 2120
1305 1935
1231 2009
1112 2128
1165 2075
1251 1989
1144 2096
1017 2223
967 2273
1312 1928
1290 1950
1085 2155
1302 1932
1326 1956
1267 1967
1246 1988
1275 1959
1337 1897
1307 2007
1211 1911
1237 1937
1219 1919
1297 2017
