100
50000 50000
29224 48092
47223 49769
50471 50471
40669 13972
93849 17496
81809 89909
72436 4492
8689 64563
36753 48859
50105 33365
84698 58003
23076 1882
49484 59844
93485 19263
52184 49834
99725 43903
69503 59913
50024 64250
34622 48848
4132 76162
55727 81230
49666 36822
46780 49464
60036 49292
75929 27257
64724 49550
49198 51744
89648 71650
44615 49749
18656 17374
50393 35219
33000 48770
12134 19207
49509 66191
52671 13247
68082 8777
54752 71488
67996 48924
49026 67894
74761 50901
49945 58201
10739 84066
61942 49098
34808 79259
24614 10452
71316 57038
49455 54589
76784 28867
54068 49976
85064 75911
23415 42473
41928 49740
29595 14087
66173 35464
4743 84159
28155 42919
49671 47321
77255 580
38064 48424
85168 95053
8552 99862
88887 57564
49445 65215
50400 43964
56857 21866
49653 27663
50892 16789
50421 39677
81218 45892
40921 49177
81968 38017
49681 57493
81006 2594
56805 50369
50168 46076
65700 48960
49770 30698
49667 52351
10728 17209
64953 58092
36396 62553
82331 79946
19179 27927
66697 49003
50080 41588
94631 6286
42101 82491
60799 39032
30918 34004
31893 48575
67158 19620
93507 99098
49879 45896
49467 61573
58319 49827
89297 3339
49226 43235
25209 26139
49732 32038
