3000
50 23
8 21
90 51
22 75
49 43
27 4
79 91
65 83
84 13
32 2
29 32
75 51
30 50
93 94
31 30
72 51
5 91
87 3
53 23
23 35
49 56
6 16
83 68
58 12
96 82
30 67
53 97
54 36
53 93
24 28
54 9
0 28
52 99
17 38
34 66
54 98
65 20
46 26
75 81
14 40
64 88
62 88
91 41
36 69
19 63
26 23
18 32
27 43
82 47
55 53
89 56
93 9
31 31
7 9
18 0
23 80
96 24
65 7
32 38
90 83
80 67
67 55
58 81
33 10
20 7
1 46
22 86
33 79
69 74
56 50
81 93
96 21
63 65
85 90
75 84
40 92
19 40
20 26
99 15
35 23
62 57
49 96
69 13
51 58
25 68
16 49
14 48
68 81
64 11
25 16
34 54
33 38
4 73
70 22
17 8
53 45
79 22
21 22
46 66
50 25
13 80
46 85
97 31
97 37
6 58
21 53
92 31
56 55
23 83
70 90
31 28
31 59
67 17
76 15
55 79
41 34
38 87
90 29
21 80
21 65
20 39
11 35
6 89
2 56
38 47
14 11
68 22
3 66
2 63
85 76
83 58
69 51
66 84
9 91
88 73
72 89
71 37
14 8
91 74
79 25
41 82
67 41
69 82
11 12
65 19
47 72
97 40
42 12
28 63
90 24
62 27
12 65
70 94
62 19
46 83
20 81
85 97
38 72
34 80
93 26
4 15
90 97
32 98
13 51
91 30
11 74
4 53
11 1
52 29
87 37
71 52
97 80
96 95
97 68
74 57
67 64
6 44
19 8
52 48
10 99
1 38
4 75
66 57
45 41
17 0
36 33
4 59
8 57
31 18
23 51
64 9
40 9
69 84
35 10
96 81
82 85
97 64
17 28
91 77
84 62
31 74
20 18
19 53
74 67
68 42
21 20
76 26
35 13
54 13
76 5
62 74
49 47
30 75
94 47
74 3
98 51
79 86
10 88
67 99
40 68
72 5
82 77
51 62
32 92
40 90
9 87
24 75
26 14
45 30
41 65
84 57
78 47
17 24
73 85
47 44
15 45
15 85
30 65
7 61
13 28
31 19
83 3
9 93
15 93
71 42
75 63
68 99
25 1
88 32
28 23
63 27
31 20
42 93
76 72
37 86
84 86
9 65
95 91
63 4
8 10
71 70
91 37
7 85
82 43
45 47
2 5
98 37
65 43
5 93
8 64
51 37
97 2
13 20
67 57
13 59
82 34
80 48
40 74
99 57
78 88
14 67
35 20
50 8
76 25
93 80
65 81
66 33
31 66
6 38
23 66
52 70
97 95
85 51
13 98
41 75
4 97
55 83
1 95
6 95
61 77
1 13
83 38
2 2
25 94
17 25
37 35
14 18
99 13
45 22
70 57
64 99
92 83
0 43
43 21
5 21
45 98
96 77
88 38
95 17
84 68
58 63
69 45
26 66
60 15
79 41
64 81
0 41
37 16
13 48
76 35
66 16
62 54
48 81
69 6
6 78
29 47
34 4
35 94
14 6
99 98
88 2
22 36
70 52
65 94
7 31
69 34
20 20
38 64
25 48
9 61
78 70
90 62
61 65
24 5
20 10
32 18
2 18
31 1
42 29
78 76
15 1
55 76
94 91
61 22
63 75
65 44
98 47
88 16
40 0
63 43
90 65
94 96
26 67
74 83
26 71
22 33
21 37
18 26
70 39
51 57
73 93
24 89
77 92
89 31
96 48
19 77
93 52
9 22
66 15
45 35
78 20
12 78
73 80
14 74
82 54
11 14
76 73
94 32
21 31
32 40
67 4
62 84
95 41
62 30
18 68
0 64
61 73
71 38
17 80
53 37
36 70
43 90
24 41
83 90
43 11
5 50
15 44
71 72
94 49
35 16
20 31
81 5
7 34
47 54
72 50
52 55
70 75
81 71
25 99
27 97
14 93
24 70
97 30
23 27
13 34
0 54
59 3
99 53
20 14
65 41
21 70
69 24
22 14
55 2
37 21
51 35
65 50
73 54
26 54
25 26
37 57
38 61
97 89
51 55
80 47
61 79
5 26
67 46
17 33
11 25
57 45
53 51
69 43
13 0
39 48
67 12
30 19
34 39
37 60
17 10
25 67
70 53
53 64
48 24
87 82
65 87
48 72
67 8
13 50
93 57
75 68
43 88
24 11
85 16
75 94
89 79
17 71
77 84
72 65
16 74
43 8
18 52
78 45
12 12
92 62
92 24
52 44
28 99
43 27
56 47
7 53
53 18
25 2
25 47
38 56
50 31
55 66
73 64
22 44
20 33
66 35
33 8
83 37
17 78
59 74
81 17
99 79
55 10
97 41
88 60
6 69
38 24
44 44
14 98
51 8
55 9
40 42
24 16
99 83
27 32
24 95
19 68
75 38
38 99
15 91
10 62
23 17
44 95
73 52
10 48
53 79
9 48
36 56
19 35
71 73
51 40
24 51
79 89
66 92
55 8
62 31
57 25
83 92
81 68
25 3
82 74
77 56
8 89
21 94
53 3
47 57
89 20
80 87
53 35
91 47
58 75
77 44
75 21
8 83
56 82
73 26
17 93
81 40
68 15
85 2
38 77
21 55
74 64
87 76
65 0
18 4
27 65
87 38
98 79
87 99
73 40
54 77
67 5
22 70
43 59
37 98
56 99
47 4
2 73
81 75
87 87
18 19
39 32
20 91
30 92
6 26
90 26
1 58
93 48
98 46
23 72
29 63
6 87
85 85
74 20
45 59
22 73
54 16
37 55
42 82
78 69
27 10
43 69
21 33
96 92
93 37
41 78
40 13
10 34
1 78
50 49
43 6
25 14
51 75
54 22
12 57
1 6
21 48
76 50
3 60
57 2
62 53
50 62
94 74
25 49
9 59
74 21
82 41
59 81
90 56
33 5
81 97
4 24
16 34
61 96
56 97
10 17
8 27
92 26
11 20
93 23
81 59
36 13
7 30
47 35
7 83
73 25
63 32
38 85
20 99
85 18
92 85
49 58
77 95
38 28
31 62
27 18
37 73
40 20
81 74
5 36
34 15
39 11
21 63
59 6
29 2
71 34
49 95
58 46
15 52
74 6
4 6
83 91
71 56
87 5
46 70
35 35
30 48
36 76
2 72
78 12
81 69
91 1
10 97
31 47
59 46
56 53
41 47
64 91
72 75
26 75
59 99
84 50
45 86
29 16
53 85
60 93
29 98
93 56
17 59
54 60
23 40
15 8
91 62
86 46
61 18
68 52
54 20
57 51
41 41
16 81
19 60
4 62
37 13
14 49
95 55
36 45
68 6
16 24
25 46
82 40
9 45
89 46
98 94
11 93
13 74
79 76
70 67
66 78
98 89
43 55
62 18
93 83
42 46
85 41
68 91
0 10
46 38
96 31
90 37
65 59
93 92
52 41
23 74
28 93
39 75
23 44
87 41
21 34
74 4
95 31
95 67
64 48
4 42
58 73
93 14
47 39
78 38
72 21
3 86
88 40
18 82
30 16
97 53
90 57
51 31
60 5
78 63
79 70
16 69
80 52
20 78
73 22
33 34
22 34
53 0
26 47
8 42
27 38
10 87
11 41
70 15
64 46
1 97
87 43
13 23
73 6
14 83
99 64
26 42
2 51
69 17
7 27
78 97
89 27
0 75
6 62
75 69
51 3
93 6
28 96
80 35
54 44
16 13
77 41
50 94
36 28
62 98
41 22
33 4
83 52
96 29
77 3
95 27
80 81
52 59
45 40
1 35
50 54
0 26
43 33
38 5
15 90
85 6
31 56
59 17
76 59
85 39
13 87
31 15
38 45
16 62
66 93
50 68
13 66
36 15
44 7
92 90
68 51
70 0
20 59
41 39
26 6
60 31
14 95
70 43
14 34
59 35
48 18
31 36
16 96
67 92
7 33
23 98
39 49
30 7
92 12
14 26
37 67
97 66
7 24
24 86
48 29
63 31
35 55
99 27
84 26
69 97
79 82
82 97
58 93
33 6
32 77
64 24
62 87
65 27
14 0
12 93
48 6
98 64
86 18
0 6
21 96
81 85
6 41
15 13
0 72
28 5
54 94
88 50
77 46
24 44
87 74
92 80
50 44
14 90
59 77
9 74
58 26
12 1
63 93
62 67
20 42
2 94
70 9
76 63
41 86
64 66
35 67
37 68
75 49
76 27
16 72
76 0
58 47
38 57
3 80
48 63
52 38
41 35
92 4
18 7
61 16
78 43
3 36
4 83
18 14
11 38
92 44
3 9
62 81
41 70
85 17
86 13
61 91
55 74
48 82
83 13
94 44
75 2
20 73
30 55
8 69
59 43
19 25
96 80
95 51
59 8
10 15
60 10
97 25
78 90
64 74
80 7
83 19
75 43
93 88
66 98
44 40
62 44
91 73
29 81
19 39
22 81
0 62
72 57
31 21
22 76
16 87
42 96
28 74
37 66
19 55
89 75
13 10
15 30
67 91
64 33
26 57
67 30
27 15
76 36
58 74
49 17
19 12
11 43
14 30
34 84
28 53
42 73
30 99
11 63
43 45
50 78
43 61
71 18
98 22
99 74
87 36
93 62
57 34
71 12
78 27
17 14
28 7
67 94
90 28
44 41
41 64
96 27
86 25
68 55
79 53
42 16
84 29
59 79
56 5
98 70
41 87
91 38
28 58
49 89
33 65
59 55
71 50
4 39
98 40
6 75
95 36
60 91
84 73
45 61
83 71
65 66
17 66
14 19
2 62
22 39
31 48
32 23
42 38
11 26
29 51
41 57
29 87
91 0
81 2
96 61
97 87
55 34
35 11
84 15
51 1
88 82
36 20
31 51
32 12
23 62
19 18
97 55
79 34
33 96
46 80
36 83
88 33
28 33
53 34
33 74
50 7
80 83
39 4
30 52
32 71
41 99
36 27
56 15
99 12
39 2
29 99
77 55
23 64
44 43
10 1
22 1
82 70
32 4
45 88
50 18
77 69
24 55
45 2
48 20
78 56
4 74
4 46
40 25
86 10
28 2
55 93
29 46
19 38
37 95
57 41
68 30
36 52
62 58
44 91
90 5
42 69
89 77
0 85
85 30
43 44
13 1
90 74
95 15
66 82
40 21
60 14
3 4
29 39
6 98
55 46
85 78
20 68
81 15
0 20
54 49
79 74
91 48
68 28
6 68
58 82
50 71
65 79
71 68
32 90
89 82
5 7
27 62
56 86
6 54
8 82
87 85
14 68
31 50
74 48
18 67
43 24
84 95
8 17
34 83
32 70
25 27
32 78
75 41
99 34
71 46
91 88
79 68
9 96
69 90
68 7
92 27
77 34
67 59
29 57
56 79
44 48
44 30
3 58
66 1
19 1
78 58
1 11
36 38
61 1
72 36
5 41
91 84
1 51
96 75
11 39
7 22
56 30
45 25
93 15
97 17
66 45
43 4
9 51
45 49
11 65
99 33
28 42
90 49
47 96
1 93
60 2
73 8
40 53
19 42
96 42
22 6
96 90
23 73
40 93
98 39
10 90
63 92
5 17
88 42
81 94
54 47
74 96
41 18
10 28
73 79
71 65
10 49
49 46
0 35
16 27
21 66
70 12
92 22
24 36
61 54
69 46
4 13
65 14
81 27
80 97
85 5
20 45
59 25
29 97
21 86
61 0
37 17
79 78
74 71
25 91
70 62
83 4
89 25
56 67
4 33
30 79
22 99
77 5
71 61
73 89
92 41
19 94
87 15
9 62
40 12
5 99
70 33
0 18
47 41
1 91
42 80
50 87
3 15
2 77
82 71
78 31
61 46
39 83
38 13
81 78
42 91
29 48
6 1
75 66
47 55
41 93
29 79
43 52
6 27
1 66
25 54
33 41
6 73
22 4
8 23
43 53
61 20
37 40
79 69
8 98
74 80
76 9
40 26
33 36
40 87
74 36
21 67
20 44
63 49
87 78
18 11
44 77
99 35
2 87
3 95
73 94
64 25
23 37
30 90
10 26
7 79
33 9
20 70
82 31
99 5
33 11
17 54
64 17
45 51
41 8
71 80
81 16
76 95
32 13
15 0
25 81
55 81
28 92
79 60
89 70
59 9
94 15
83 55
78 11
17 1
19 24
9 94
94 23
78 64
6 14
31 38
15 42
93 29
46 14
27 56
82 15
68 8
10 40
36 82
35 73
29 34
68 70
48 47
34 67
55 33
6 70
9 10
59 29
79 87
51 97
92 98
0 94
64 6
50 93
41 83
52 51
57 5
50 77
22 53
82 21
11 66
41 60
32 43
5 73
55 47
57 61
61 10
44 59
46 44
2 27
22 77
28 0
40 81
1 49
64 49
63 7
27 50
13 40
25 65
26 48
3 67
22 42
93 61
32 32
55 7
63 88
10 7
63 76
73 82
96 28
15 82
96 4
85 43
90 66
21 13
40 65
0 25
87 34
1 20
20 46
57 90
51 54
31 23
93 73
32 42
94 25
90 77
84 7
36 7
19 85
68 67
84 1
0 67
73 31
12 40
69 87
41 0
17 74
16 93
61 9
97 54
49 18
25 60
9 35
37 56
94 35
4 36
83 10
13 96
58 89
39 7
79 75
80 44
0 19
68 82
18 58
88 68
51 11
13 91
63 80
56 60
78 50
58 20
89 40
59 89
38 9
29 42
69 60
97 13
89 2
83 65
65 21
59 85
65 60
28 65
17 81
36 12
9 44
18 95
53 12
20 6
38 79
33 18
34 57
88 39
54 32
78 91
64 34
96 70
13 81
7 6
84 59
95 26
50 84
31 45
27 72
27 40
12 98
11 62
70 40
58 21
94 86
77 87
44 27
31 83
53 83
69 53
92 5
95 60
76 38
21 23
60 75
50 58
32 20
6 53
48 90
20 95
40 16
51 23
81 95
35 48
49 98
72 12
58 68
95 87
87 66
46 49
80 5
5 39
4 98
73 32
68 33
4 32
66 95
52 88
51 50
5 32
28 43
54 27
11 8
61 98
22 51
88 64
69 75
73 49
53 4
72 0
98 71
8 63
23 12
36 44
8 13
14 87
32 54
21 26
96 52
85 67
15 60
28 29
29 43
87 96
88 23
45 46
75 99
63 28
62 55
11 95
6 71
72 72
68 21
0 22
82 51
35 56
27 6
91 78
13 62
48 86
49 32
11 56
2 68
59 53
73 78
69 47
93 7
2 24
80 12
47 93
17 55
21 68
64 2
28 9
25 93
12 49
60 13
97 58
32 5
82 64
83 40
67 90
78 1
41 38
64 96
72 76
89 11
44 33
77 78
76 74
5 84
31 63
49 86
56 4
51 76
43 2
35 85
75 44
99 3
59 64
50 6
66 74
45 76
59 84
37 11
61 90
0 55
95 18
10 80
37 91
22 9
53 10
74 79
81 54
39 92
94 10
82 20
19 88
61 7
62 11
26 88
70 56
40 38
66 80
16 3
49 57
19 43
84 38
25 21
41 96
78 32
48 61
54 39
50 14
37 92
41 7
11 75
77 20
15 3
39 99
43 23
17 52
44 83
17 27
35 78
69 42
95 56
1 26
6 49
55 37
56 98
34 78
10 25
56 34
47 71
72 18
66 29
33 62
59 70
31 41
47 36
88 27
76 29
56 6
58 33
45 31
2 74
34 43
95 86
43 0
3 41
94 76
64 22
79 12
73 44
67 18
50 36
2 46
72 44
90 30
95 58
26 61
59 94
70 44
93 1
52 52
17 29
15 94
20 43
35 98
53 48
55 38
82 61
34 61
74 22
18 23
26 10
76 80
52 82
61 69
33 82
18 96
78 10
23 42
64 4
97 44
7 49
8 54
68 19
21 61
5 94
41 45
89 93
46 1
4 78
68 95
65 93
95 4
49 99
82 63
78 65
10 98
65 99
28 48
58 45
90 86
59 22
20 17
18 16
57 73
90 47
31 43
21 58
63 35
55 77
93 22
44 8
31 80
78 85
46 3
97 84
71 19
28 26
95 85
94 38
15 41
26 33
78 67
46 6
29 62
7 25
44 6
62 29
0 81
3 51
95 29
17 79
84 58
33 49
66 11
80 0
90 78
86 83
59 90
1 71
55 31
7 98
65 52
58 40
7 14
29 0
36 23
10 77
14 81
55 41
95 54
43 3
93 55
78 96
66 69
20 57
52 47
39 88
18 59
85 79
86 24
11 81
12 88
16 95
61 99
52 34
5 75
50 34
76 47
35 18
80 88
62 71
43 67
46 31
87 0
28 6
51 73
50 98
91 25
76 31
37 70
5 2
23 58
36 5
90 12
64 57
83 49
60 42
12 24
92 0
52 3
19 80
41 2
12 20
24 56
87 70
63 85
5 63
72 52
76 84
67 48
13 67
83 35
17 84
16 18
58 55
91 26
47 88
75 22
47 32
84 40
63 59
74 33
81 9
70 76
29 33
71 47
12 19
61 86
87 93
16 36
63 42
3 10
25 6
24 62
7 86
66 21
34 64
7 43
43 13
34 76
12 11
23 22
84 70
25 59
13 31
85 75
13 52
83 82
66 43
19 23
67 54
88 78
29 4
31 61
75 88
64 70
77 45
11 86
66 48
52 40
92 56
27 8
18 47
72 48
50 4
58 80
97 24
39 29
45 26
95 24
78 7
74 51
77 83
22 50
49 74
1 19
62 34
96 38
52 69
2 64
27 59
41 88
62 36
49 81
38 55
95 77
43 75
35 80
39 51
71 27
53 95
7 23
77 93
30 66
15 96
79 24
10 58
6 90
14 60
22 60
49 27
0 14
0 23
13 47
78 19
67 67
3 63
96 74
12 36
75 96
21 69
13 85
47 79
27 23
77 48
61 68
32 29
47 66
76 19
8 94
28 84
29 60
71 83
31 69
48 94
56 76
90 4
69 92
67 42
90 69
41 12
50 43
68 16
31 94
73 29
43 17
95 10
0 71
23 31
37 52
94 65
34 7
28 70
47 33
19 21
14 21
9 4
92 73
38 52
49 9
91 42
66 36
25 96
52 32
56 41
65 30
88 85
1 92
96 62
0 46
79 50
75 79
97 72
83 5
15 61
52 60
52 61
52 23
5 58
40 36
24 83
0 44
59 38
18 91
43 31
89 7
56 66
85 52
54 99
2 15
78 39
25 98
49 53
12 18
50 95
79 43
93 98
50 38
67 15
6 52
9 13
86 41
34 63
90 92
58 60
0 53
35 9
45 94
53 90
97 99
96 35
83 21
94 63
4 22
5 45
76 13
32 8
23 56
92 19
83 14
4 65
22 66
55 43
77 9
94 57
96 79
57 23
9 24
2 55
96 58
56 46
46 64
27 89
74 68
45 48
47 10
30 82
74 15
48 32
98 61
16 32
75 16
52 25
92 20
31 16
58 2
36 11
61 45
95 97
98 78
26 91
49 7
14 33
52 10
39 60
44 15
33 61
11 80
52 42
64 50
8 41
27 42
4 12
68 1
32 35
10 24
40 7
14 51
48 31
62 26
25 84
12 17
80 90
99 17
73 61
83 50
77 68
71 78
29 22
53 6
1 18
33 48
2 10
47 95
26 12
74 97
83 54
6 22
0 77
29 56
47 45
73 1
9 58
51 56
46 68
48 66
66 37
44 61
67 7
6 32
33 40
78 49
90 70
96 96
3 84
34 35
11 36
9 18
49 26
74 25
76 43
26 7
54 95
39 93
75 15
41 58
66 67
81 50
34 41
52 65
68 3
7 80
98 11
49 15
68 54
59 10
14 82
55 19
37 88
20 60
19 19
2 11
73 55
80 43
36 9
4 60
80 18
26 35
34 85
99 9
66 18
0 98
57 60
19 10
3 90
83 31
22 30
13 65
31 44
47 99
24 17
57 49
23 45
38 0
34 97
94 27
38 23
53 89
3 13
59 98
79 23
97 51
72 81
41 33
38 86
86 52
39 50
28 54
70 32
91 31
67 95
20 64
55 55
68 17
12 74
71 51
85 84
23 4
36 80
26 93
10 14
76 85
44 37
59 97
2 83
67 13
28 34
23 48
59 30
68 77
85 80
79 99
79 94
41 95
12 34
34 55
75 34
95 37
83 23
85 4
7 92
29 82
36 47
77 47
65 55
2 1
95 79
16 25
14 69
9 1
72 39
52 72
11 98
42 43
30 80
62 96
43 38
23 30
25 18
34 70
82 59
62 20
90 13
72 19
40 49
39 22
43 35
33 46
62 72
57 92
4 7
9 36
32 15
35 28
41 89
33 16
31 92
75 53
52 35
63 19
40 17
23 34
15 92
0 8
79 44
42 23
17 99
17 57
3 7
30 6
22 74
92 52
78 72
7 70
38 7
44 36
52 22
44 3
10 52
22 94
89 67
26 84
76 21
23 67
98 56
21 6
96 57
22 68
93 93
57 22
37 36
72 82
48 60
15 4
75 8
37 72
76 18
51 61
93 10
81 67
50 70
27 52
99 84
30 68
28 94
97 0
51 38
42 99
32 91
46 27
37 84
19 52
16 6
95 71
28 41
24 98
86 38
37 46
48 40
89 14
39 77
68 58
63 50
59 96
73 96
51 84
52 97
60 3
34 28
53 8
10 29
87 67
84 49
86 93
29 38
67 87
32 99
15 39
1 30
84 30
6 99
49 82
6 88
5 40
92 86
90 59
92 8
14 20
28 4
64 98
70 18
76 98
98 34
32 58
69 26
13 82
80 99
79 63
6 37
23 23
52 0
85 99
11 88
45 99
78 25
38 94
0 33
67 76
9 8
68 32
46 10
8 62
1 4
15 68
82 12
47 51
4 37
68 18
69 81
86 50
64 64
99 72
50 60
13 97
78 74
9 32
66 44
88 91
30 73
52 30
18 39
45 50
46 8
23 79
42 2
67 0
40 80
87 16
87 77
59 33
16 98
91 72
45 54
54 29
82 98
71 25
85 35
38 93
69 31
87 14
23 96
23 13
21 5
48 68
28 81
72 83
22 35
71 74
99 31
80 64
75 23
43 46
95 83
40 46
54 8
72 24
37 99
36 55
30 84
54 21
31 32
47 92
86 65
46 69
92 35
49 85
92 10
58 42
11 27
89 83
96 33
66 94
40 61
29 28
6 35
26 99
36 84
97 56
16 15
32 14
5 3
51 29
33 37
41 20
36 59
74 14
25 85
43 37
50 56
50 85
68 26
36 74
32 84
69 8
18 87
68 71
46 15
97 82
84 74
42 63
79 66
48 23
22 95
88 90
26 52
83 2
94 64
6 63
97 88
78 4
41 36
34 27
51 41
45 93
48 46
97 46
9 23
32 87
17 77
57 43
21 62
71 10
66 27
52 21
14 80
22 32
98 63
46 99
73 95
88 3
59 31
16 70
35 50
59 88
29 84
35 2
45 84
94 45
1 10
14 97
54 78
29 41
2 33
26 11
10 12
78 15
88 55
78 33
36 66
42 49
14 77
7 82
93 72
45 56
16 44
56 88
99 29
72 25
17 6
77 43
56 24
84 89
87 57
97 11
32 9
39 67
50 41
46 22
38 11
17 43
55 16
95 76
54 25
99 86
52 37
24 76
42 5
78 42
30 18
59 93
32 65
54 85
26 31
40 33
36 49
83 73
93 19
25 58
89 62
14 27
62 16
4 28
94 8
80 14
42 55
54 79
5 80
66 99
34 73
72 10
70 59
91 13
5 76
17 95
73 67
69 59
40 23
89 95
97 6
57 10
65 2
26 65
32 97
40 79
13 83
99 62
99 2
56 73
17 89
26 51
18 99
32 52
14 23
55 23
95 33
4 17
91 81
29 77
86 30
2 26
85 92
80 36
69 78
60 52
50 96
24 24
1 43
53 46
13 17
20 50
28 67
63 25
94 78
21 43
50 40
40 78
2 98
39 28
53 73
42 52
80 20
74 58
26 62
23 18
25 74
69 63
91 66
7 52
32 51
91 55
81 43
30 54
27 74
30 26
41 90
27 48
74 50
46 55
15 59
12 60
72 78
89 92
72 14
74 76
23 15
50 67
25 75
53 87
10 73
48 91
74 1
92 88
24 37
28 95
48 64
49 77
62 45
46 24
8 50
48 27
66 79
20 23
53 98
64 5
34 59
11 79
4 84
96 41
88 51
79 64
65 70
25 5
63 84
16 97
91 69
33 69
90 52
40 73
94 48
71 76
42 41
13 35
92 11
72 31
87 12
70 2
35 19
28 24
26 97
82 82
47 53
65 62
43 30
64 78
65 45
80 94
82 24
35 84
26 21
99 40
49 21
16 28
23 97
27 25
71 63
85 68
18 94
62 91
28 79
94 24
38 89
47 28
70 49
28 19
70 65
72 38
0 65
56 26
52 43
60 84
1 72
34 13
53 96
94 9
50 59
26 44
76 69
4 85
8 61
7 76
0 88
12 32
92 55
24 49
41 10
51 68
75 7
99 81
23 69
9 75
72 79
84 56
47 16
43 10
7 99
85 71
63 67
76 99
80 17
66 25
74 61
16 66
90 1
69 54
9 66
36 3
30 3
25 35
68 11
98 32
4 10
34 0
37 64
22 78
70 54
2 61
24 32
23 1
32 61
51 28
94 13
90 25
42 27
99 41
46 16
78 78
55 39
18 66
82 1
40 30
35 39
9 53
18 65
15 49
6 31
87 13
13 12
87 98
70 23
32 55
58 36
24 19
84 32
40 75
61 29
99 68
12 79
79 0
61 2
43 28
46 21
81 60
31 78
52 39
26 24
16 77
97 14
9 92
62 65
51 89
51 14
72 92
85 0
68 85
37 32
83 69
74 66
83 98
96 0
37 2
21 77
23 53
91 96
77 49
68 93
99 24
36 41
51 86
67 65
93 30
29 89
15 43
54 2
52 85
97 45
24 57
19 70
39 6
63 5
29 26
12 71
72 58
68 39
1 80
6 25
40 96
31 82
94 87
2 45
30 35
62 7
88 54
57 63
79 49
24 10
99 73
42 47
31 54
46 56
93 35
67 50
16 88
29 74
30 31
25 83
58 48
32 33
54 72
4 1
79 20
81 92
2 89
81 37
21 44
54 96
9 71
80 92
11 51
37 31
55 1
56 43
83 67
10 60
54 1
29 18
87 73
35 7
80 73
14 9
9 29
45 73
74 63
36 46
86 35
52 80
68 84
79 65
41 97
33 64
15 77
57 31
81 70
78 6
41 29
81 57
81 62
94 29
17 92
60 90
90 23
51 96
71 41
37 87
66 71
39 31
52 9
51 85
73 4
46 43
35 75
55 48
37 33
63 52
4 21
11 11
26 19
55 42
7 29
34 45
55 90
97 48
20 16
80 86
65 47
1 87
71 67
20 2
57 33
9 26
64 35
90 58
93 11
29 27
40 76
37 94
86 89
50 99
85 47
86 51
92 72
33 50
89 29
20 22
84 36
35 17
57 82
13 43
72 86
38 16
59 19
99 0
78 98
56 42
9 37
34 56
77 74
55 68
12 85
83 46
95 1
56 61
4 80
48 42
97 91
60 34
91 70
20 38
29 19
47 0
70 81
3 26
59 48
38 54
50 57
51 67
57 79
59 41
80 55
75 59
