3000
2093 640
1214 1221
3 2843
2944 2819
650 730
1612 2703
1486 2719
1639 735
2611 815
767 1762
2774 2165
339 2733
1885 2931
2143 2700
1445 51
2986 2844
2729 1962
582 108
1425 50
1762 58
1418 1822
190 1838
545 1813
257 398
1996 1973
2643 2763
855 2252
1263 754
1511 44
921 917
752 994
2264 2767
769 2299
1934 2955
1491 1653
1263 2837
1309 1366
2186 1825
1805 375
1719 1094
2634 2416
2130 606
2927 2724
416 1956
2293 219
1491 2109
938 1354
1441 1460
1911 568
1121 641
620 2718
2638 1648
441 541
1522 1555
1666 2601
2835 1395
1774 2036
2335 1799
1018 1769
1536 2784
113 2773
1669 335
2316 655
2448 629
2221 1428
558 821
2430 2015
441 1152
2039 92
101 1248
2810 2109
266 200
1751 2798
2311 1600
532 1665
354 1628
1060 2327
1617 1799
294 1232
2272 2448
1074 1025
2247 1075
456 2112
2557 96
107 1417
2474 2752
1801 947
1922 2946
1223 2201
2941 2423
2484 1410
784 2743
1223 1015
652 173
1083 2179
314 557
30 82
940 1526
1578 1255
2002 1433
2779 2680
2157 2083
746 83
2227 589
2114 340
330 266
2933 2282
1698 2483
2334 368
1800 1312
1251 646
929 535
2815 1587
976 2201
2872 1677
2286 1256
1710 1940
2380 2370
924 1518
246 355
218 1542
2551 814
1230 125
697 2525
1176 1303
1526 2548
574 792
441 210
2815 1304
2324 2399
2609 585
372 1999
2370 1875
566 2812
1869 1385
1616 2961
1187 2957
1172 1926
2393 2706
40 2208
1679 2564
372 1436
1197 1892
2351 2324
2289 631
330 1473
2936 239
637 1576
1032 2259
378 302
1442 1412
1177 2931
2335 1700
291 862
291 1936
1423 434
906 2027
1875 605
2446 2407
2491 687
1930 152
227 2433
1005 1343
2480 1535
1086 14
2075 1728
1115 1991
2159 338
1999 2539
677 2028
88 1113
2905 2049
1921 2629
2539 2205
1535 1076
2822 2898
2282 472
1820 2108
1552 1370
159 208
2200 2665
810 701
2879 223
317 2719
1093 2296
1475 2916
2986 1516
138 233
2091 1140
925 2912
2601 2681
1219 2827
139 1829
2258 1323
501 1054
599 2868
2876 2412
2521 180
123 565
884 740
1550 1822
427 2097
871 2336
2045 2787
1500 310
1794 2301
2020 663
2572 876
705 1083
253 2503
1072 2637
323 1281
2695 2570
2199 255
2442 2231
1811 713
2681 338
1980 1792
2978 418
1919 918
1744 1450
83 1662
2375 2420
1459 1474
192 826
2679 2958
1590 80
2348 1147
907 2243
2840 179
1867 978
868 738
122 602
361 843
2673 1207
2114 2015
2977 2033
622 139
2687 1052
1734 596
1933 1590
2725 2953
1186 141
769 436
1496 750
1480 538
2466 2519
2919 1620
2119 1164
796 1568
1886 1979
1739 122
1907 316
1715 1477
1441 2683
2282 2641
1286 1873
253 2431
937 2105
995 1559
989 1612
2182 1983
49 849
772 1847
2329 2366
921 2190
860 276
199 2546
1083 1319
124 1283
2018 2987
407 2723
2717 2559
2167 2053
1392 1327
2969 2811
2753 783
1303 1037
1822 2170
410 2232
765 407
397 1043
857 2807
1659 209
710 1585
359 1863
1907 2138
95 690
174 1885
832 2699
1590 1866
2488 2098
343 2801
1134 2482
946 245
2424 2401
639 2507
2713 690
2348 990
2227 478
2181 292
2965 788
1345 623
2115 2209
1524 59
2875 1916
2908 983
289 1042
2760 2826
1805 97
2952 2388
564 2713
2240 566
961 1200
704 2572
557 2906
135 2494
1413 964
583 278
1760 1091
1359 639
452 2569
1485 1692
2421 1519
1995 785
110 358
2803 1332
260 2426
525 674
700 421
1878 2865
50 2674
2464 51
244 2476
1415 723
681 300
2999 1080
2277 2845
1124 1659
741 2102
1536 480
1013 751
561 2622
2145 1766
97 467
1774 1193
569 1033
1638 2793
2920 1039
1478 1434
2957 2938
1064 98
821 573
476 1576
543 219
814 962
2921 288
1439 2545
1458 2596
1884 1876
1287 1958
247 293
1270 2407
1282 1999
51 952
1890 2934
1308 54
1756 734
2860 1464
1947 2144
619 2371
2743 26
1526 1072
157 777
2959 592
1296 1608
815 1855
2543 176
1250 478
2566 402
1406 1263
1682 2878
777 2945
1318 1383
1988 481
224 2600
1601 1446
1976 55
1115 2222
2760 2586
2047 2603
2454 2668
2121 2068
667 936
2754 1093
2000 367
1120 1825
1566 1722
123 2840
1312 86
1447 1468
986 906
2390 2677
858 1052
2785 2266
2823 2089
1237 2917
531 1214
2124 1238
2801 659
2380 1906
1596 2659
2597 2136
1712 63
668 2295
2518 1294
141 2778
528 1347
1033 1755
2225 2389
2360 1883
233 764
2120 825
1780 2602
183 1597
1414 264
2165 2838
942 2471
2828 2840
1768 399
7 2279
1855 2796
2274 2970
2257 2238
2663 821
1212 2484
1259 1792
438 2529
246 2933
2679 2571
2210 854
2631 264
2278 2901
1912 1669
95 857
671 2915
727 1456
375 2652
821 2605
2215 575
2722 185
273 2126
2837 2252
1419 1631
2914 57
1051 93
2857 2366
2697 540
1228 1423
1143 2094
2619 2557
2996 2776
2948 991
859 2986
2019 1435
2227 1849
1362 2896
1213 1311
65 2417
2207 2730
1017 1397
629 352
503 2170
345 2164
741 115
2884 95
1706 2848
444 379
934 1495
686 2296
1887 2191
2696 1959
1107 1859
804 1851
783 2307
2732 600
1258 2499
365 2054
828 399
2103 527
1429 42
1819 953
1041 535
2433 1788
1755 652
820 983
2174 1134
609 583
961 1862
2269 1623
710 788
1438 2375
1878 1309
780 1577
1569 1514
1627 312
2316 1362
1701 455
182 2854
1943 2467
1758 2146
2955 359
1900 2036
1951 1423
1006 624
1109 1852
439 2488
1454 199
1523 1702
770 1781
408 1600
510 1310
794 275
2793 807
1989 2868
1095 2230
2122 2437
194 1757
1499 994
1931 1300
9 251
1507 1156
103 731
2221 2768
897 2978
813 2412
2944 2341
733 1785
1861 1675
762 1899
683 975
2940 2086
2041 864
200 2178
512 647
2860 1799
284 214
639 2536
374 1571
2764 2994
2975 1794
213 1707
2555 2309
2298 265
2612 2498
2035 362
147 550
1258 1158
1485 26
1700 1398
2038 2764
2788 491
2592 2848
1131 2842
1897 2696
1982 1369
2924 2919
810 2853
2658 2692
2998 2181
1469 298
625 156
1692 1979
1621 2709
988 867
207 2509
1850 1204
52 1816
715 848
2698 32
2471 735
777 194
1995 922
278 2932
463 2237
2929 704
2013 2362
898 253
921 1885
466 2523
1987 1748
249 2368
1710 2768
2794 1195
2356 1074
2330 2316
837 529
2022 766
891 1397
2130 1077
2798 1430
1944 105
267 108
2618 682
2316 1963
1428 1424
1955 447
2105 2181
1509 2191
2964 2550
934 1042
1334 1996
1598 26
1850 1500
920 544
1575 402
2422 1067
595 94
2445 499
1306 252
2021 1361
498 1878
640 1993
763 532
1538 2090
2024 266
1004 2097
1757 1746
1638 2636
106 1521
1584 221
62 1300
1229 2854
2633 1284
1018 539
1540 2025
1727 911
11 697
836 2850
1209 322
2743 1214
1255 587
299 795
929 1629
2174 623
2506 2152
2104 1651
2150 2879
1802 1686
1781 2561
1885 2352
2115 2962
2676 1598
575 250
2181 664
1853 16
2236 1816
1001 448
241 417
729 1826
634 1467
837 797
1047 1911
36 2351
124 374
1786 2187
1789 763
790 1051
1757 356
2811 1481
2002 1516
1522 1760
1963 2349
1467 415
2267 2174
964 2795
482 2619
2176 458
2767 558
2814 2023
1896 1702
675 1131
2051 2677
1234 1284
2706 321
2952 2206
1547 1570
330 1387
2900 2719
20 1753
1251 2958
911 2712
1536 2936
1251 1285
2869 2554
1909 652
1709 1422
2242 574
1372 965
14 174
1354 1965
1431 2890
1164 1655
2278 666
1941 1276
2168 2312
2073 2833
2690 924
2606 2469
938 176
1974 654
1336 907
1775 1547
1151 205
1080 1446
507 556
2743 1839
1578 1269
2776 2310
516 2437
1188 825
1400 1184
1733 877
1132 617
263 573
388 1528
1964 306
909 2070
781 1910
68 2784
18 267
1831 1536
706 2933
738 1463
1637 1648
263 1471
70 2692
2802 1607
326 2939
544 685
2332 1898
1948 100
1209 2407
2234 561
1642 362
2348 1180
1931 1252
2181 910
2953 362
2369 1972
2104 1455
749 986
2412 2217
1162 1277
2969 2618
299 2890
2749 2295
1196 323
522 445
266 2634
2306 2402
893 2154
2469 2172
1073 2848
2520 2960
14 1369
2291 1916
2627 1446
253 934
275 1723
445 16
522 81
1290 47
403 72
1676 639
2092 1804
2040 1251
74 1315
1182 2314
2299 2674
23 1555
2635 2864
1347 194
1205 2610
83 2390
2029 1398
1937 2319
2481 2630
1624 630
320 2719
1638 51
1112 2132
1949 2747
1719 2693
1627 2700
1642 997
1119 248
1584 2808
2212 2410
1305 1597
1995 1743
406 1918
1587 2802
2951 647
916 927
1393 1211
536 845
2550 1196
1714 2548
2822 510
1022 2935
2061 535
1031 189
1404 1499
1876 2513
42 1381
1005 2477
1165 2148
369 1592
2727 130
855 2686
450 475
2638 1540
2329 2586
2694 1191
2 1265
2941 1668
941 2241
1947 2151
2275 1234
1335 760
1740 2279
295 2413
2200 428
2736 816
2811 1642
2110 1802
1480 825
2063 213
2793 617
255 1978
1365 2369
444 2329
453 1914
2422 2635
830 2832
1608 2230
1127 2252
2052 1012
807 744
787 2081
2731 1330
1548 684
1892 2014
1022 2310
1539 611
1294 1582
2264 1012
714 1226
506 1988
168 1390
827 1843
1275 274
636 1785
2762 1255
2754 1365
452 2490
1699 484
2492 306
521 1599
2514 550
1615 1481
973 788
1638 2456
589 1352
1037 890
265 573
1139 98
1696 1476
131 1654
1966 1449
2731 2955
1458 2469
380 2412
1224 107
1840 2509
1959 2278
182 2897
1047 489
2514 2549
1041 1243
508 88
156 2562
2482 1141
2264 1440
674 2100
1091 1188
2386 1202
945 1416
2824 934
2353 457
1784 2627
444 836
2060 2378
1682 1504
2202 1944
214 1302
2495 979
1000 400
2299 840
7 1572
2283 332
1187 2809
2308 909
514 97
2505 2974
1758 350
2588 1375
1383 1571
1302 1492
2019 2279
828 2434
1008 1164
209 81
110 1674
75 2798
996 1969
550 1020
2982 757
389 1329
2321 821
1734 2529
2417 826
391 450
1555 2765
1745 2381
112 564
369 1265
2851 1995
1855 1162
2965 2266
1688 1381
1281 76
259 2326
2748 1782
352 2553
681 1208
1884 2880
1633 507
1382 53
340 1636
438 3
2205 1497
1119 2369
2503 1483
2520 811
1282 533
382 1955
1693 2937
1685 2425
47 2665
1711 601
333 2388
328 214
1927 1660
1007 1441
2887 2800
297 1826
2472 2636
851 2546
2828 1720
1684 2160
2691 1931
1736 651
2920 2719
1513 2955
1494 1438
2851 842
1871 2296
427 634
2711 1733
976 1942
809 1722
1752 2148
2301 2649
2263 649
2950 2885
89 1865
1300 415
691 1872
1523 140
367 2942
784 2280
399 2398
757 2294
1972 668
2223 2072
2615 1786
236 1777
382 779
912 607
2259 1277
299 861
593 1835
916 1301
2113 1846
693 2276
541 2603
231 2410
2635 1275
197 146
2138 84
2365 2910
1660 1494
82 2650
2764 431
220 2310
2120 524
2140 2539
603 212
2581 1756
2027 626
691 1702
475 2567
687 2841
15 2871
2048 2836
281 1694
1770 2189
287 2637
1956 1602
2992 2712
38 235
1004 417
292 257
2908 125
816 2207
1924 921
1089 2767
806 1003
2126 1709
415 2916
541 810
2236 308
2523 2531
119 1057
2456 1576
1267 2707
450 2407
1928 2128
368 1012
1441 1513
737 2455
1782 1521
519 344
1401 320
240 458
1309 439
2293 216
892 1119
1799 1620
2780 2281
1128 1314
1356 2669
2082 1719
973 633
2050 1593
1192 392
848 445
1905 607
1855 2900
128 24
269 1566
1130 1453
107 1113
134 92
468 211
667 2912
766 2233
100 2582
2335 2815
2864 1180
1478 1207
707 1914
567 2040
690 2840
509 1223
1090 1685
142 2274
1101 2483
241 2736
1825 2572
1853 28
1988 1827
596 932
2198 1051
2139 2721
1527 2112
1608 2647
625 2637
581 1136
80 2673
1571 1387
266 826
2585 2040
1661 1963
2833 1037
2128 645
2101 194
1293 746
2656 785
2178 176
898 610
988 1150
2316 2458
1364 2089
1347 485
1877 491
1653 2616
976 1674
2400 948
130 1126
2263 2933
1992 166
1214 2
1956 1287
74 56
1635 2569
477 2197
1072 642
713 1115
1350 1529
1070 1817
1312 2506
2886 1299
1962 526
2314 506
2250 2679
2393 589
994 624
1111 1724
316 662
1561 1987
1285 2341
504 360
465 270
1721 1059
1162 671
133 870
838 483
1898 773
2095 535
1532 2595
2315 1019
1721 2235
1480 278
2995 886
2468 1515
1676 2723
2418 112
1531 708
2957 2944
829 418
1381 24
2518 1891
1823 1193
1499 447
1717 1370
1603 59
2279 4
388 2477
856 885
1003 2899
1099 2488
890 2281
670 549
673 1744
323 2319
2242 2320
588 965
2098 1603
2743 1001
2052 711
367 2138
613 2532
589 2036
2234 2301
1018 2945
1470 833
1621 490
2520 1190
1655 2032
823 1799
1558 990
1274 1690
2975 1651
318 2151
2173 1200
2368 1831
218 925
354 1603
1413 2468
1475 2885
1632 2097
2640 337
2963 369
533 1259
720 2353
670 472
1951 194
2446 2266
1947 2682
1551 2378
1006 1198
319 1900
1295 522
1063 78
2318 2214
799 1050
1165 980
2017 1466
2545 1309
2995 686
2679 3
2085 1870
518 1420
1855 2758
2671 1169
423 2606
2035 621
2851 1835
551 1145
2421 2310
813 740
2591 340
1955 2302
277 254
1997 2881
1894 290
2669 2349
2401 1786
2919 1156
2794 510
1953 2666
2911 173
232 395
268 1411
1192 2275
1495 1898
2082 2196
1831 1469
930 1343
540 933
2600 2264
2024 1551
2740 1878
1026 2020
205 1650
399 1975
2122 1961
972 160
2527 2680
1388 1240
2442 2407
936 276
2677 672
359 2342
2924 851
2948 1785
2362 82
982 2293
610 2193
675 552
1646 214
1582 1161
48 1044
266 1307
1482 246
2290 2271
2636 1778
2894 52
2702 1031
1409 2213
2725 1605
2803 173
1812 2076
446 2619
2747 1306
2361 2555
2683 1245
835 1872
847 1524
158 1346
1637 1106
28 485
91 72
1372 2276
1854 793
1802 487
582 1245
282 1282
401 177
2860 674
323 1076
1761 2320
1038 555
2433 2439
2953 486
2200 1044
2813 878
2345 5
1177 1126
1933 142
2060 402
2614 611
2601 1873
421 1169
735 780
2654 2923
616 1078
214 579
1921 126
115 2923
728 1593
832 2744
2993 609
748 980
1738 2752
1986 2753
716 2624
723 300
1714 2523
331 1117
1059 8
1725 2060
2138 1020
842 1374
2863 2245
2916 1607
748 1355
2810 462
694 120
2117 2318
1350 1953
1446 1624
2708 702
1124 1563
881 634
1849 1248
2047 450
1903 874
2638 2197
583 41
1327 2573
2658 2108
873 665
2922 1264
2140 207
1258 1450
2275 778
2309 1850
329 1431
489 1640
1718 2233
2803 1705
2373 2970
1831 2825
1677 2480
658 415
2681 1123
2350 2735
2531 908
613 1881
2431 1909
1221 527
2763 2786
162 2571
956 845
596 2001
2075 2213
1047 853
1265 749
2946 2683
512 1200
2817 2399
756 2807
1523 1767
1006 92
421 448
39 467
2684 2629
800 2989
1848 2466
1106 1848
2219 2163
1133 1846
288 283
1827 2735
2847 851
135 2288
2791 505
644 531
1950 1399
559 1532
141 133
1149 48
2952 2288
1507 434
2344 2208
2748 1458
647 431
185 2670
672 658
1156 167
255 2888
91 2019
1531 1457
1775 1236
325 42
1125 1005
700 212
1232 126
1545 2780
2007 1517
433 2887
2850 655
1192 804
2345 900
583 827
2647 68
769 496
2092 2877
732 904
2933 638
2446 1374
1806 1520
696 2186
2946 1407
844 1470
2967 2021
1313 1321
1860 1018
2349 2196
1280 2730
2860 1315
2178 2256
734 1510
2167 344
2391 1767
2140 2363
765 1256
1205 1364
822 877
2679 2650
2861 1109
1633 1532
994 217
2858 1956
1268 1490
695 2518
1109 1096
2495 653
510 452
1888 1906
2778 533
2667 611
2777 2048
2322 739
153 1205
1541 1695
2365 1642
600 58
2692 1500
1570 883
2769 350
2711 1921
205 1862
874 2363
2364 861
2286 1290
1747 2202
256 315
1053 2121
229 2110
2515 2251
155 2983
2209 2595
2204 1399
637 1782
2057 1737
1992 2001
1281 875
8 1123
343 562
2971 2238
1936 1726
1995 306
239 953
1628 2117
1327 261
117 858
2914 1389
1212 831
2307 496
2110 294
645 1506
962 1536
577 1316
872 2410
1526 1706
2451 1352
1823 1323
1648 992
1628 627
2766 2205
1913 8
1829 168
1067 2874
2536 1829
722 1825
1934 929
1974 2703
818 2923
2935 1805
2159 1320
2505 2644
1874 2389
532 10
1628 1607
2138 2707
2962 472
2122 566
2588 1420
463 1276
1008 404
1815 540
93 1913
1640 859
297 695
819 1542
2537 731
2913 564
282 2084
1561 262
1276 2820
126 998
2045 776
1989 1156
158 2081
727 183
1784 618
1847 517
2189 2734
1300 1358
1398 277
1642 2727
1417 1640
512 2642
96 1457
2 1717
2828 2974
2302 1826
1450 2582
596 2996
861 1598
961 1274
1033 1986
1146 2506
2741 1419
1949 106
2008 2290
479 2475
2877 772
2771 1834
2770 589
219 2255
39 1439
798 2682
82 1616
2806 1247
2698 1525
2754 2750
522 132
1976 1855
1969 2210
587 1521
2270 1134
219 883
813 218
1423 2382
1741 2642
325 1056
2344 1754
126 2263
824 1303
2561 1861
636 2053
735 1849
2793 2987
1370 1902
173 1123
2499 326
2767 685
1998 2762
1648 2556
1737 2095
768 1254
1004 2682
672 2000
756 1795
125 1528
2703 1905
741 1004
1498 480
1641 2473
2984 2911
1199 1592
1168 1147
2514 1008
2027 501
2974 133
2385 179
237 359
163 2177
812 1656
1857 634
2576 1417
1699 2838
1628 2980
475 1666
873 2053
1021 1017
2481 1863
1808 1911
2699 243
482 2463
2909 1057
701 695
861 1592
447 2389
847 2820
2664 2191
1216 1168
1194 1815
1203 1600
16 1685
1964 225
33 992
554 138
407 2092
1094 1721
2346 1051
1051 710
1962 478
1437 224
144 1595
619 397
182 309
1447 2340
2750 272
252 485
1090 2301
1474 696
2587 44
2043 1391
2218 2969
2059 824
1073 2944
97 591
16 72
1148 548
2492 1430
2855 2580
1987 2660
597 2055
1615 42
2386 232
2601 865
1474 1253
1129 223
2162 774
2337 2483
743 1269
1353 1317
594 1302
2852 2051
1436 270
2488 646
2530 1473
523 1425
1764 2125
1740 2539
2452 1119
488 625
1079 1827
336 1443
2438 303
1604 922
1051 1879
1978 708
1359 1539
1 2606
6 1372
195 2512
2036 1755
1752 743
373 2143
758 1978
1051 866
1188 2486
1735 2212
2544 1514
637 165
2663 1546
2196 2843
239 2264
2164 2714
1417 2702
2413 1202
2986 335
1645 220
2221 1048
2044 1054
406 294
2890 2257
1939 2949
1617 733
902 2022
1729 2016
1398 42
2058 2112
172 2642
2703 1772
1804 544
496 2997
244 2407
993 179
2363 333
2699 1960
19 1094
1934 1944
2061 483
2877 2559
1396 1097
1721 172
2799 1793
477 177
912 2869
681 2284
2622 1364
541 2489
354 2088
1074 2941
1044 412
1331 1611
1889 608
1413 348
1451 1491
2474 2615
413 1262
2835 2792
1408 1907
2763 2399
2092 384
2533 882
940 1420
465 1883
1822 971
2145 505
2243 1327
2598 841
2077 1212
1678 2498
166 1395
2537 494
2186 1169
1183 413
1663 2074
2459 1783
2710 2410
1487 2054
2568 1491
123 295
1711 1052
1665 1035
2016 1939
787 1832
270 1647
1802 370
670 1518
651 2427
324 1483
1566 1653
2220 2326
2125 294
1260 2493
279 2778
2533 1832
2985 203
670 693
1334 619
646 2710
371 71
2490 2282
2209 2645
2892 487
1821 982
2949 2150
2900 1458
1029 2082
347 2398
1482 803
2122 2820
1026 2246
1380 666
1768 2874
1190 1672
2303 2225
2757 173
624 2104
521 703
2457 1003
1347 1515
1028 258
409 2965
1306 2304
2636 1395
2720 2766
714 1385
2205 1787
1534 2245
1884 626
1326 2218
2682 2603
140 829
272 1911
1620 395
754 2171
663 319
661 1045
793 1878
1354 1458
2020 1270
2803 2041
1096 468
1484 1265
1706 104
731 932
256 1137
944 1482
2280 1586
1399 2904
2015 1099
1525 1789
2924 42
1809 2708
447 581
2971 659
2262 2027
2322 1541
2122 2616
1939 1600
1196 1217
2331 171
678 590
52 2273
2594 1981
486 250
1314 2410
1451 2438
1886 2317
2833 1073
582 808
1385 1533
866 93
1280 627
604 2344
2626 904
1221 364
269 1698
988 1864
473 1597
1773 1125
1629 2309
1508 1654
1246 1284
1128 218
313 1863
1854 1309
877 195
7 67
464 2342
1916 775
1222 642
2767 298
229 2152
2300 2519
354 542
2195 41
1289 2175
688 131
1008 2623
1762 975
1226 663
2757 600
2487 1225
1067 531
2729 550
2948 1468
1340 2456
436 1888
701 457
642 1322
2774 965
1537 1573
109 1082
610 1542
220 1295
614 357
1761 1266
630 2906
545 2825
2948 624
1967 1427
584 2838
559 2726
1068 1198
2009 1310
571 2905
333 2635
707 797
2276 343
1885 485
68 862
2818 2520
291 2038
41 1669
1095 1661
82 196
1197 376
863 481
420 2370
1712 827
566 159
923 772
2404 428
2344 2402
2043 503
1316 2572
1422 1570
473 2570
1446 2320
186 2216
2819 771
1824 1743
931 733
1189 2903
755 808
692 2718
605 2705
2076 1585
969 931
2258 1972
2908 235
2426 906
1829 1
132 887
1197 2650
378 1366
1533 2238
2747 2103
197 2738
1893 2424
2571 2022
2356 574
995 2641
2423 972
1522 1071
859 1266
1453 428
2764 1470
666 93
2632 1706
1321 1444
656 976
1382 119
189 475
1607 1350
1191 648
261 2223
970 2468
2813 2296
2279 214
2715 2370
2718 2795
195 2162
149 2172
1325 399
2267 2615
751 1354
2196 1949
2885 474
183 1887
592 1492
1010 2583
1361 2598
2116 2100
2686 1649
2935 2041
638 481
298 2300
1287 861
1304 76
1932 732
613 2818
1085 1897
412 1714
1093 535
934 1596
2499 1319
1282 2984
1222 823
794 1833
198 2564
67 2908
2959 597
2419 983
2600 751
1158 2573
2115 1325
2841 617
529 505
203 2165
2771 2633
79 2617
2341 2421
936 897
2233 2861
2256 1054
1665 167
2113 1271
2959 1775
2148 2309
1356 2858
2569 2865
764 2117
1822 2470
187 2661
1953 2403
663 1532
786 2871
296 1820
2856 1276
1139 554
517 464
1828 735
69 910
368 769
284 1533
751 1289
2418 2938
655 1369
838 139
2106 1636
2171 733
1798 1807
120 2138
2796 307
459 1134
2188 1196
397 263
2777 1001
1260 2151
1013 1971
1972 1290
524 1590
2578 1276
692 1692
1830 2204
225 961
2413 341
629 184
2337 2902
764 1097
2823 1197
1701 547
2534 2921
2637 94
1094 2854
2068 2626
2574 1114
209 575
1982 788
2575 2643
363 2401
24 703
1208 2260
2010 22
993 1349
963 2863
285 2565
220 2925
2714 2569
2430 1080
1929 2204
1090 1235
2600 1412
1211 2698
1987 700
1137 1848
521 1452
1082 271
2421 143
2903 221
1751 2403
2944 2507
2695 2517
2835 1441
19 322
2663 346
1281 2513
2495 2954
106 299
1715 542
346 253
1884 1066
2553 2050
2933 1653
2044 2166
585 2864
2000 2719
1347 2056
1617 699
2541 1449
2915 734
1618 661
194 855
248 302
2790 1924
1804 2871
1351 100
708 1799
929 2724
1921 933
1624 258
195 1055
1909 1946
916 257
1195 2975
2605 972
2815 2552
49 2398
2535 2466
1352 2482
2707 573
28 116
1423 2049
2209 1812
2668 2299
807 1326
600 937
2012 1157
1218 1053
1692 634
2782 990
2027 2902
161 577
846 1476
2626 1484
1056 1594
2927 1625
2549 1432
862 1228
1862 1375
348 2893
2550 2096
2028 309
2258 923
1196 1020
2933 2867
798 1825
219 1744
539 2843
2056 1115
2209 529
324 2299
2898 1407
641 2727
1575 43
1646 449
2224 889
1114 1181
407 1669
570 878
303 2428
2324 2441
390 555
1444 2649
1297 1542
2333 732
1705 377
2499 1241
421 2210
369 2112
1511 1825
429 164
580 494
888 1522
555 1057
1716 2748
523 2229
2928 1003
1306 1083
1493 2876
2439 413
1903 271
718 1436
983 1238
1371 761
1187 728
1601 2312
2103 1425
2687 1749
2103 2682
1608 496
1435 485
1175 1371
1509 1662
2845 2106
398 323
2376 1414
1174 499
1504 2974
2039 1391
1250 1965
613 2317
741 2704
802 1186
1377 1161
934 1087
2276 184
433 2149
925 820
2824 1137
869 2898
2295 2185
2020 2594
1355 2701
2759 2646
2450 1241
1783 761
1846 1291
1337 762
583 1643
807 742
1161 441
1746 584
2515 1397
964 2136
916 2712
1424 323
2703 1734
2312 673
230 2848
1906 1344
2043 1707
2539 376
523 911
1773 264
864 2772
267 803
1618 1061
913 2063
520 296
2886 117
934 949
2546 1092
898 277
1767 1054
76 2670
1915 983
1730 2369
1258 1737
516 31
1951 2659
1721 1655
510 446
1767 1986
288 251
2503 2352
1076 2977
2144 1866
2934 2338
1103 960
464 351
1906 2815
684 307
1495 76
1574 1929
2366 514
1928 1031
1654 2844
1927 2272
2443 1200
839 1233
372 1704
1361 1083
2140 1602
2212 2990
2551 85
2020 475
2420 2562
2488 588
58 2926
2893 19
2527 2883
61 1718
2738 2250
851 422
1083 1995
2525 174
1889 1766
1086 640
1885 1909
1123 96
242 2203
2364 1462
1389 194
2552 2535
1070 2821
489 1953
2439 901
1117 1351
239 891
509 2937
2369 2521
1815 2490
1484 1966
2433 1846
1196 2772
693 1980
2527 2512
923 647
1927 213
2330 2709
2568 1929
1022 834
1363 1355
2232 2031
1597 2635
1753 1320
2912 2182
1707 296
2676 450
1130 1468
665 2493
1321 2041
1790 1918
2192 1640
2094 2968
608 200
2051 2474
2422 2866
1286 1727
2859 2302
2344 2130
530 1421
2997 1353
2722 2942
1221 233
336 2172
2403 2296
1830 2621
2597 1568
1919 2962
1447 262
2783 2082
1442 2400
177 1280
2172 1368
1961 1333
2682 673
2744 2116
1730 1535
2163 656
2347 2716
502 1094
2176 1478
1957 1604
518 1414
412 371
1166 1649
941 31
186 804
1622 408
417 2419
1832 2296
406 1826
2559 1502
1800 1482
918 1025
1659 152
882 2945
1686 1875
1895 978
2823 1794
2440 2383
482 1361
1361 2736
1027 2601
2451 1774
2015 1422
2425 1602
400 2478
2935 2305
1697 2787
1759 2190
2947 998
529 1605
1405 942
2314 1683
2302 1252
1940 1369
957 2957
2590 2777
1538 272
1691 945
1733 1032
2088 2672
196 2385
783 1295
1577 2357
1223 2093
279 2389
2000 1984
2453 797
2188 298
2580 1127
252 2856
422 291
1290 2154
2021 2781
956 2423
1873 2054
1830 2863
1299 2523
421 1852
1690 1623
2254 2126
2312 1655
2883 2439
1840 2227
2857 1274
2925 279
2994 92
2535 722
258 825
1601 1261
875 812
2153 2006
2812 1589
1321 1328
1276 74
1519 1797
554 2953
2411 831
2120 1317
1329 2686
1576 1974
159 2229
1538 535
218 1816
2519 2450
704 2578
181 419
1238 2882
1934 1521
2705 2794
613 464
2657 2883
1301 2956
778 2500
1400 222
1096 2870
1376 53
405 2358
2806 2719
1983 609
1358 2241
595 1651
2079 58
1425 172
266 438
2345 535
2042 777
1057 2456
2944 2077
270 1181
753 539
1708 1197
2963 1877
1824 1813
197 1339
1204 2928
336 2744
397 2924
2547 2030
446 2517
1575 1282
430 44
2542 1076
2317 2265
1795 2890
779 2979
2429 2077
2508 1674
415 2523
2502 1259
54 1270
1416 11
2717 1712
1380 17
2914 1066
1172 2283
1655 1699
609 2883
1425 1882
2494 51
35 711
1113 2412
2724 1832
1383 2846
1791 1549
2835 634
1841 899
1649 2916
860 1308
78 1640
602 2207
666 797
1979 115
1830 2663
1328 2842
2026 1732
2499 1901
223 1229
321 2505
2046 1976
1040 553
1633 1101
2892 2000
2188 128
2296 591
119 1404
2555 1229
2137 1599
2229 575
2841 602
1254 2603
1109 1468
2372 2406
2664 1402
895 271
1252 2332
916 1918
483 1482
755 2592
391 1493
843 946
237 1178
1724 1376
2282 1836
2222 385
52 2155
139 1605
1833 884
2639 1309
1115 1943
1753 2938
83 1308
1000 779
731 2264
2520 1333
1560 2072
832 2231
1228 2842
499 337
1437 1007
1163 2384
2857 1794
1429 547
417 1884
5 767
2774 701
765 2520
2146 843
552 126
832 2380
26 367
1211 828
1231 304
12 2702
1439 1356
1925 617
2437 1491
1340 664
322 5
2621 579
841 2283
2050 1535
176 2077
1619 2528
2858 2852
2843 2381
316 2457
580 2945
2992 416
262 870
2900 2206
1306 1425
646 739
2591 980
1346 2367
789 939
2288 2898
701 1645
279 1903
852 2414
956 169
1522 2363
1091 476
511 163
2717 1112
637 1639
2403 1463
1574 912
2346 225
2503 2088
303 1975
981 2136
1668 876
2681 704
1457 960
1532 1486
600 1121
1530 736
1297 2731
1711 1718
2673 1874
636 935
2858 1076
1450 591
438 374
639 426
1197 1582
2193 1813
867 1737
1005 1868
492 1700
551 1367
2868 880
1126 2661
1663 295
2153 1645
1338 702
2971 2283
1207 2106
1729 2386
1915 1813
288 1056
622 702
2032 2395
406 2546
1014 1114
2964 860
527 644
1668 343
887 1680
1115 703
1807 1733
1835 203
2938 1748
405 488
596 1127
880 440
1856 2394
312 2776
2656 1485
2754 2011
689 1915
1705 984
496 2977
629 2112
1881 239
996 2221
2194 2282
2718 2843
2225 800
1628 1563
1488 1112
2867 2700
375 969
1375 1853
2073 2329
1315 2519
1799 580
2658 1937
201 2995
2217 2963
52 2148
819 1420
2390 1233
771 2719
2291 965
1856 1401
2456 829
2588 1326
321 2393
2152 2370
1359 2418
1371 1572
2435 501
1887 1995
344 1311
2693 1290
1642 2529
1027 716
1970 1573
181 58
2255 2128
1684 504
1135 1139
1125 2766
1679 895
39 47
927 94
716 1401
2108 377
2755 2083
2126 2392
2768 211
204 2696
2421 801
279 704
2367 932
496 1211
202 2965
391 1604
2247 579
323 854
560 2354
1974 2586
542 299
410 1271
881 2542
337 2732
2471 2467
1161 1665
2247 237
856 2746
104 875
2695 1462
355 2565
2000 469
493 2648
1654 1701
2118 2403
2911 1780
1084 326
637 192
214 1572
910 1176
2155 314
482 813
2650 2976
727 1382
920 750
123 100
1827 2622
454 2552
2426 1929
2165 776
283 1215
715 249
1215 2552
1753 2115
379 2364
1015 422
2402 2334
2007 1356
2337 918
542 1972
2619 2979
1948 209
1291 1687
594 930
79 207
1915 1037
2124 673
213 330
1285 521
2969 29
2281 182
1232 1895
2597 2330
591 787
1028 2598
2721 2546
2441 366
542 2684
2179 430
997 395
2096 1952
2942 2005
2874 417
1759 2464
649 298
1795 603
768 797
76 2638
1679 933
2925 1673
2895 1657
2137 593
1303 1428
609 641
2723 1785
806 2654
2766 212
1957 2338
501 2525
1632 986
563 2444
2547 2603
555 2655
1149 866
1835 2209
1351 250
1422 2646
1164 2649
1004 1638
288 1187
1585 140
1343 1222
856 1800
2836 2014
345 827
1247 2265
185 2191
1457 623
1604 1148
963 1426
271 1955
2414 435
433 181
2199 1863
2786 2743
1449 2618
2921 2824
1775 982
57 642
2983 1095
525 1669
1436 323
2953 1233
593 861
1961 642
2629 805
2000 1519
751 784
2622 2786
2449 2874
2584 219
2667 2720
2908 1196
163 2815
1542 2366
570 265
1825 5
2131 2531
499 2696
2851 1014
33 1648
1132 2650
2803 19
1753 2491
2599 52
56 1155
2118 2490
1143 706
1399 2057
223 2490
80 538
2726 2765
541 799
1954 685
870 2449
1656 579
2799 1412
1923 1723
1101 1482
2985 1934
1882 1730
2695 688
1397 989
2142 2942
1336 87
773 2945
300 2469
56 1907
1232 1387
1658 2982
1227 2854
1296 1644
249 2569
2876 2376
934 1782
1477 1227
544 1827
2675 736
2934 1955
154 202
2810 2500
449 1842
2538 759
1493 1306
1098 2006
2599 2281
206 2375
2117 474
2973 991
1073 2284
242 2582
2372 83
556 2069
897 104
2069 2106
29 1088
1194 813
558 2519
1734 2106
1396 1259
1178 1370
37 2224
1818 32
1742 2722
700 73
1774 1215
90 871
2314 1110
350 2171
2034 1532
1549 2735
218 679
2277 2714
1898 975
532 2161
1699 735
1781 155
1167 2248
2523 1755
497 1984
1946 632
876 2855
1960 1751
2066 2160
829 1983
759 676
215 852
539 734
1267 1949
122 2034
274 2909
717 1344
848 1604
1790 1216
1754 250
157 535
1482 2527
2831 131
75 1823
2738 1205
1156 1647
2089 1535
1074 483
1745 2045
1232 330
1465 2374
1167 743
22 1017
1735 593
2209 2317
415 1192
522 768
131 1263
919 2555
2140 981
1402 1658
1043 96
2651 653
