3000
375 461
224 470
242 433
317 48
68 235
369 382
328 97
208 334
27 107
314 423
306 40
139 104
87 155
3 229
279 194
318 111
90 464
408 363
126 336
143 425
478 153
446 137
452 129
106 249
85 120
308 307
281 90
57 313
185 408
135 331
342 490
320 279
477 98
116 355
229 296
432 468
349 235
70 230
408 396
15 460
27 202
470 411
222 460
14 360
296 135
327 328
328 493
459 179
103 287
179 413
1 308
192 117
343 348
148 244
139 435
2 492
90 380
357 436
293 428
466 75
315 378
174 387
364 200
281 492
248 72
5 121
85 390
146 57
134 99
220 459
494 1
239 95
134 234
343 288
133 127
486 312
371 223
88 297
175 413
64 168
372 177
253 116
171 172
238 11
267 288
309 491
223 344
431 27
465 179
458 241
400 113
453 142
276 180
187 448
340 441
37 273
227 44
23 487
441 415
136 4
315 497
402 95
18 221
346 472
398 322
360 480
116 282
435 265
181 480
367 206
212 40
392 152
241 22
107 37
400 433
0 224
421 272
412 477
214 483
40 37
118 338
482 304
93 325
358 244
10 280
15 255
349 140
178 4
383 303
461 484
181 65
245 362
264 302
297 42
17 216
170 344
118 476
200 124
141 359
177 406
484 17
241 87
81 325
131 159
75 163
432 194
53 301
433 244
461 127
394 56
212 99
492 198
390 145
84 487
463 348
486 367
41 170
302 161
210 495
243 128
136 44
71 363
288 406
476 404
26 444
327 403
490 329
129 272
229 258
192 292
404 100
265 357
452 333
45 162
76 187
212 94
416 195
398 330
290 470
37 443
236 95
21 401
211 346
49 6
66 463
311 415
96 305
337 449
382 184
24 31
253 123
323 245
140 355
198 296
330 172
380 33
156 72
86 425
377 320
217 348
337 118
144 274
94 381
36 198
3 28
306 50
207 314
345 106
134 143
174 180
57 115
16 185
250 421
251 196
365 492
204 85
259 439
135 443
361 221
199 45
165 325
439 116
65 97
240 63
176 40
464 266
443 404
121 339
10 448
329 465
19 476
331 267
258 346
205 168
481 46
87 214
115 1
224 419
304 459
6 456
380 341
361 327
84 147
253 472
143 497
95 285
385 478
90 430
173 265
146 371
246 341
436 463
204 353
301 228
184 127
63 131
392 189
69 192
226 483
46 372
211 321
456 498
86 270
416 328
267 170
185 251
370 479
348 212
221 294
69 76
188 476
300 388
143 97
457 215
303 325
248 12
296 163
315 414
52 299
23 51
214 410
250 152
5 344
63 221
306 364
37 112
135 263
234 276
353 62
167 337
165 427
424 474
409 310
300 22
269 457
237 87
35 304
219 356
376 410
462 18
106 269
316 490
46 217
346 392
174 195
72 232
191 355
268 198
155 382
93 282
445 360
492 143
285 361
332 29
236 114
233 243
111 281
24 45
303 115
480 60
480 1
391 176
8 292
23 73
452 38
56 187
311 479
72 205
259 221
342 438
132 53
388 289
318 307
179 352
170 31
338 127
343 442
273 6
318 377
257 127
6 131
295 252
156 324
475 67
470 464
334 409
336 262
276 315
18 165
82 467
13 149
45 165
40 131
493 426
53 165
236 267
311 481
358 240
386 378
143 102
270 330
216 282
111 386
68 186
78 432
306 268
331 110
410 214
272 63
450 417
243 441
457 23
291 159
34 474
359 277
271 473
199 58
261 314
137 389
330 103
319 263
363 483
293 221
100 312
47 159
448 109
101 46
54 40
290 96
447 192
57 6
418 408
153 435
396 309
8 393
215 58
316 93
253 1
107 194
146 462
159 440
481 239
255 102
415 151
62 163
16 472
486 154
128 106
68 98
418 18
180 208
387 89
118 404
403 307
282 258
282 132
8 498
348 153
238 448
188 31
36 340
117 383
323 396
20 233
291 156
378 189
375 467
215 468
297 455
439 237
427 418
386 419
462 248
249 137
474 394
39 450
403 70
155 308
431 119
73 188
310 276
161 54
52 223
364 415
159 70
67 381
229 466
183 112
221 363
442 485
11 252
17 74
371 268
367 282
74 495
392 331
272 298
432 277
1 313
222 382
372 465
348 290
484 177
320 437
484 297
382 163
294 173
218 311
490 381
495 53
175 214
289 424
255 158
8 71
242 413
322 23
60 12
0 109
210 440
157 177
83 18
138 119
44 146
261 181
264 99
216 373
198 327
221 286
456 117
334 107
457 279
333 111
121 465
11 215
194 497
252 445
303 341
269 398
361 252
192 407
83 495
421 350
121 225
204 351
179 431
78 339
96 465
309 91
487 115
6 460
82 3
444 110
213 51
453 177
127 492
87 217
145 51
206 382
284 210
289 341
199 75
431 347
252 458
380 430
186 129
453 457
289 49
215 339
68 117
284 354
213 480
80 338
1 54
264 276
228 169
165 122
328 46
150 55
15 65
187 460
83 487
436 441
490 261
261 330
237 478
373 332
24 41
104 288
255 460
266 97
268 307
150 134
156 494
404 95
334 142
206 306
140 388
160 279
249 429
456 333
407 282
137 436
335 170
461 284
349 354
300 335
187 79
118 185
322 354
440 258
250 376
387 88
260 133
477 165
204 396
463 283
143 349
230 456
242 321
258 225
23 294
7 254
167 343
82 342
111 67
220 345
190 451
199 241
219 9
390 322
20 409
328 422
286 306
356 1
15 96
447 227
15 282
294 443
439 358
127 300
130 186
200 125
289 168
252 410
301 366
446 207
386 370
294 66
250 357
483 35
209 136
214 134
237 115
11 145
374 157
254 239
449 301
414 138
358 33
298 166
40 318
50 127
94 199
26 390
467 456
148 216
185 388
372 466
320 481
258 482
495 321
433 54
319 78
189 202
317 133
307 181
326 267
123 337
390 464
432 241
222 269
14 301
269 39
432 359
399 78
430 135
476 303
95 428
463 405
218 472
162 14
440 229
222 497
477 372
63 299
280 272
38 287
466 183
63 69
270 228
293 9
4 94
65 290
159 198
282 18
457 490
311 1
339 74
71 119
360 303
490 211
235 295
119 144
17 231
456 240
215 467
82 95
475 74
107 278
137 318
106 487
436 391
87 274
270 249
357 272
278 166
497 58
439 357
51 306
397 182
350 304
379 350
87 78
469 448
170 65
384 360
96 478
219 80
468 447
420 362
439 257
62 23
148 147
170 240
131 302
188 354
386 94
479 461
118 458
128 187
337 488
167 117
4 396
26 398
246 22
491 51
144 463
458 237
82 247
330 469
142 290
203 361
394 5
82 66
138 18
244 470
253 300
126 392
263 368
113 69
225 191
445 129
154 420
325 491
380 164
422 173
453 352
88 209
454 426
121 124
283 86
472 465
387 294
208 237
209 318
457 4
433 467
332 411
102 154
370 470
70 367
420 107
213 189
401 122
210 336
348 243
454 498
119 42
426 76
82 232
255 332
162 58
60 68
452 459
384 355
132 292
416 248
279 413
423 370
246 484
402 28
52 445
95 197
170 497
229 230
100 152
108 176
357 328
378 451
207 110
170 124
271 204
321 16
115 340
390 85
412 425
434 314
121 384
61 306
480 18
21 2
14 373
367 481
411 228
74 233
248 309
459 296
293 213
232 301
408 153
441 435
487 288
133 403
113 95
188 306
454 0
320 160
16 349
461 466
347 197
212 81
24 268
2 55
416 303
373 178
439 281
175 253
372 426
291 491
368 375
409 160
365 263
57 242
199 224
373 202
130 450
448 329
446 140
354 47
208 359
328 143
128 409
394 288
227 182
266 262
433 89
187 220
344 66
444 15
76 2
103 281
391 240
20 187
179 23
230 233
219 408
83 489
353 108
86 35
33 181
36 426
317 382
185 162
303 371
483 222
346 439
26 316
402 328
133 45
330 380
216 49
251 140
8 66
332 442
347 230
380 198
278 299
304 61
430 66
330 376
368 242
131 293
415 468
96 24
149 397
98 409
188 389
18 195
131 110
470 465
146 178
488 276
130 141
25 383
304 397
492 29
158 134
294 383
433 455
62 99
142 494
102 365
16 258
110 5
460 359
108 123
486 129
356 497
283 338
432 30
453 200
445 349
380 489
334 90
196 394
74 372
306 309
117 370
471 265
150 265
200 229
466 88
315 63
187 367
23 130
243 265
275 95
322 338
468 149
344 308
185 229
234 287
222 206
46 41
238 110
400 114
328 190
259 54
56 468
41 279
277 423
475 141
328 358
224 245
217 388
331 180
166 495
386 179
161 205
88 403
468 54
221 400
416 46
230 374
477 233
147 469
379 353
151 203
387 24
147 67
321 359
238 292
371 344
231 352
277 29
359 261
238 400
17 445
360 222
18 39
418 316
24 247
140 270
91 255
168 116
438 297
16 83
357 60
42 195
339 483
225 471
352 143
214 343
440 405
387 345
378 330
175 395
154 392
336 264
204 319
466 286
475 107
467 39
104 29
432 90
344 407
383 423
28 472
407 396
382 365
419 295
98 100
445 261
21 476
49 176
166 61
163 125
379 28
423 183
297 290
464 389
250 397
258 35
274 364
265 205
195 4
315 335
40 158
200 337
234 175
117 144
168 285
425 224
156 138
123 248
482 469
218 6
185 14
38 18
228 388
345 296
132 91
311 354
323 112
149 380
430 97
487 259
190 3
240 104
138 36
288 472
392 165
49 143
116 196
117 183
193 390
383 57
77 324
106 383
115 156
67 115
57 64
357 392
492 383
124 488
323 118
46 378
421 139
236 169
8 0
387 12
139 101
76 295
495 121
452 23
462 436
329 141
461 363
443 475
308 398
114 393
238 431
326 46
271 467
344 484
492 492
228 312
322 471
22 171
58 228
92 3
395 292
191 474
263 35
38 434
330 226
154 115
26 103
324 368
468 225
376 435
64 10
56 234
342 43
451 13
48 328
420 178
157 492
218 287
104 116
190 399
172 31
110 87
183 338
93 125
21 123
53 418
1 273
138 133
229 233
13 111
185 436
479 265
304 498
19 106
396 21
439 496
69 337
398 176
371 404
231 478
478 428
376 146
402 10
332 334
464 140
6 187
100 311
478 493
43 386
229 208
482 221
308 49
155 126
469 58
265 273
31 360
39 107
422 202
192 309
121 273
179 478
370 44
454 345
280 357
70 477
173 278
16 427
342 47
411 30
216 462
94 418
470 425
407 174
89 91
495 66
150 457
410 231
273 291
226 141
497 440
60 77
245 240
239 197
28 429
363 92
63 94
329 144
237 266
471 427
488 433
219 139
313 201
492 352
228 389
289 454
248 218
249 392
71 453
401 333
31 372
418 374
196 481
247 265
183 342
24 116
348 181
23 172
249 408
182 255
314 430
28 315
111 232
441 169
379 371
382 305
307 13
488 14
333 420
405 388
21 103
79 317
151 298
50 139
371 234
334 267
386 466
373 276
160 63
108 334
461 463
38 492
165 62
3 63
79 497
372 421
64 242
262 351
90 211
332 489
153 169
250 209
34 396
447 97
486 166
430 38
174 397
64 301
289 476
263 438
78 80
180 447
486 382
211 257
399 46
376 166
36 406
200 334
343 179
219 406
174 374
341 475
81 279
405 282
358 313
8 436
467 429
407 398
119 385
231 221
257 110
398 200
448 450
193 326
1 180
439 422
236 380
494 154
34 453
303 139
141 155
53 174
22 479
380 468
475 423
494 365
187 155
337 43
102 70
491 345
433 392
4 220
148 161
430 263
354 382
83 494
262 339
235 170
290 176
62 476
28 453
68 273
276 375
153 363
387 65
452 483
33 201
458 348
220 2
342 431
485 430
316 352
304 364
302 389
419 280
424 211
418 61
366 413
445 444
17 56
476 431
108 352
461 474
37 327
46 243
350 420
227 367
161 90
314 235
477 452
72 112
499 301
362 32
101 337
429 38
218 93
95 0
353 420
143 100
30 195
254 90
363 218
393 222
380 228
185 411
265 384
131 209
322 315
436 307
327 339
41 482
255 389
25 19
192 476
136 358
13 169
319 234
252 457
90 283
337 164
456 413
471 320
406 495
78 395
15 497
189 204
459 132
237 370
305 432
450 25
365 394
419 247
445 30
298 216
279 319
441 244
452 221
102 28
26 45
404 182
497 129
441 86
12 276
157 275
97 478
108 59
414 28
377 435
461 269
476 121
329 351
417 136
247 448
256 441
31 177
383 378
196 171
56 269
288 376
186 442
479 373
334 42
154 107
41 299
186 192
326 259
358 246
469 66
406 378
494 167
454 120
280 377
306 240
158 366
37 222
251 446
229 37
16 323
92 465
304 90
466 473
303 398
112 11
300 102
151 188
57 204
187 34
407 61
109 483
152 284
459 21
429 205
309 162
113 273
220 353
444 219
28 62
234 485
229 451
100 431
124 311
303 345
457 485
382 353
18 429
85 229
454 399
302 239
57 116
99 133
284 368
100 23
301 4
94 71
258 322
66 352
429 97
435 332
78 136
413 345
145 10
33 356
146 214
106 214
194 291
99 49
144 163
67 114
34 289
161 220
403 274
80 93
97 495
262 279
353 0
178 325
59 304
403 105
13 289
301 199
359 272
314 46
384 425
318 69
447 413
371 456
420 379
80 87
154 45
98 405
132 103
284 7
418 145
154 299
146 427
376 235
193 173
106 362
446 340
35 201
95 218
99 301
469 382
193 317
266 404
267 380
469 248
43 219
356 494
445 326
348 421
354 326
193 273
392 267
199 422
188 465
365 267
213 389
443 14
134 124
494 281
384 368
139 219
288 49
62 384
35 433
333 12
36 23
103 475
98 206
350 30
2 36
215 395
380 6
364 373
252 140
235 294
273 489
99 123
211 85
100 198
318 282
255 189
263 318
491 261
287 201
257 237
408 87
164 127
357 250
273 236
109 20
231 295
193 466
174 432
181 108
136 354
322 402
300 476
299 279
304 333
44 45
151 154
368 382
215 183
444 370
58 87
428 2
453 59
111 495
470 27
101 230
234 123
492 210
216 90
179 479
370 302
40 324
23 212
225 484
28 56
498 111
329 483
31 142
427 78
23 48
484 360
62 489
37 373
66 86
161 405
331 84
380 183
405 279
53 457
28 33
449 165
212 323
467 383
168 431
199 28
452 361
1 329
242 286
84 11
361 400
241 499
235 274
363 310
337 361
115 422
77 73
220 392
43 132
436 3
54 255
387 162
448 131
444 4
271 330
460 100
223 199
382 210
441 10
112 286
51 97
333 479
347 126
319 420
98 355
377 40
362 194
255 450
31 251
203 110
413 45
162 419
78 469
37 106
386 330
435 393
307 33
148 114
297 204
68 293
404 223
54 159
219 111
278 32
420 56
107 174
192 78
149 260
18 154
316 345
332 423
375 482
48 162
319 359
70 423
128 392
450 449
476 458
305 172
170 178
280 453
233 383
142 80
399 125
311 18
389 175
491 390
102 340
110 342
393 488
175 26
51 63
90 318
122 160
137 496
89 306
485 374
8 169
110 208
443 427
106 10
371 249
416 225
346 454
273 63
123 102
12 0
416 264
432 173
305 434
395 69
257 331
442 398
268 194
422 325
214 205
114 294
169 310
346 314
140 405
434 19
191 323
325 360
365 382
39 466
303 453
56 242
251 311
203 493
264 119
280 210
32 83
335 307
72 197
287 237
493 434
20 260
371 420
260 243
428 332
471 235
373 450
466 492
332 420
1 411
291 344
74 319
360 341
186 181
441 369
324 19
296 374
436 250
362 244
76 99
34 287
133 93
248 112
306 26
266 104
406 138
100 436
257 256
82 102
63 208
209 360
176 345
327 230
70 228
290 456
381 204
134 64
227 388
112 381
461 157
72 18
497 341
64 1
313 409
20 189
128 452
48 326
146 222
235 55
185 490
299 95
338 457
14 82
265 492
418 30
9 307
357 271
1 281
131 482
100 181
121 49
302 218
417 453
105 326
268 315
362 163
487 299
5 455
52 488
447 493
240 480
128 200
220 144
313 327
31 288
193 468
489 107
234 195
80 477
283 107
333 458
191 454
499 210
464 408
123 57
270 465
69 388
174 395
36 318
128 444
353 241
150 164
256 180
472 44
3 151
375 300
130 111
476 296
485 312
172 21
300 472
104 359
376 396
134 356
167 426
405 375
412 350
429 99
39 58
303 127
52 69
391 418
395 327
126 71
347 433
96 135
205 184
292 272
289 238
382 115
67 460
347 20
471 151
327 100
159 0
181 157
139 204
248 172
478 355
34 407
375 287
337 214
266 319
417 101
107 165
481 444
169 477
339 162
348 269
80 400
265 281
180 189
300 258
121 254
189 307
167 254
64 174
244 456
0 464
314 397
119 217
442 150
319 181
439 385
118 436
32 29
295 217
180 456
272 47
84 41
273 365
214 250
254 256
489 78
453 8
420 330
265 338
101 302
393 484
117 409
418 255
121 364
317 104
176 193
82 498
213 365
287 287
412 169
350 302
496 145
131 455
248 163
135 293
197 15
150 105
145 286
133 317
184 193
252 217
52 247
309 244
320 389
166 51
289 484
82 273
491 158
244 252
126 414
439 306
303 86
495 309
436 211
81 123
52 289
25 69
382 492
57 457
402 476
249 301
387 110
69 204
358 47
173 202
279 327
52 120
14 159
120 52
273 266
241 52
481 426
48 499
453 358
282 429
481 69
498 352
213 91
386 8
74 290
151 121
87 157
326 162
332 142
140 287
182 345
440 193
250 354
36 449
306 218
363 118
348 154
309 302
63 24
291 365
111 377
420 334
252 360
476 313
431 345
240 421
329 167
199 20
39 467
457 171
173 53
83 264
142 63
232 425
322 392
150 239
111 322
181 420
490 185
305 212
21 64
172 344
241 366
249 492
450 345
249 50
55 321
365 421
285 32
420 395
92 416
176 68
280 435
275 268
245 467
334 89
35 342
175 3
161 169
77 238
237 290
486 126
15 474
406 493
446 226
342 418
292 473
266 294
471 279
121 415
452 486
388 47
328 251
188 258
285 76
307 313
199 3
49 291
490 183
172 117
186 474
42 40
222 383
429 474
258 25
241 337
219 244
42 495
421 487
42 399
321 150
89 299
178 336
119 271
61 441
490 278
452 303
458 483
415 408
323 478
387 288
174 496
439 313
357 371
28 309
64 15
410 84
164 32
436 22
212 172
38 455
177 52
346 0
463 28
450 54
352 110
335 455
133 201
198 33
116 161
70 183
128 60
148 243
50 229
426 461
356 302
104 257
278 336
365 126
134 331
120 170
139 23
173 100
73 68
6 50
311 486
281 472
492 411
458 428
1 450
374 490
442 189
331 58
360 385
214 346
467 255
168 34
157 216
42 437
295 258
270 34
167 188
165 445
399 239
77 170
155 237
266 447
221 463
390 235
436 257
154 82
314 456
87 38
69 170
478 30
171 411
143 406
269 148
249 483
92 300
11 412
72 208
260 24
39 290
74 90
466 391
431 54
481 19
159 394
124 446
460 67
45 430
376 443
179 3
190 492
223 373
163 77
336 29
290 35
71 184
298 74
393 60
490 285
165 58
338 379
417 18
206 45
99 272
238 103
79 51
459 31
493 254
391 332
65 219
469 197
23 304
21 70
158 436
351 252
257 75
51 169
290 40
234 61
167 104
383 51
436 44
266 127
360 373
301 197
281 188
287 388
12 368
91 413
72 65
250 346
350 272
498 343
285 419
464 257
326 388
405 276
17 272
354 254
144 286
388 90
329 188
298 34
450 37
223 125
22 150
147 193
369 364
197 425
392 209
265 271
442 111
356 108
232 303
90 429
242 88
343 294
318 369
357 352
189 240
171 368
327 179
175 89
355 31
433 122
277 490
229 385
175 96
218 435
429 238
154 370
482 82
387 388
273 170
222 94
353 258
17 411
357 23
62 190
98 143
150 494
60 215
54 97
376 68
106 199
369 455
194 190
424 10
103 23
80 134
465 447
294 52
184 122
249 394
275 271
382 456
130 201
23 375
409 447
329 371
102 107
351 17
213 111
325 411
487 242
399 17
450 440
473 282
326 154
301 492
359 192
420 265
80 390
139 163
212 420
82 240
17 448
141 293
48 118
442 238
92 12
50 353
81 68
104 337
186 76
96 6
28 447
442 7
10 471
53 357
108 288
99 37
459 303
250 201
409 125
164 29
452 14
202 253
409 355
135 338
336 64
283 45
245 320
346 57
264 388
346 40
114 279
7 186
322 159
475 358
481 274
269 69
339 235
479 142
249 369
126 404
169 74
18 248
300 462
374 227
326 371
37 474
289 22
11 461
314 362
166 208
142 122
247 176
148 335
460 88
181 311
258 397
104 244
407 37
345 107
16 142
386 375
493 431
143 493
295 32
319 228
117 20
168 365
2 287
435 136
237 399
194 67
225 102
251 423
152 338
409 444
267 30
451 484
132 475
380 402
72 13
52 300
37 325
179 298
364 89
54 158
50 49
438 104
405 83
232 333
455 323
374 461
175 382
16 53
437 184
201 482
261 8
26 321
230 21
45 441
26 55
331 311
93 178
192 448
10 48
241 481
462 375
282 102
58 177
206 182
456 438
297 73
247 131
62 262
378 86
254 242
211 477
409 217
429 287
322 281
66 417
137 85
460 396
8 177
415 144
227 476
213 12
321 379
490 49
462 288
474 164
140 35
475 435
92 256
463 281
89 398
370 147
190 374
284 379
198 427
439 192
249 8
14 358
454 396
273 158
329 90
450 479
233 399
103 462
180 305
417 207
368 85
155 154
76 22
259 323
39 158
399 498
385 456
148 94
349 454
336 274
487 495
226 277
328 33
198 414
99 95
268 41
200 3
302 159
199 269
88 398
441 317
86 175
250 35
314 159
109 391
1 77
431 200
151 128
267 399
13 334
460 262
181 293
269 488
342 213
350 141
388 46
356 482
290 358
231 217
7 444
429 60
385 133
385 167
89 279
34 22
4 190
172 272
57 76
417 92
288 306
254 172
253 377
231 318
202 360
143 37
7 280
310 328
344 315
408 127
494 108
342 68
280 498
379 357
447 372
280 150
47 29
450 109
225 475
64 100
62 79
270 450
441 289
394 172
148 456
221 318
131 441
151 151
191 296
141 138
399 477
192 217
200 133
95 183
330 382
401 198
479 356
419 124
216 481
344 34
245 402
80 57
248 398
275 121
196 415
115 179
353 485
321 97
193 222
250 154
122 336
255 439
155 114
498 8
68 209
453 402
6 147
136 463
123 427
308 234
192 284
285 486
235 182
37 197
241 409
203 271
300 375
347 206
199 419
36 401
403 131
302 493
45 353
332 122
188 57
43 276
260 348
493 286
280 90
233 279
106 125
360 340
236 446
251 168
471 367
434 400
424 223
370 158
365 98
317 301
381 138
133 28
309 327
399 372
101 232
20 400
335 207
362 67
238 354
106 204
310 176
188 394
297 118
114 110
173 271
345 158
109 477
179 7
174 329
232 28
321 489
42 299
189 178
31 10
485 8
105 316
109 48
239 194
218 336
121 456
66 357
89 451
169 375
437 208
279 137
402 19
486 238
288 158
338 75
86 352
279 23
466 345
320 226
206 290
3 230
58 165
469 226
401 449
81 112
462 21
119 67
474 209
317 338
23 105
416 165
111 22
171 220
19 391
124 84
211 30
460 343
27 4
131 364
453 486
229 457
142 490
294 385
171 88
138 262
497 462
123 205
345 458
43 395
399 480
12 345
161 298
228 341
301 325
147 443
170 248
420 210
239 8
430 40
201 70
188 385
175 11
283 442
173 140
100 146
87 288
469 322
277 248
194 246
249 23
293 108
98 79
299 468
205 106
14 403
34 188
388 297
474 309
248 391
252 272
72 431
251 49
271 41
417 102
301 378
166 166
1 485
49 459
37 82
493 424
232 23
269 195
189 302
137 15
48 74
373 163
221 125
409 464
202 442
206 312
372 494
258 458
130 57
481 62
279 6
67 216
391 181
79 226
179 370
365 127
300 163
103 361
151 179
344 283
25 416
363 30
59 216
262 202
28 289
446 352
481 59
128 443
69 184
376 142
274 399
60 204
61 251
274 421
29 390
480 410
113 73
460 199
447 484
356 190
234 3
222 411
119 187
360 226
190 326
209 289
13 411
261 88
23 178
126 469
51 195
67 75
193 403
201 350
338 106
446 263
314 181
201 144
17 152
118 217
338 116
452 418
167 228
114 255
491 105
427 252
455 427
215 229
35 456
165 288
322 27
342 6
465 382
166 362
95 460
411 260
232 104
464 77
203 311
277 86
388 180
298 33
161 39
423 53
209 325
174 498
26 374
397 448
492 46
252 337
189 161
9 327
162 381
19 279
469 84
327 416
282 154
87 265
479 30
319 365
412 363
248 183
386 228
226 264
414 249
223 117
408 208
276 156
354 440
376 467
316 448
338 252
218 294
24 409
331 195
209 323
169 234
348 202
395 192
236 68
359 381
351 107
124 196
300 499
457 254
150 79
157 357
405 196
470 58
155 426
394 155
89 496
73 477
432 214
229 148
7 79
72 253
98 209
152 112
131 332
85 383
251 493
332 331
451 182
172 305
224 300
72 145
412 498
37 87
24 137
138 84
308 207
392 482
326 215
359 81
285 80
53 367
299 0
470 348
404 412
295 211
46 24
227 245
409 324
100 17
282 151
62 233
8 51
390 122
312 103
400 369
216 266
219 423
463 208
395 396
293 488
209 301
441 224
437 83
130 375
213 228
150 315
388 436
443 434
2 380
377 31
117 224
54 386
218 421
424 210
16 25
159 392
110 177
263 132
54 250
102 126
130 135
360 305
199 170
369 369
166 46
272 11
82 381
90 346
273 263
108 454
251 419
237 372
449 314
123 329
117 285
54 179
455 109
216 229
50 249
12 376
94 468
12 447
102 53
189 80
454 265
242 410
225 350
62 93
472 98
216 223
329 360
115 31
379 309
284 233
308 399
82 277
192 144
364 423
424 499
253 165
227 289
383 233
305 435
4 319
82 366
343 210
415 478
417 488
80 221
272 319
433 326
328 356
109 81
165 113
381 223
119 28
146 146
214 319
242 207
348 70
275 409
456 28
224 5
271 260
288 93
246 339
431 152
373 219
7 363
179 385
441 99
126 458
152 323
3 424
28 127
247 189
115 404
332 258
84 173
349 399
257 179
27 7
242 201
380 482
461 48
101 327
332 79
0 436
326 102
316 191
448 212
27 290
31 362
444 411
167 411
407 69
470 441
288 419
51 155
376 381
224 291
344 419
455 225
284 235
31 121
11 207
74 211
247 346
314 416
331 179
484 167
389 304
264 31
444 163
319 91
361 240
126 0
388 261
175 287
411 78
283 417
453 166
217 341
452 463
93 219
450 261
44 131
348 286
477 91
84 225
9 143
358 446
225 164
400 250
377 166
180 222
112 406
411 242
46 354
99 467
180 148
330 247
451 294
460 49
196 190
77 409
174 10
98 190
469 189
191 443
202 322
496 73
370 213
253 331
262 167
175 213
338 86
49 401
8 310
425 450
214 391
99 124
477 125
246 135
382 100
310 192
253 138
151 399
78 441
356 273
45 20
108 254
37 127
91 128
