3000
2874 1315
2132 1657
607 12
1209 835
627 995
982 1339
1559 223
1463 960
2559 2195
2643 2080
2701 1147
1211 724
2050 1603
2586 200
1540 2212
2336 1143
1400 1078
941 2859
863 745
2158 1905
710 2701
823 1832
1653 2559
2287 406
2775 2695
1785 371
2173 2348
1471 2951
84 1881
1399 820
869 349
2831 202
648 1160
933 836
2005 2896
2301 2791
1976 1697
635 1903
102 1038
888 689
369 766
1046 2430
1792 50
1817 356
1039 1266
1963 473
2851 427
381 2341
380 1967
16 225
291 1510
2447 2260
1418 1651
1480 1664
91 2188
2690 1251
2794 668
1332 1652
2694 2625
2126 2891
655 2501
404 485
1676 1974
2781 1202
1265 380
352 2857
2967 440
379 456
2867 941
1881 2527
1285 2408
2191 6
171 635
1150 530
727 515
644 2164
1597 1987
2118 291
1583 1389
469 1495
665 1640
1751 2115
131 1862
539 1860
978 623
1351 1410
963 1206
1599 1452
2043 2395
1558 60
1374 2550
1003 1709
2131 468
2636 2988
222 1718
2565 317
2777 1981
475 2707
1270 1179
737 1189
492 2127
116 2868
1775 617
136 2693
1032 1790
972 2735
2379 976
2378 2902
1246 1780
604 2700
1801 322
843 1684
2217 620
1321 2269
2520 827
2725 1939
228 2091
2313 2849
76 1258
1807 1212
121 1134
134 916
453 1975
761 1327
124 2404
2102 1164
2180 1158
2079 1737
2641 2895
1404 2438
1973 1564
2546 1771
2088 1816
2545 1087
1637 1791
1236 524
2355 2321
1338 306
1173 338
60 1264
2936 2221
2611 614
1261 2478
602 2380
593 1584
2386 15
2854 1728
2846 2609
2048 1371
1118 1398
360 1970
1618 567
1571 731
2793 1386
2634 561
2164 1721
294 1668
1247 146
1573 1787
571 2930
2272 2547
1112 2305
2311 2615
269 1516
1655 1223
1930 1254
2345 518
2128 583
1357 2229
2691 2738
2486 244
1958 763
465 423
266 1273
2598 271
1060 1153
2987 2088
2709 1131
153 2126
240 1769
2275 1756
362 2137
31 1953
2027 211
1116 1817
1453 1895
2979 276
886 1624
1318 529
764 2293
1024 2114
1391 2567
2377 1129
2537 1376
2935 2487
1083 1851
964 1108
875 396
2704 1417
686 2468
1712 1208
308 2158
210 998
2279 880
1521 1185
1327 411
174 1209
1049 216
708 279
1636 82
2539 2965
879 284
2856 1947
1468 2178
1182 652
162 1954
1044 2123
898 2444
2604 2876
1477 2237
1684 2683
2394 2177
367 67
2234 368
1495 1433
272 2274
1672 2926
575 1478
1868 954
1304 721
1018 59
1790 2661
195 1135
2942 1149
473 2085
2507 123
2807 596
632 1447
1553 1127
1660 542
276 1859
2122 2018
1397 1650
2195 592
1804 1669
2192 1952
1600 2230
2319 2630
634 1226
2842 944
2138 1430
1607 1613
2514 907
106 2815
2281 1467
1724 1562
2743 357
1501 2677
2853 1069
1918 461
1170 773
99 656
1153 899
506 1589
852 136
2619 283
204 1183
62 1119
673 2384
2230 2920
2926 1935
1492 2031
2587 466
2450 2492
521 2631
2891 2406
900 385
2616 1263
2353 1670
2181 2830
1715 1238
707 2110
1423 987
832 1488
1781 2866
1931 2394
517 2881
2251 2128
1426 2302
1669 890
2880 287
2003 738
973 479
2052 2296
2350 1033
2648 2829
74 1115
2602 1374
2269 2699
166 1813
772 1356
1348 1910
1548 1713
2212 2401
2679 920
2609 74
688 2069
2571 2026
2104 2214
257 2810
1771 174
1806 1724
1284 2213
1762 1218
29 30
1422 1107
1143 2836
1574 675
2606 2219
679 1754
1908 1380
53 2428
466 1103
524 1800
597 391
667 2626
1462 970
2278 1536
553 1843
2416 35
834 10
1152 2719
2346 1512
606 235
565 1477
397 1489
274 1152
468 1479
1722 1521
1382 761
1106 2967
2939 2659
177 2672
1542 1596
779 2187
127 2439
117 2887
6 533
238 2432
1063 272
2852 2584
2719 1690
773 1095
2963 739
1312 208
1478 28
873 203
890 2028
2244 502
722 2890
2735 1663
2685 1637
2156 546
1021 292
2283 1667
209 52
30 1422
1207 1961
491 1811
1865 2500
434 2531
2499 167
2511 989
1605 2313
1458 420
442 720
1530 2777
2542 1540
2152 1017
2783 26
545 364
1906 2775
2237 629
2374 1808
2998 934
2008 2013
2170 1291
1796 2593
1005 2460
2703 449
2241 2103
364 2627
2165 363
1470 1382
2223 2833
1758 2516
138 2636
2169 1490
613 315
2954 2769
1526 2692
2309 2314
1057 137
1725 273
1295 946
2920 1456
1229 753
1472 2716
1278 539
2531 165
896 2772
1737 1554
409 1585
2583 354
2105 2477
1134 2519
1634 838
2883 2788
2011 1557
502 1546
165 2159
600 1428
1535 2624
2990 1303
2067 373
2804 509
2833 1297
1692 2763
2638 2736
2449 1680
245 2365
2411 2811
2821 2184
2044 1141
1945 541
2145 1461
1670 435
2505 2357
288 505
1343 585
992 2698
1306 204
1622 1289
1273 2327
2395 310
2922 2761
658 630
1858 2017
2869 478
1262 55
1494 1054
1615 896
550 1544
904 96
2613 2450
1628 2832
856 231
2002 1465
2723 1933
2893 73
2894 1276
2258 1645
2748 943
2689 2122
168 209
215 379
1497 2150
2076 2488
298 1711
395 1021
965 1803
1107 1318
2429 615
2162 1132
2581 1229
1163 2555
2312 928
983 2192
544 2505
2207 643
876 1661
2621 2747
723 484
1019 2561
1883 2776
287 2362
2479 387
1533 2783
2982 359
1866 266
0 183
1506 448
2254 1767
2569 1020
1461 1534
950 1454
183 394
801 212
2556 230
1441 1424
762 2263
503 2745
1136 307
384 522
2661 1418
2031 1982
1812 1885
284 764
1735 1602
2497 1180
1859 65
214 507
2120 2766
122 1126
789 1000
1731 579
1307 1517
1193 633
2506 1124
2288 2217
2907 2837
1298 224
1633 2465
1141 1644
2662 861
1283 2787
96 1168
1702 2336
1606 1535
2849 2120
1223 1464
2064 534
654 672
2057 2882
998 2218
1767 2352
753 2023
101 302
702 2900
2045 845
2487 1547
2509 2828
87 33
2975 2282
2041 1890
2337 2666
926 2506
2622 206
2203 1211
2232 2697
2945 821
1926 923
1028 1926
824 8
1181 2027
2257 432
445 2808
556 472
815 2512
149 185
1944 1741
2718 2223
595 1060
2298 2917
1122 1909
1927 2393
1898 2061
2030 506
198 1525
343 372
536 2723
2303 2812
1001 259
659 953
355 2907
1099 1150
2650 1101
2825 2827
97 2076
1651 2234
2588 2243
1486 2640
2221 1858
1218 1118
2911 622
1167 765
366 2994
826 858
477 1868
1142 2862
2632 1839
2744 1156
1513 170
1626 1712
2766 2050
2397 996
435 2375
2054 2984
494 1725
2133 1004
858 1759
63 2633
1730 2897
1067 1969
1452 328
1591 1533
1488 31
999 1284
81 1865
1657 718
1226 2671
846 545
1388 2051
590 669
2757 1067
729 1076
915 924
857 1360
682 361
2599 2193
1052 495
1335 1673
484 491
1534 636
1645 2847
1665 1427
1387 532
1511 1807
485 2727
669 2338
1016 2345
2521 91
213 1902
1826 1582
1156 2607
2492 2191
2980 367
2455 1655
2767 589
2608 2929
2177 1358
490 1917
1696 455
2028 722
1078 1437
1814 187
1892 23
2711 2130
1564 797
1009 666
1305 852
2736 2596
557 400
1689 1616
9 2771
538 1074
1805 988
2504 658
1341 2084
1611 662
429 1053
1358 1063
2485 124
2186 1088
2266 1942
2382 1016
1819 256
180 717
1834 428
1033 2171
310 1257
368 358
2553 2595
179 1010
1197 1353
337 2848
2343 1310
2855 2743
1520 2737
2887 1884
2349 2484
2551 117
2360 1623
1838 2750
2357 2236
572 1055
1320 101
770 2462
678 2416
2249 389
2626 1114
2879 1307
694 683
1489 1503
1503 1435
1900 940
730 1571
2610 1904
2835 1578
1577 1730
258 1944
1763 2599
1683 1893
2765 1097
2923 263
1187 769
2512 2503
133 1309
430 1604
109 2334
628 1572
1734 1400
1314 2418
883 1561
2115 2295
1877 2572
910 951
398 732
2530 556
11 1448
1179 2066
2051 822
962 2956
2555 2789
929 673
478 228
1516 2343
1825 844
125 2235
2878 2731
2330 1393
2365 681
1663 2322
2791 1988
1904 2844
1249 1607
1536 193
1108 2577
1549 2754
2419 1362
1362 1283
2342 815
2910 1660
2286 611
2752 624
2697 2705
262 1511
1694 549
1776 1296
1916 232
1555 1751
1556 1165
1545 1555
324 1991
302 1538
1840 445
612 1052
684 2600
2560 1385
548 2975
1706 2156
1189 1520
2828 1225
1752 600
912 1014
100 2774
1872 1361
850 1425
2594 2954
1959 2850
2375 425
1450 1891
2968 2914
2737 933
1203 2949
1208 2931
1666 1779
184 444
2147 2015
2751 734
45 2611
1977 1068
1178 783
2822 37
2672 682
2961 792
300 1219
670 872
816 1344
615 1911
221 564
2235 2203
2151 383
2231 1601
2017 1627
163 2186
2430 2803
2401 2668
2107 677
2066 570
88 1542
903 1345
2247 1072
2012 1714
716 1941
2038 1170
1215 2440
185 285
591 1814
15 2653
406 1686
354 528
775 247
643 2660
861 1232
1742 2413
37 1835
1476 2765
2844 2170
104 884
1429 703
1137 1692
1326 1120
1631 2634
1109 1239
2762 582
1498 1615
264 2604
328 2539
2137 217
267 2132
173 697
56 1413
2253 1220
50 1617
1992 366
2596 2374
296 879
2130 2356
2813 2972
2952 159
1266 2983
1334 1735
2198 1364
1200 591
2154 2943
2139 1914
881 2370
1075 2459
1897 2937
1768 1732
2810 2974
326 77
714 1009
321 2210
1504 2543
1041 2095
2371 891
2629 714
25 709
528 2382
424 2779
2471 2757
2477 2617
946 1671
243 22
1847 375
986 2749
2575 2790
1436 467
98 1090
2686 2079
788 156
943 922
1718 192
2550 2560
2259 240
990 2057
916 1784
2236 2000
1813 2564
1949 1330
93 581
629 1194
588 2556
804 239
1810 1834
2480 2799
2969 346
2792 1241
241 1870
1886 2628
512 2711
1723 997
2323 2312
301 2925
2885 2294
2529 2407
2957 1923
2140 1743
2078 1659
1850 1351
2282 969
1889 1066
2398 1507
1434 1597
1086 1104
2870 2996
1129 676
2229 215
388 1148
1030 214
1987 1777
487 2997
1363 76
1602 2724
529 2728
2722 164
2682 1606
285 2856
130 1738
1154 416
479 2573
427 14
1690 1940
1864 265
73 1434
1027 671
1878 693
1552 1977
2523 604
486 2535
1460 2860
1183 2372
1322 2429
172 2019
817 2058
1707 2755
1662 1802
359 2008
261 2886
1682 868
2915 2938
1157 1563
1104 1595
623 747
666 942
1753 2155
1232 220
8 2208
2157 949
2615 750
698 990
1500 393
756 131
396 2751
2213 2160
1085 1176
1544 2702
960 2706
1786 968
2875 1172
1204 1421
1385 1230
2890 1323
1741 1513
2574 1365
2949 122
1416 2565
2410 2048
1593 780
2943 64
1081 186
2285 1384
1827 1070
617 733
2482 326
1837 2250
2750 1302
526 1405
1080 2399
1572 227
1439 2549
639 333
2656 2205
1198 1065
1217 2957
2816 544
1580 1874
871 1236
2125 1203
2370 2434
48 234
1885 1938
89 1906
958 362
1243 2485
1925 2246
1972 917
2443 2105
928 75
885 2441
2119 628
70 2654
1432 1966
1438 2825
1072 2689
2664 38
1111 1833
2649 177
2080 665
1245 1050
1280 513
1413 2733
1754 1677
455 2947
2300 1629
2977 985
1473 2621
1738 2286
2460 0
2866 348
420 353
2086 1610
937 1216
1770 2181
144 2046
622 2183
2465 2580
1589 503
1437 2326
2780 46
304 1175
507 2010
1779 2989
1505 2089
2544 1242
592 1815
1876 1316
1025 1249
2800 598
1922 257
1047 1621
2759 1876
1538 1486
1617 139
2408 1842
530 2805
1896 892
237 1979
1190 2482
1784 355
2077 1317
1693 2551
2134 2489
2110 806
1610 2494
1787 520
1699 2889
1333 2232
202 3
2090 1877
2687 1559
1252 1638
2190 2641
2473 1395
1077 2614
621 2228
169 2880
2708 1575
1248 300
564 260
336 1797
2167 2323
510 321
2620 172
114 2622
2376 2078
580 1786
2274 1863
2359 1641
1013 1960
2271 1781
1870 2644
2451 1945
143 87
2837 92
1415 1871
1661 972
255 19
806 1698
2018 465
1202 1260
1260 2411
192 2713
653 221
668 1826
968 2773
522 443
2483 2096
2439 2249
1172 2991
2832 1429
2657 2809
2434 1338
798 810
1946 1199
1026 751
1687 816
373 1550
887 619
2111 384
470 1311
436 135
2992 2629
596 850
940 829
1788 538
1379 103
769 2744
126 2523
947 862
1778 755
407 1228
1772 402
2267 1898
2020 433
314 2124
458 145
2368 2070
1487 1951
147 56
2428 1234
2109 1034
838 2060
2502 2242
2299 1845
17 1453
2812 282
2561 1872
2829 36
1803 2298
219 2764
2172 1198
1466 1278
148 303
462 2817
907 1778
2570 1928
808 1748
1674 184
1006 1144
2814 674
4 1795
2905 842
2865 800
2753 2864
2270 207
2238 241
65 535
2707 2649
410 2869
1168 199
2498 1707
1070 2081
582 670
247 1703
1299 2371
2444 973
1777 2601
2644 2999
103 2525
2760 584
2188 699
2710 728
2490 2675
1875 2022
423 2976
390 2637
2876 308
1356 1907
472 413
618 526
713 882
935 887
1603 157
2516 1570
1121 1715
931 2140
1221 2354
558 1519
450 245
2696 834
1835 1024
2393 345
1406 1314
2442 2400
2013 1608
1457 2367
1960 2267
244 2099
1169 1704
514 625
531 1824
2888 634
2670 2952
1481 313
254 415
2046 1997
1981 2299
2981 1526
781 2767
1854 2635
1862 1342
936 1093
2535 1449
2493 1085
1373 1073
1750 1383
802 930
71 2168
2225 1062
2676 339
158 1499
2543 1968
2548 1281
2639 2841
289 894
766 605
2934 1472
1319 2678
2653 2508
1133 767
865 1390
1700 2658
525 918
1901 324
785 2781
1451 2664
1646 1155
760 2385
2347 2199
1114 2204
2001 2507
2280 936
2010 2579
860 1412
2320 2669
501 397
1733 2360
944 1577
2318 457
2021 2364
809 2001
2536 481
1585 2457
988 1313
1408 414
2898 2873
1853 1662
2413 2563
1879 2909
405 1321
2802 2928
139 162
5 895
2000 121
334 1163
930 490
2827 1958
2779 1334
2834 1916
2220 1688
892 2403
2508 823
959 2933
415 744
2929 2376
1713 648
909 2904
1680 175
584 243
1296 2845
2216 2807
1913 314
2417 2861
111 2161
2603 653
2363 1308
2425 1051
2988 2646
1325 2474
448 802
399 1227
1621 980
161 1943
372 1399
542 2189
1640 1379
59 2922
1316 999
2029 2746
518 454
1175 947
297 1046
836 746
1242 2059
1942 2717
41 2741
1998 2544
1991 1948
2930 2870
1365 1049
2392 1013
1686 1298
1999 1992
971 865
1303 2297
691 2685
1983 1984
2624 2466
1015 2910
190 1057
2006 2067
864 140
1624 343
2978 2029
371 398
2948 325
316 575
2772 1522
2065 553
2584 2642
803 5
1736 2853
1528 1094
1799 1674
799 278
433 1647
471 2877
2877 1799
140 1442
706 2436
1681 2753
1578 2865
2946 2612
1146 281
2845 2417
342 1625
2400 25
438 694
742 2346
784 1397
1882 238
1309 2721
559 1130
1721 253
2441 2995
767 1407
474 226
2786 621
1888 2452
955 2328
322 152
413 984
318 386
2108 2254
2730 701
1282 551
1140 1614
72 2106
1375 2024
159 1459
2183 784
2590 2879
1339 2742
1496 1768
2741 566
509 1809
1970 2939
268 1776
1101 1008
137 365
2222 2398
312 377
633 700
2112 558
1590 2924
1323 2875
1783 2940
1095 2261
1726 1744
1678 1864
154 1140
417 2448
2099 1689
720 1830
2642 78
224 2437
2747 2062
733 2768
2850 1626
2811 2591
1833 1214
2517 2934
2478 1949
1394 2583
2202 2481
598 2982
7 2499
345 2623
21 1133
2714 2490
217 470
1279 2822
2860 1962
2932 2330
107 876
1117 1438
1130 2166
2903 2950
1849 1282
765 331
1688 236
1921 851
2141 1394
2462 2878
1950 601
1459 1683
1818 819
1330 2290
2071 2966
339 1985
2307 573
777 141
1933 519
95 1466
2321 2308
2089 864
685 2172
26 262
2625 1346
1677 61
2941 688
638 1462
207 981
1582 1919
232 1913
657 88
120 1560
330 1075
305 2238
2564 1823
924 1900
1042 2780
2912 616
2918 251
2422 1806
1159 1643
2985 2386
2965 1758
1131 871
2908 1955
743 1918
954 2086
2 2820
2817 2718
792 2073
299 2715
2304 860
2293 1255
1919 270
1619 1528
2790 1106
1158 1167
796 1137
175 832
2437 13
1954 2638
1667 2093
1258 1469
1139 777
1894 2280
1088 905
1132 1404
1256 1200
1769 2065
560 1695
1630 43
248 2169
842 275
966 1037
35 1972
1464 1177
2861 1335
1550 2813
2475 855
2055 2034
854 1006
1268 2514
1444 554
2964 1720
1165 438
2924 11
23 86
2310 1084
1910 1798
2352 975
1378 1154
1355 2197
2446 1279
2712 151
167 2464
774 21
205 2927
519 180
1729 2451
2839 866
358 1213
378 1506
822 2915
1240 1328
2868 439
2255 527
1717 166
614 487
2764 161
1703 2686
735 2361
2673 1531
608 2285
2179 176
2061 742
2665 395
995 2824
1292 1639
2456 2842
751 1946
1192 921
1286 1810
547 2256
2294 213
1643 2704
1518 1372
1425 2141
2474 2319
1469 42
1524 2009
340 1927
1398 877
1126 2113
1300 1696
392 340
744 2135
1940 1593
2481 963
351 2894
692 2381
249 1653
2702 1366
1527 2200
2677 1838
181 2253
2329 112
234 512
1102 1268
1664 1157
1761 1275
2381 2662
515 595
1359 109
218 2281
2500 1687
1002 2739
2573 1537
1794 1763
22 2552
745 913
377 2004
1350 555
1595 664
1084 2052
1890 1569
551 496
115 808
2848 2014
719 1656
1097 948
1923 1993
2904 1446
61 2979
1440 351
92 1481
2770 517
2150 2495
1424 58
1732 952
989 571
1195 1888
1431 2146
1443 2442
280 194
671 1964
1145 1267
563 1579
725 431
1493 1886
58 100
980 2324
1780 1324
1123 2778
1405 475
899 2945
2461 20
927 885
807 2594
2938 878
1004 1757
2369 2491
1831 1509
939 469
1836 429
951 804
1020 2389
1068 2916
2494 2303
2919 1502
1160 740
1176 277
1014 304
1800 417
476 132
549 168
2971 1693
226 2419
1484 2138
1968 1931
1832 2510
1349 867
2668 2795
329 2923
2039 1565
1650 2190
611 2648
2667 2038
2260 1480
1867 2268
2562 169
83 2054
2899 1419
511 510
901 1892
734 1549
216 1071
2857 1493
2902 508
2344 482
1844 422
1508 1736
2776 500
66 1354
2367 486
64 2688
295 1111
1978 962
2593 2317
2199 2834
1053 776
1392 471
2073 2196
1263 2071
520 730
859 2475
573 2144
256 2691
2612 2049
942 2182
581 2990
460 2722
1499 2143
1008 2042
594 1583
2340 1301
977 1110
1727 2912
2032 1173
812 2802
1644 1681
212 2107
872 1128
239 2696
1419 931
918 1193
313 1496
1066 2358
894 826
1196 430
2959 90
34 1719
645 2410
500 1359
1671 994
2438 1971
845 2040
2335 1378
1430 57
2884 857
391 286
1994 898
2463 51
408 2173
2324 696
1914 2098
160 966
319 401
389 2431
695 2970
1993 925
664 1746
895 719
2976 799
2252 2977
1823 1887
152 1186
1546 1700
1412 906
1811 2284
2886 1023
2496 79
874 127
546 1755
1191 2427
2996 2734
2146 1171
382 1567
1241 1178
1297 1631
2937 2068
1093 1415
2246 2796
2815 955
750 47
957 2574
1852 961
662 404
461 268
1354 1348
1073 179
2572 812
1728 329
2091 901
1276 958
2995 1654
724 410
1587 609
1251 2517
1184 2369
2106 1841
578 1980
325 706
1031 1044
1632 376
1364 2729
1289 1138
1043 548
2418 1773
640 2414
2614 2932
1257 1181
1748 2165
2799 201
2956 2471
2758 974
1344 1978
2026 2921
1328 883
1120 2211
1773 1856
2069 1222
1433 881
2681 1174
495 1261
2795 138
2239 1299
32 2871
1381 2504
279 2025
683 1377
220 504
1485 687
674 2893
1975 1322
1845 248
2962 2149
2984 2045
253 1837
2189 1045
365 370
452 2412
2566 2576
2117 646
348 2798
459 982
2489 853
331 2153
1720 1901
251 2901
1034 1077
1040 2537
2178 1091
2201 2592
583 2903
1974 115
290 1676
631 2020
1932 831
981 1406
1874 153
1417 2899
2290 107
2383 1325
211 2331
2778 2690
2209 2496
57 1151
199 2497
1384 2446
1185 1793
1166 1117
1557 657
1091 116
2176 1609
2245 848
1924 1340
1620 840
1710 1855
2265 2309
878 462
2326 1326
2997 17
2740 1553
897 1329
1411 312
2305 2458
24 2557
2472 1739
320 219
993 2472
2242 563
1389 2145
451 2684
86 2619
1199 828
2440 2581
786 2247
574 1846
2986 580
441 2898
2836 1166
532 1363
2334 1035
2063 760
1124 2041
1367 1889
1277 691
1863 171
2787 1633
2652 452
1815 2318
1955 613
43 932
791 129
188 1205
2289 1475
2476 2647
20 1059
961 299
1539 1169
696 2248
1177 926
1235 779
2372 497
1967 1250
1956 647
67 1025
2739 1080
1510 726
1740 2838
1446 1196
2597 2502
1089 388
1055 2056
2768 2
610 1701
1766 1801
603 2712
437 2463
278 1485
508 1976
432 120
2114 2570
829 1934
2184 293
704 408
2248 1243
1584 897
1755 729
1947 1001
1380 2047
830 2814
1345 1011
2404 2479
848 1587
229 1857
2684 939
1360 2483
820 1136
2423 1527
1802 1294
51 1092
1986 2255
2989 2946
1961 2756
497 1999
649 2682
2263 1082
2457 2530
1288 2279
2127 612
2458 590
2250 608
2734 2687
1764 1666
599 825
2578 2801
2058 2102
1502 1922
2268 2785
1791 1191
2806 1248
1361 69
619 1116
142 813
303 2231
1537 2473
1421 2703
242 1162
732 2958
1076 2760
726 2632
1337 7
568 2074
2733 748
2358 2855
387 2094
1205 264
1656 2652
145 839
1347 516
28 409
1188 2964
1648 378
90 684
110 2919
2459 1679
1951 1081
739 1285
740 89
1709 2720
1310 1632
2798 2445
2533 1742
1980 1192
711 2521
2513 2337
1941 1642
1253 743
2784 1083
2470 1998
1275 2821
728 1883
2972 2732
1714 2476
540 2240
2187 971
2194 336
1525 149
2931 2676
579 1262
2871 908
113 1030
317 1370
193 1350
2218 1622
2214 1543
1228 344
2549 1396
2406 1007
922 2545
361 2116
1565 1439
891 2858
1155 1105
650 95
440 2509
2204 350
605 1618
1971 2421
414 1312
412 2586
425 382
2015 2259
1627 45
1308 2174
2399 2388
2897 2709
2601 2963
2917 2090
2228 2307
2635 2651
1491 1989
1625 2224
1719 716
2491 105
1329 2673
54 2969
416 1022
2019 1586
2958 323
757 1416
1957 705
1673 2036
1370 830
768 2526
270 2033
1315 1658
2484 1611
2717 1245
747 796
1180 148
2663 1853
1747 847
14 2548
186 1591
1629 1665
19 2758
1383 950
2705 1854
286 1332
1331 154
1035 2252
1635 1336
2427 1956
271 2185
709 2681
2724 1470
2547 1708
2580 1487
1291 2959
94 1551
370 1752
1512 1612
1054 1040
787 1552
1442 1098
2007 2524
1449 710
431 752
1793 574
2618 846
831 2287
1395 607
2414 641
52 1558
1911 1929
1984 195
641 2443
516 1215
835 2823
586 686
1148 1288
818 2363
2403 2142
2999 661
1996 1762
554 352
2631 1761
569 594
1902 2377
2100 1341
1936 1630
1943 1635
2168 1765
176 1018
2577 1646
2095 791
1795 1556
2654 667
1613 4
79 288
661 843
2873 2353
2049 424
867 118
1639 1244
782 2569
2432 2534
1293 2585
2567 311
2774 1337
394 2518
715 1764
2896 770
527 1484
2113 889
1010 1217
945 977
1871 1782
1988 1812
949 1847
675 2064
157 1827
2716 2608
2847 1963
2468 2276
1848 642
868 2373
1171 749
1934 1869
1529 2332
141 2154
2211 85
2647 2006
419 1894
2495 1965
991 436
1857 1240
2756 618
2308 2277
701 2941
132 2973
2351 727
2341 83
828 562
1051 2782
350 678
499 965
178 334
75 1367
2950 1002
1594 978
2295 2546
754 1548
2436 2536
1174 1460
2262 654
1269 1195
620 2176
1948 290
1907 2402
562 576
1302 2948
1759 1473
2240 2575
1928 2846
663 2955
566 297
1816 2960
1708 93
2488 1058
1566 707
884 2618
2047 2257
273 2454
2881 1733
2388 2077
1568 723
1789 959
2325 16
689 81
1105 274
2983 577
1962 1300
2264 2587
2421 789
1036 2978
191 2136
778 2180
1224 347
948 1471
2914 1061
718 991
250 531
1 2157
2302 1749
523 1727
690 2310
231 651
2680 1252
421 2670
2951 296
1490 110
1110 2194
307 181
480 2163
333 2542
1098 2752
1757 70
2640 1722
2405 938
1396 2835
1979 2840
2993 2179
10 2867
1746 756
1071 1440
1716 1925
533 2992
496 2301
2947 1112
1342 98
1851 2339
712 2278
489 1530
2084 1766
77 1829
1096 1699
1887 1331
2953 2011
2469 1286
570 1184
82 1270
2466 305
332 1019
934 2643
1340 1747
840 1685
677 1204
921 967
795 2863
1809 188
2563 34
1287 2818
1164 1387
1410 644
738 1789
78 29
2973 1694
2087 258
1935 2819
1213 811
1561 1272
1609 550
537 1861
135 1100
464 715
467 2665
1647 2245
1551 2133
1059 2075
2155 956
994 399
979 794
2136 1343
2576 809
206 1207
1022 2082
759 2351
403 841
2966 785
589 2306
2297 2201
919 2679
1990 2645
3 2874
585 2467
609 210
1509 1672
386 1233
810 2347
2092 2759
2742 1541
870 2300
672 2139
1336 1468
265 1731
385 1373
1447 2426
356 679
2060 1441
2960 2532
182 1844
647 1306
456 252
1743 640
814 332
1860 859
2666 1849
1596 246
27 1508
2637 1545
780 412
2206 111
80 189
2501 2650
736 2511
552 1349
1058 663
1697 655
819 1444
1658 1099
49 837
2016 1113
703 2244
2659 2603
925 1840
2227 130
2859 856
651 1760
341 1524
236 2251
2338 2422
1144 1274
1409 1042
1038 1897
1909 1012
699 902
263 1588
44 320
2296 1924
987 1197
1138 2329
1225 537
1841 964
1569 2104
38 900
1575 1347
2412 1990
2409 2315
2332 1402
913 1247
2317 2272
1037 893
1012 102
18 1139
1201 588
2579 565
1873 501
652 2888
914 586
2674 597
2895 2225
1274 1029
400 2129
889 1476
1685 196
1414 2233
1100 2588
2803 735
2933 1028
2144 547
1149 1820
1455 992
2014 18
2116 2456
797 144
2385 72
1798 2349
47 782
2033 1256
1982 2605
1905 1568
984 2147
200 610
1598 1822
1445 2655
2797 1032
68 160
2858 242
2316 1594
2623 134
197 521
1567 1056
676 2913
1194 222
335 536
2098 405
2651 2800
2909 477
1855 114
2384 2055
2808 1005
36 2770
969 1879
1135 2540
1843 2793
2927 2266
2197 1292
375 2239
208 54
1920 2222
660 2405
493 758
2284 191
128 2125
2025 2553
790 2039
1023 1590
1029 602
911 787
2970 771
862 1391
309 1188
853 2209
1234 1451
2390 374
1324 2162
2820 1850
1352 1432
1011 1125
446 2533
2788 142
1604 419
2431 2558
1119 1959
813 1121
1220 1031
1210 711
2059 97
932 754
2161 488
2175 233
681 692
2333 1836
2420 2415
2726 2425
2660 2851
906 2725
2004 40
2582 1634
1062 1443
2669 1409
1774 659
2171 2409
1317 1514
576 903
976 2905
2699 2566
938 53
428 499
2261 983
1216 459
1127 2971
2940 649
2729 2486
39 119
1103 1401
33 426
2166 1047
847 1580
2094 2131
2327 1772
1079 1539
411 1599
2097 2987
311 645
1456 2944
952 2852
1839 1912
1581 318
2034 1675
2568 2892
230 986
2916 62
1765 237
1822 1501
2540 1498
2746 2639
1233 205
1586 2100
1570 1491
2402 560
393 182
1376 1785
1231 818
693 66
1704 912
13 255
721 1304
447 1280
2277 869
1698 2289
1061 1123
855 1794
2600 442
2467 2884
2391 737
1891 2383
2706 568
2864 342
1659 1
2683 2366
1695 807
483 113
1842 1899
2789 2674
2754 1620
1454 2311
923 603
1254 229
841 1576
1346 464
2805 2562
1563 2275
1691 2359
1259 1455
349 2831
2532 1702
2692 2072
1087 2258
292 2320
1642 294
2373 80
1474 543
1903 2175
2314 1986
327 2513
758 1705
2348 914
2818 2843
2557 27
2096 2390
776 2241
616 2368
1641 2316
1820 736
2738 552
700 1403
543 759
123 2433
1281 2198
1407 249
1206 2447
2433 403
2306 1246
1161 1819
800 446
2062 1804
2037 2002
2082 626
748 2493
323 2620
731 41
2727 2986
1953 1497
2361 2602
1045 1740
504 1436
2526 2942
2224 2667
555 2455
2328 2748
2205 158
1090 1259
2720 2167
2424 2148
1705 873
1760 1237
849 919
2453 774
2991 559
2771 2453
746 2694
1937 1710
2256 2522
2872 2206
189 1411
637 2083
974 2883
2863 493
1237 327
1588 1636
2053 1392
1745 2291
259 2226
2658 1319
2731 1492
1711 2288
2882 1290
1267 1003
2083 1796
1756 1518
1929 2918
956 451
2070 1995
1938 2262
908 2087
1519 1523
2072 2528
1186 1201
246 1770
1128 2037
1749 147
1846 2387
344 173
2809 1096
2215 1745
1074 795
2538 381
905 768
196 2420
151 660
1465 316
1369 2826
2503 778
2955 2273
2519 128
1612 1994
567 1581
1797 1265
1151 2854
1856 1649
1523 1921
401 637
2823 1146
282 1828
2782 1878
306 2541
2892 2112
2671 1426
2700 2109
2163 587
1701 2335
2356 1368
2510 725
642 814
2678 1048
170 2151
2101 301
2185 1818
975 1574
363 1775
223 929
2210 1375
2928 2597
2607 197
1915 2885
2233 330
1056 106
805 1529
1017 2568
1517 155
2633 2097
970 1515
281 494
2527 2117
1250 833
1828 341
646 2571
2435 2968
201 511
1115 309
422 453
2389 218
2396 2270
636 489
118 1388
383 1231
1435 2656
2862 1691
1679 24
1985 1474
2182 2391
577 1457
2024 1950
108 1875
2075 2101
705 1064
697 685
794 68
793 2911
1271 447
146 48
2023 1295
2200 407
877 1600
2291 631
1238 909
2901 2227
1483 2016
46 1882
454 2379
2160 911
275 1271
1007 474
187 1039
1782 2264
85 2578
755 1753
2605 1726
1113 1983
2415 2981
2103 2784
2159 2121
443 1996
1448 1352
1821 957
1899 2663
2315 319
1092 2044
402 2325
811 2590
1244 2449
2135 1381
1531 1896
55 71
1353 599
587 540
626 261
488 163
2226 2794
1428 793
2208 2265
42 498
293 1504
2589 2271
150 1221
2819 2935
2035 2980
283 1505
1649 2961
2518 437
827 638
439 1369
155 2005
1532 870
2022 1936
69 1788
338 803
1965 1463
426 1210
741 874
680 702
2761 2554
2364 198
2124 2730
1272 1729
463 1408
2040 578
2745 2207
953 337
2675 1431
1482 910
2362 639
2129 1867
233 1648
260 2985
227 1717
1541 2216
2380 2582
839 1908
347 2906
1377 2108
376 2962
12 875
315 126
1654 269
2627 1305
1064 514
1094 392
851 1293
2721 1089
1372 150
2036 483
1401 979
2925 927
985 143
1638 1915
2153 1483
2617 695
164 250
1652 2032
630 418
2354 805
1212 49
2445 690
2592 1041
1995 1920
2515 108
2889 1445
997 1930
1964 1873
1264 99
482 1036
1420 2220
357 1619
917 904
1830 390
2142 915
277 441
1514 298
2219 2740
1230 2119
1939 781
225 1027
1294 2030
1467 84
656 2872
1125 178
40 1716
449 1357
105 525
2541 1235
2900 2538
1065 2152
2524 2726
1554 450
2906 888
625 704
2755 1852
2009 1043
2331 1880
2522 2350
2595 2021
2121 476
252 2035
2843 2515
444 1592
2093 2461
2558 1628
1162 2396
1390 817
2921 757
1393 2610
2749 1482
1366 2529
1969 1605
203 2908
1952 786
1255 772
1880 1122
2056 1774
2407 2520
498 2613
235 2043
2528 1957
1515 1145
1592 708
2276 1932
771 1182
752 741
2452 2708
1050 2953
2944 680
2645 1848
1966 280
1562 1086
2801 1706
882 2007
2174 790
1082 2816
1301 1500
2913 824
1601 133
1579 2710
2273 1109
2591 2003
1893 712
1739 993
1290 2340
763 1269
2525 2804
1668 2589
1222 1494
1608 289
2387 1805
1576 1161
880 1277
1623 2397
535 854
833 1973
2292 2435
717 2792
2732 2598
2695 1458
821 1783
1744 1866
844 2480
866 1750
2773 434
783 1450
837 2786
1311 1825
2552 1079
1403 125
1808 421
1884 2469
1239 1682
1371 2134
2149 463
624 458
2454 1566
1895 606
541 295
561 1102
601 9
194 335
1386 2118
2042 935
825 1723
2826 1532
2339 788
534 2202
1861 713
1227 2111
2715 2806
2646 1187
1214 632
2693 2839
2085 849
1560 2936
2630 2762
2769 2424
2688 2378
2728 798
1989 572
505 492
481 801
1475 1423
1313 2283
2698 2012
902 2304
1543 32
920 2355
2464 369
1869 2998
2785 569
457 1224
2081 762
1522 1678
1147 1792
418 44
1000 1414
2193 2215
1614 650
996 190
2074 94
353 1821
2796 1831
129 2423
2628 1320
2840 1159
513 1287
2366 1253
2655 2392
1824 1734
374 2092
1479 1333
1048 557
1219 2053
1917 2657
1829 2333
2148 267
2322 1355
2143 1420
1616 2470
1427 39
2534 2292
1069 2680
2123 2063
2585 593
2713 627
2838 63
893 698
2554 863
1675 2498
967 2797
2448 1573
2196 1190
2974 480
2994 460
2824 1015
2841 2606
2243 104
1547 1937
1912 2344
1507 775
2830 2342
156 2616
119 945
749 937
2763 2714
112 254
346 2993
2426 886
687 1026
1402 360
1997 1142
2068 523
1368 1598
