3000
155831412 215438868
299506013 210903276
358472242 247796912
310167047 26041146
469077259 125823555
411365072 14636302
227497955 301367836
316394881 453875080
220537252 172765076
12488488 79888725
339029119 235733981
6023730 244380903
376312203 266380159
279080896 417616364
39666461 410812223
296675108 164693941
154554138 411051748
398453626 220283591
378080775 62202969
352006494 224112231
290659271 383700328
385371033 499057043
2341993 352815082
21001478 16497791
404715966 121092133
378209922 95895137
367567577 42591419
90318588 113899009
327049390 494974219
433662919 385667926
57695128 21331796
405400138 910963
327249058 470682198
220632205 54353962
126754721 132879311
355876428 214948249
192930861 174225006
101695733 165223899
399974920 461327760
32110186 271325808
327115980 97792268
453376726 482579615
188506478 35748531
133540309 383313906
157784529 405272891
104190328 473290274
262112419 1416668
421002247 318304667
388505808 193750397
82254684 445268995
427203684 103503248
237152737 344107684
393077020 27110168
451635051 357666270
423972614 85838706
36173222 262388903
216769256 432351582
262824937 492146961
2430697 34035099
25324058 64234619
146612393 75091454
453126775 202451007
314684508 412775905
368579092 44443235
426731012 130127121
464045616 117697596
348406498 157687697
426264789 266696343
242785202 397666994
156121845 229717506
62261420 167342754
43026525 130710123
470530019 84772994
159292282 166451417
440880407 10749068
92759385 458435761
228123100 152627464
89351025 100270411
364584108 228420067
467579510 450169587
391299106 189480987
12263209 436339621
299918617 223220172
435166319 57739611
335686845 282585040
304611005 403662469
109647867 19577677
44037 128696693
108791842 131157510
294779608 205037456
426225776 156338818
68935448 134478577
70914398 76997409
387758218 21231893
318364334 491971196
267187546 323541334
79523982 385750374
310960412 310188967
231075029 220433979
283064291 387256911
224690019 161371049
170821005 313390070
161696299 168589554
36663292 274626941
113583661 369022700
51299380 440271618
51730191 191019023
117661231 11667433
360446306 450390587
223332902 404500771
401988298 355101147
324982114 472794061
146553055 328533914
44245220 227463746
181660617 290635265
111119862 184511943
315550975 184725963
86360739 64131783
304393851 115777161
263187813 422008768
397157560 27286585
444475727 4667339
492194467 187876782
213508177 230131647
367234506 67771655
454201431 166463565
100485063 353338621
253245838 392193572
47210186 92257792
284786205 271885275
39743852 45029156
171292326 45192555
332180931 309666182
400974621 498296856
365893242 336387660
296563903 477287387
154637808 230144977
122479434 444183091
441529138 371129883
52785072 27882204
92371512 396721882
423850837 155363350
223939671 101773240
428673001 307908629
163088772 246858008
494206575 471637133
401962559 352241090
423582846 96082020
22639397 112033765
401075407 96396529
91504323 182642496
193709516 50266538
485682791 269351005
26475220 363925176
98973889 348838300
189281288 70495060
482636831 158832260
242907818 310372157
168633797 26916580
364478592 95245923
12244554 324520990
403571512 323389259
473276445 492680645
46098773 326933406
104891850 495333670
64952202 48577242
193212159 130183325
394995109 174781325
419322025 212633011
18098954 459474874
261000400 7336135
347452265 49791887
315787070 165897923
185238292 428010887
378911185 24343645
159571556 431267000
404910944 25118329
412077022 142849180
32891789 72164211
498415210 334062726
304474741 296369103
2313557 133076167
395700747 120679709
180884650 213515021
96920861 147670878
427076003 396956636
11991991 54480294
263225208 16875164
256720758 260768270
168260109 66147254
258357121 375303285
157449942 255164906
450793022 42711418
396681380 100835309
250401078 462495914
43481527 123554679
386052932 173331620
72999336 337443357
120949786 467388976
153230855 371112580
185619195 253149042
184679119 93515886
361628175 409104288
195100013 139989119
161156642 11988844
362000202 169279588
230079248 30393339
384600350 394797921
458682149 88955900
28571357 35487387
126743302 372783659
407041030 264276699
495559678 104947976
305238486 160287486
82625177 110398701
228640174 414243164
90081207 35880065
90902866 271288463
66980690 395253639
208118650 212755263
167961845 469208393
339792377 263877492
232942644 326693335
243102724 259400742
258933551 210044136
161019031 499462776
5814963 161172740
494110514 179425008
108480172 97415563
287642320 202915681
218162316 417337305
124099121 293287458
162698915 164785325
488978293 281232209
77660421 118278968
6495380 314240980
13854441 140444169
80439703 175466431
275350358 49851991
170506855 77566222
76531957 83304496
251378121 333662033
266976949 453161840
311944809 208133999
198475609 90847204
133161004 102622595
361750732 211019774
232309019 473473097
385816653 470330760
493487062 51852400
455070864 19881599
317427290 370650587
213547127 289728638
480181393 83871621
166908849 221896477
90646985 149435120
87594485 211579480
143709053 304248659
83279608 77813137
237777927 364129991
89691122 451720827
207391778 462523122
346492989 391529533
150060917 238418738
341723225 434596887
464675526 399355981
22073357 338189280
312450555 178341355
313658145 103727712
58895178 70500271
175299179 271871313
272291679 352947946
44025400 232332327
285217043 431149887
449399000 53218227
331095566 344673306
176968259 44759217
135309200 279340043
174771913 202216438
361549410 268723569
484305879 162142912
478371493 417462157
474418079 470094776
209473383 322191827
50790034 260253572
481986006 193895115
353226890 59591916
250580447 173148701
169470543 425811875
280278597 354518287
313016429 366187449
126228234 151384939
55795638 157839391
216905966 41842138
22577622 428759761
371317352 282818853
300397002 351932275
216465667 224337871
214510266 399223325
469161331 94796389
188115279 441117701
234140766 437551370
55893549 446389293
387856345 210242859
298363383 329164410
494881200 434076023
351419537 402346276
25135326 122899425
449117003 254821132
387348837 49997601
432385670 174016144
134811098 131621744
39866 174242682
42837163 63784616
178118167 417061469
204905543 302639647
133678558 43751240
475399681 253261454
76050724 442481296
352804791 147469464
383808732 272174312
182018445 189202124
226638791 263646759
396087706 132877728
362411770 53596553
304734784 85174099
368042888 438322951
240444940 99123001
181386875 210329096
275569676 355459892
458312859 263177222
53739639 343075352
206728372 158753752
363360015 398271058
362516662 470101514
498650969 470514709
317689275 47437340
349806470 155588763
499678044 458390697
147858929 29550820
440538808 94191434
98900935 408929500
207200118 310260247
90193587 283063483
64024283 98790675
40756231 117275800
63002308 27673781
178769390 210793822
341424617 8580328
219055102 214911217
181269531 126771954
246150404 321521072
100992857 463747358
201317732 130704909
472881954 135173841
239434913 360559862
284770811 200276438
211504245 259959576
430191034 119066078
269535610 126227136
358286685 117932528
129262504 228547261
439322018 313956266
65716593 3626114
300426534 4638363
352318016 195799675
117412663 289103169
465832195 296365639
308681790 482885721
465131308 291092313
368157441 406815219
265756345 320393198
386187423 260441996
39868734 341423666
129593972 12827395
104929244 110063266
65002708 376880880
403402434 319859638
108249315 271452830
2470611 478568004
293079866 31667755
336743817 395698647
34819567 334346049
283807821 472006197
333004302 196097635
62289080 460789496
409980289 204098233
149484852 75408162
176884941 115726679
397226810 403400834
170477642 202388305
361113277 207363610
416273632 388561402
113726625 305092435
368353385 243363550
293932864 480650842
209683859 132988714
89138549 242868600
473331772 134615534
12771034 379593781
41606270 380148932
147229784 408717677
269215123 496826880
397056760 474259805
454854042 361325288
14231938 415575764
354415268 234908009
156699476 29718638
105158709 483227493
133323285 65610145
65497635 339634975
433111931 465654334
161117124 236309407
93238545 292519384
148319936 312864095
311617846 377845171
339970292 459351006
304933754 130003186
62280386 74692281
361024717 25381353
32208262 288056940
467000795 433419750
138736094 274666874
17592933 99737550
363374595 244690651
88737375 395907731
391257093 367721658
78137901 276988979
369454123 470080854
339189469 140853197
291711598 142841960
57401163 230338644
439884149 193373755
266267191 40025533
369591110 174935453
496350016 98889532
147749713 304570977
366697754 266208997
86510002 148602357
169477982 119781500
182985044 428211797
340729733 348833243
466413060 264265597
435405500 32771998
420411696 492747446
362029809 335626439
234073473 213138987
18970591 91643513
470534391 94825252
189989681 340076159
21187436 39752072
334904518 158357769
466260149 259764917
318473097 180972376
140302347 247423005
222133010 194446198
136923516 471054697
375037602 58641504
141462749 465687415
405495855 208066313
478362259 493173244
483619276 441098260
97341745 131775131
104463213 279407504
138285640 330361728
61309737 494369523
391497011 452153229
478124844 475239814
207096948 355589214
83970451 2484024
99354765 327780501
478915202 465866413
482560739 159823415
302015829 75747764
156188787 43716997
162844915 321020945
62116367 368579187
443161884 42998109
304619237 411947823
27875597 365227747
228098378 205228261
254114063 110145539
180181642 132591134
60728551 80965964
288012910 19344056
244435255 41973654
389361610 322137220
414441100 57673747
12058932 465122951
11034686 392665836
172421409 133968089
108058712 40283816
289751254 253290548
143881911 344444325
90467511 385978035
200236605 1742658
496476786 248882109
443347896 446640498
307167745 308257144
113159357 299895696
388923676 181896600
170769065 137107677
346012041 209128242
137544927 145558914
485520942 397903721
358122911 114836622
383283622 473320832
121659855 403525185
185497385 328551214
395428970 305377804
260386745 174293300
422494984 470379146
247231837 249712703
411493861 135670987
410263383 247256394
348613981 292614696
463185916 488846133
398681232 384114333
337818209 266074107
348456037 115125424
26699803 371185611
249315907 208195430
292200902 263894406
30311902 203924352
79691495 21478351
135659628 263245754
176794256 67192554
475596005 122307737
317445492 440645073
234377383 130608605
403663239 77783738
341179413 251877156
136312000 222240260
348503049 450435179
239476884 90666347
108190954 394434620
109159525 137068587
25131741 468692860
255595937 245054182
283284680 273081404
167654835 209861105
474629978 9521127
58116104 404768857
83302783 425441650
467474748 124261982
170243254 370714765
223452279 17381309
457952629 498222101
263049406 115156434
136156695 433371281
392442490 181219326
35308871 405537812
329827542 205887918
423759442 484676789
138472321 396999247
15906232 123508191
209566203 364309003
219175958 128305345
471122835 269772772
217743249 280556789
226233066 269847120
370535082 203671897
444533063 180295191
15654456 311801469
324606201 96200799
443202251 427508113
361744038 417399164
218553595 136205542
207651833 488896857
167509680 273430229
351173032 247455579
92505261 356222877
142397577 336219490
365549000 81753909
115812027 137063613
1716788 297297040
432175778 292148915
123451310 219312146
446677735 269891577
433813952 492398294
214504129 443409339
106003268 190110124
389485365 235489156
393542774 493682597
382917047 146393264
186794797 288906630
302340302 405362920
58591058 111986777
58083269 70986910
154207439 232197536
267751823 474214931
115608076 249381131
402970545 433357674
286270415 319568838
430368527 327129504
163698342 399668262
129188164 2972942
1702809 17965243
244175265 190451976
190026571 266066029
194839935 87663814
263413129 113205792
461060319 277569755
470741180 358533797
62377879 30778896
356837287 238047463
475043254 436660271
288689375 117696221
45890021 157378567
461952251 290951289
301612251 332864681
196175103 93592620
458590948 122200849
334847319 94923674
316755785 269786550
345014296 277671617
158226921 264417653
385385982 234919743
481458775 478829875
317389494 374872677
115818387 440297910
174354400 330215849
198362663 44579665
133266449 25031298
416254359 66332074
142176375 298347638
269192304 121124283
317573479 144850059
350350525 8747750
16404246 88729937
322360185 164834582
46345673 110874446
476351515 64801704
114449735 124847341
67240637 375941817
62609594 320806421
180914547 428099594
351061703 230548457
255494957 183000470
367582860 78428633
389989225 487259880
358152969 22749203
304006634 427824671
430310165 499284678
326261161 68227539
234783360 66573379
306083895 460080099
222898323 112947985
327022478 415854821
212394685 494522621
329888977 372453430
458126480 100817626
264898810 236464162
205282882 269841172
469521613 376919222
459517368 199338023
187229408 487635262
283602578 133024028
248222584 208660986
437442351 380953519
5088467 186683020
345092764 264722247
385594676 109477477
30333529 493074485
483741906 47257603
328442317 82365048
330335239 351613128
391272357 232164968
22539045 12980298
53682392 441464542
96470346 316963724
180552796 378952204
250533242 119443314
60987886 260764166
26772673 246086403
166525874 277429500
187319728 78053488
109590187 255918334
398814112 340548710
416099984 348007237
337363580 268830546
360352900 191879192
462740425 280056387
437106657 202743201
52571796 50750641
329134385 380800760
270779664 256208969
51581828 131211794
218242642 134073727
108844968 440628337
203776118 418723443
104129396 289260919
44428053 75609960
212954166 400241790
283285775 433149580
321547746 189558765
258123114 127008311
401422025 383528124
325848119 107574674
13159255 124325561
295460430 367348857
150159152 362240763
343044084 96682266
474295961 163690901
194132954 362990960
241263421 378524583
361193106 417012493
122914062 214391040
29138724 312018974
74575505 416386141
396093636 490055353
434356793 302893840
185320578 237569526
107363859 168755160
415066029 228607966
381386145 390895496
321137736 77056477
105082207 405245772
369055484 101395888
149148095 477102709
386199608 28958120
35081415 336939455
74098087 268692462
312544348 444576845
244706474 255413564
132956441 414528823
86936079 381419578
273184650 293854097
315947799 53193025
439726580 293449665
54928430 340420537
62284969 44592294
441517972 363512464
134009430 339931390
30265452 89232228
216578569 149419307
303148365 36885370
246604595 100578294
131777588 175786231
80514288 198603742
341324648 316683634
490188749 127879725
290058247 409140004
51913439 480944477
378200214 69832992
61480865 14588106
433102161 35013943
183950318 190138127
369855703 414995741
349906383 335200141
242265517 246999528
477929581 493580503
239885488 257266291
12144375 63546984
78301068 453976242
264948982 78579244
451924146 447058941
224250556 472844432
112036408 389258961
46092989 469454138
72190995 353573662
388613988 476184725
283203762 38006860
92943990 91991613
483507431 363216678
60550848 4704165
250530549 222209724
32338262 56213451
397700891 457439339
162365160 13517280
296174212 195524287
355340718 441733617
29529103 125342206
150031626 229929628
449128784 449940123
463926375 238078436
419673149 14624195
285875416 384993056
342328225 240077734
399466378 156423269
370129660 50655250
133013792 241708969
496012977 425025695
425110259 238290924
116546690 238260292
348495287 240086264
66214816 73780458
197659324 458868462
319949057 449051136
160399676 422732926
120450728 395056542
148846952 145155670
373255474 260338944
233143521 108443334
283009011 288357608
145308480 403812480
174885030 261941439
355840240 257963670
406095951 173986195
329783719 400701093
417038313 341173453
302297084 103400346
78870430 496651799
42451061 206802770
259365484 348207763
208261601 321274843
3370332 1669803
197522101 144491611
145538769 227113859
61562869 279686492
111760970 192081063
403138937 446361066
291419808 9492154
46705952 282676640
297928818 14448039
122255078 277249558
170042828 304229926
339667813 414966030
14144086 367990615
381894504 250062531
299659798 436690185
141865697 362839127
215973961 199218850
407446443 243116808
374463773 489648983
209444695 174464714
37776909 132865670
364874006 42829089
355371511 252532332
188505397 208588239
125007711 228868149
319285540 245078361
307088839 32012092
130244186 270098634
83657702 118240103
353523140 431826545
275233422 65162993
352238608 232008886
437208470 171722496
125354819 446923103
410024113 122251116
305530403 499763110
412169570 116000405
256648816 141723726
168338450 380870855
367780927 429312082
256375270 155605070
472859206 224151701
450981997 448316481
450427005 108856582
408948689 98245127
192758072 324916651
427352130 67258321
168764561 490168118
75702620 112264580
78430981 181373224
219720094 55024557
97175406 459485323
394441339 117502492
290121259 79346424
426381122 332418290
165966056 154189073
306942135 47641265
200397413 179264775
209793191 391649186
46132016 73062710
466489762 164381430
10584774 286436563
115927789 351383068
112473231 362331851
281919364 290115834
226424619 225526930
376652973 195680926
291126460 327615600
359632378 413397135
28308144 316615430
450413793 183101681
412139708 79539726
335928318 210153721
59721608 174592392
393807409 446582129
160591543 7512080
322038948 68406039
301024513 407174029
357081764 304582564
464307117 305820404
38902378 78750724
55103355 93711756
255044177 368846463
36419352 45226182
454164940 452773223
43463744 36478325
489905313 473441800
173406521 88855156
479675592 315538479
62427794 220937493
332852773 198357932
287403841 405497428
372464160 214006053
203370864 329983327
241212767 121722585
457777198 290756914
380303029 24872905
29392004 163203119
318079806 259973160
124717643 9760814
39351844 328307385
271289360 419905117
442058065 338820385
92824029 30606172
111781838 254312249
281919469 396318497
409714858 275506955
455123534 262619957
477176946 439268471
296379222 107010423
313290575 348713556
375066606 99072967
414469724 428056461
353562715 329580082
370366977 449366875
75024991 299990818
58290816 480022365
365461370 125091666
328421747 48376223
52002327 23602955
235201927 132417928
84289275 487370386
494562014 433007738
52197045 485664438
372395242 102711763
132898836 147588349
164032657 87959109
439044320 262938445
342127251 132562305
378102754 291373300
443704136 343111213
287461599 414486133
198136013 81256796
463200569 3304072
226990490 285783221
268137115 348412635
273877423 460180335
342307683 74857653
152404530 338058365
471994376 92661546
346469010 242800252
186814818 457890381
108703365 247725916
322137462 183090624
465672926 166412887
300244744 180394695
499181099 5525541
174829092 315906835
485669676 461230044
471376217 384774324
132392609 86675246
378467076 334161232
359645623 535881
182504361 267242619
356238434 267887609
485212407 178047329
27330249 409225324
28397698 170363345
370824527 243167386
47875369 431087297
64568373 126683259
134744366 85173733
127279732 300090870
361017145 24439111
4889157 401494166
487467865 47595072
210545311 363826745
127691137 357499702
96667100 454315947
199414985 141617888
469519506 154086708
377075133 153056054
168470968 380158396
216156532 235707874
384587838 365804001
4660639 122880349
28318834 173713572
482360302 166218060
101567728 196515740
243383762 165762235
344401227 149252103
97443300 111095232
84061619 304993204
92073521 232788660
90482030 260679694
48762887 274050216
181991539 449746041
108678072 80179056
348115112 304311146
415939608 153340958
484265445 429703972
187301643 244003723
31341049 428121133
294263328 283246631
361120082 147887875
204210049 379983878
88571355 75038821
453395743 272936140
184304654 464525483
350493491 138494348
453015699 405419024
464408793 124598485
360684239 44479629
457655049 471485473
496778150 450848329
309974522 74931126
484018289 271449473
266047011 163523367
357350982 326012733
60497442 41894992
151355224 350464040
486379843 63642257
182119217 163715106
349883698 296045981
421437408 261500691
415432549 283263669
394151968 146757870
234852152 496880927
236158750 143591124
327022105 243196050
19004431 224177835
358906474 474591005
379601674 352270411
78725779 304633474
253122810 132471172
13256658 61885228
202093602 121999928
357817106 316781495
37722450 231910331
343372217 405832665
106987933 325563244
120989165 109135764
464686881 487046820
379973791 311555264
148029743 171403182
359937143 433314150
134466705 8025402
21006644 380307944
113047448 330278482
40309617 271663300
45795290 441339680
162367433 454102469
392916819 291547060
53224575 99277795
159611203 156140169
50727146 31787422
381846379 408577877
69161174 323315022
20127270 198251241
360819455 215066482
377733954 37737054
122075765 249048433
344141350 217073781
308573486 189482195
262815160 214109372
431099713 100402772
358179458 137703078
285690298 154104391
190088602 232696360
429947449 12232254
382735593 315280701
242477909 358815697
429679765 349603055
13058594 66161764
486255027 401701257
455813152 317521761
101153274 248281367
8052994 133186204
296675247 283276343
186568570 367297667
354450359 209646681
493760439 257749081
373373157 178908182
321038236 483291983
138617634 47855491
3008923 447252212
463100312 66223794
131674023 364479323
27881814 256977891
139897478 194438816
499011446 365134674
110715409 63536176
24037751 55999898
205620468 382214822
214597040 457840550
144608864 27464911
488247585 402994459
173747151 265938060
115187849 75134321
363264595 203684253
279480615 494695627
123759901 335724924
475108429 394398575
142663772 480092387
321416655 119605643
356809438 464682684
129655766 439291715
472256219 172008970
387009665 482258832
309524010 91713215
377903437 176576183
253107319 411216085
287088511 152517936
211250856 64397727
293795161 282036650
473878449 375176234
110411537 151179741
381569561 31002585
53127287 240277563
77213427 343156430
112235301 473920551
244018045 386019703
51692859 283272240
91503852 230095280
446666856 290689292
479306860 307209371
163954392 31702782
481991345 17695025
470626023 269802225
312074755 261584725
439000065 258240081
82412935 426724550
394811995 111357384
196922792 284836161
41571444 267530778
42906574 83566720
464335311 200328250
263700204 252146858
41255839 287916898
179512595 390285325
28860362 162736366
237196616 42253688
212389981 172105654
417876878 494086571
400643679 379455998
331275872 437032244
39267963 376648306
459702365 464114476
358928663 94974503
407066621 452630820
392293126 466585054
81979692 461355058
494926479 46282836
335173752 58980915
387341749 325082285
330742481 228595497
291395974 285113883
26996828 114300133
496330276 487075223
18742157 192153939
427447409 290416231
259456721 113808075
5104819 273559173
379842080 257645402
196845941 461645119
109827732 451506824
392154356 114439694
84537310 130776391
321257561 493478413
147216844 429375587
138626000 480083700
417677340 86347702
403656589 135604035
379292324 389883387
438441057 110382241
289531110 245288558
322598346 421812443
488310986 54938577
433739964 479522968
126070227 184986156
474920782 487587198
321375141 336362092
128456598 377932333
91324635 377725335
60390166 155039670
166119010 401202309
322168232 118079153
277235182 281519975
388252668 120491594
485577618 423748652
473948732 460816701
58729516 147513643
450425877 149085276
480693998 246161750
39786103 381031983
357995970 80564402
133115954 140454317
214451872 215524244
600766 389968588
206491133 283410640
359037583 399826733
359062348 304842439
230335453 368546910
312685437 334141008
277964407 387357875
320216665 293059405
139913186 270503775
198457171 412918263
373494490 376920237
29263137 34582527
285606371 253757101
149367048 285221538
262504976 149202556
427257964 260197470
487435892 409829837
60864542 415674484
461060892 9809333
375605526 335785605
269837128 119109986
314441756 180404745
26313155 4650301
207670911 455145461
157579825 247341238
54473243 370003217
213169017 431080096
132537303 106184373
227586030 85185710
227436295 176198542
472782436 118683037
143608923 321771131
115597536 198137775
123191717 93357797
379411702 168122888
46084022 212312296
135008174 397722303
397584394 71509451
325171313 69968272
177768288 175087639
211584400 288008759
108265778 428971576
42398100 297179083
50863177 355747801
47811180 313269428
300978983 67220143
350159337 196972123
118761701 168392860
447778430 326526473
444632848 209584338
138972620 262425701
355302698 232592940
498175369 12105305
425800362 47852632
498274646 223477760
213681762 281383776
29789820 277213085
392521524 424512505
303238710 324354275
255135888 277612152
432268892 189070787
382644962 94191392
92553350 330588107
221426118 255996105
82153955 473672878
488176855 114575285
168457171 96321093
26852403 132958861
3961187 222830079
281131868 333397556
211736658 496344615
205136454 482319840
400029507 386245843
380625849 84092755
389554780 91790163
41256620 324103266
92733251 390560222
378002412 353841241
355717916 379858120
449693178 65652388
293075313 128974108
265631567 113996963
201032796 442282015
253936404 77454190
116941726 389744447
474345158 427680326
331113679 200998859
146243111 56291472
390574336 248976023
173126950 393475670
114115679 456504502
489583587 77625060
468031756 187107079
490061241 39231726
189577321 288825152
298754899 204820838
320505822 75513751
13231778 482320249
389427679 49524990
58515209 263269945
444135314 478482770
495711274 334032723
389900834 246855248
203735367 420176699
38361775 397352285
106889351 196514042
35917832 206081592
54305228 12836333
118615375 40593525
36134750 481330574
370173373 306573702
52155310 277978293
440682930 141510115
323863354 411778019
68336654 119021178
309184247 155673526
319447515 11079581
24615272 51532500
454688860 157267150
208717212 197296736
276300758 120439884
121544073 339424350
466413830 357903954
90669991 499314253
403755181 216387874
122659353 458005238
223068986 427279935
170918344 235905490
61256247 454495332
108210138 257935323
387599971 264980197
106526546 478692289
56259727 104636971
40652285 146342196
321232436 261856551
359104372 304920150
440803145 303357706
190176572 190891134
261807214 297716146
46965588 134519681
226446873 12415378
377107281 427064226
227731395 322139694
261474607 41015264
498172316 356125496
134999632 290254275
211410894 433129048
216351719 386990887
152191707 28652679
237650138 47212507
28229235 15739420
178528180 345357184
233983955 7001922
206423771 353418470
163758391 61289436
362502715 331129486
403844367 136508315
494864700 77672114
385384931 67425944
434413673 462398690
170765071 411227248
231993560 8152788
490143151 338584516
4162684 399984076
409271655 181877295
428427467 11656504
209794354 290496651
262148 400760158
249452786 315838535
355078456 423309829
75675745 66023328
58026190 417270374
333627397 328691537
312738806 63902255
135049102 450351665
207044167 408571
400831441 3526464
281423415 201466018
478247751 97531988
474985489 27031898
171495881 97003572
474796275 421114011
60948594 77553378
204282529 340136943
369986015 296268555
157871306 407411111
307930353 144332496
83049347 352588564
154371282 360964944
156259226 126515137
151731827 408945654
411717210 14356796
46237121 234744310
53140495 84290758
177430507 320683913
182946111 280414536
197636638 178881580
412611456 453814343
47563159 387870410
377240978 294656138
214038604 437748401
449010936 189289301
472088361 364911011
487295762 4784633
213306162 362559845
319751695 163676330
487361010 270424221
163353121 396708180
72056834 144294480
282516348 99484177
385404721 141124100
492771370 476708902
126300547 409292047
106773375 21057554
265567026 257307170
279025034 213086516
180463986 450614052
112242087 173465
136786906 282356395
394273637 324130698
203051549 2089258
14659010 235001342
441109607 56278651
886316 188354161
295639364 282617416
299835923 444058706
456118085 313213871
124260367 387822155
202022374 315127348
421920757 439591504
257646391 483627935
326399454 97167929
82381542 397141815
147941344 283057436
189629651 355307413
456997817 79051069
138159627 167988225
14923586 491255312
376824248 407270396
116123988 389940672
235778308 370286646
436967062 224314813
447169409 467158989
352426442 432788638
275568021 278859856
443090189 410076073
51150450 266009615
194145225 135893790
174282505 457416027
307773252 154202283
311020030 384060981
1065011 369416936
16956805 89458963
324585543 99941415
130599390 271050377
433852544 65246874
93616808 83310493
170603450 498907154
297703012 395892897
5745151 452575680
9594959 289965781
89641520 346491264
405575869 348569286
473216215 119332622
42430089 185037631
114460070 23624046
115771696 440690896
220193410 277392551
384700892 170107965
354407861 156188153
368351939 249403898
395367729 487095477
151016577 353579013
410015026 259283739
84579742 370284287
56261627 72653994
378614110 329782103
367143499 367141576
493696953 311860976
67737370 495422273
133696250 373927111
332835351 423116223
396997059 73150756
475689958 266877879
327077211 272396365
339081459 330631915
272383784 368872699
206856404 479045901
7950785 227178331
342942697 68218113
17677563 48488294
424146276 341738999
369147797 44896708
170921593 23980256
91179118 131914387
74504231 354315909
385065195 18252259
485718181 64314322
456037730 453554989
129424820 390963254
25744496 71189211
449152761 149911479
270500895 173413198
421139141 394768946
173680473 375769845
359599017 404702401
340145022 132317591
274025755 185192012
99558778 459801296
116290834 23163424
338911693 175663822
114299927 449750297
322266486 428804206
488033032 474463355
413720507 162519684
4127406 386190836
467194457 90134158
77311816 363955153
366316552 487141280
249034125 73299912
51269050 497766512
282273555 332522343
433888818 157013654
177372174 153586509
332742519 294367414
54200974 193849085
372917750 4277334
412195453 181986550
230024864 468925472
267799058 438725848
311292587 120810589
267715856 396646239
427593327 350248678
55938870 336151011
322679646 57475705
276597840 307167338
136587685 267598746
475055866 429294906
108384086 44658262
400654599 71507897
82119981 403070825
480783260 367550123
16054302 184837360
368523533 362008657
334679188 151521659
464891728 448931792
350477889 74917070
234893332 437049724
103250292 380808836
288711397 403195974
101914015 300628464
19745327 227571838
42793907 370068678
74279457 372348655
134180207 13073856
429212278 438086889
455387706 436087170
243383614 50219765
34867702 207474981
355028832 351141411
23021750 379514962
448412045 474683305
274059372 173840560
348628472 142022405
279361393 304283254
302367658 255635650
329754972 282525694
99458310 439206337
334565191 224860500
497012007 71895540
475998818 278389082
180566353 489781825
470644098 78871644
326844195 99502889
462194884 459548110
410133484 434644468
37983889 246819003
459623252 4538120
75429685 497736637
412204158 215050525
252749259 242883798
199303056 2759614
477820382 162657484
52785348 347406618
314874946 454469064
377396373 132348928
158058573 38794020
316326732 14274967
348569172 341225153
229351299 404374894
319527183 77782217
251518494 379708570
51528670 158362857
287236119 476591652
91701103 139494626
288193978 127339664
100162637 398859037
488753030 135237425
62514357 433077673
291979187 351331918
282558965 359905895
251543235 67254844
176683427 170386123
379161905 262506225
445752072 151698781
90127170 163109798
238602795 332029898
336496813 129989672
170852494 98189670
432897011 20763002
222309697 467493654
478451195 14498319
141027632 374381949
239998039 453131138
299398914 370703686
47504582 458173413
220619867 79333289
493881481 46678261
355636723 266507746
7569439 90299658
163498848 20984565
187889414 89450438
126027315 331917536
309243994 96010400
327543637 72453412
7555482 134812101
436346108 310629096
247610251 438369752
398405000 411447786
20318817 31949003
325145005 365143496
215600214 223581692
22909806 481602741
238003458 371555408
407546084 406538899
477822287 44103970
361068639 235048383
159934223 480975729
147049900 338340376
118853810 444160338
28527614 168959117
135554769 168609219
335342105 130064198
81931684 400333665
135980651 388233720
20514730 175433568
40878403 379983644
268080265 77313796
185992749 202600192
4161534 204111312
41606263 272550525
208602745 462947615
191817249 187089629
467299042 88297002
181643749 300209424
348113004 259849689
225045118 216360231
65954807 302653000
437376976 78394564
41085197 241506958
95911988 294047404
137048005 443798129
236742880 421873374
402309311 477377520
94655759 426649906
250082417 15678535
132003224 49046657
232059277 459976441
360413067 273729234
230120192 214683733
322380341 7367001
496833630 343547292
360278482 299067187
291718976 356107765
491855798 9944741
345358278 239008279
156073640 42610643
47385182 43078046
253377679 55922437
153809352 463370496
340735562 246503994
420764801 348489632
268772010 394781383
418077947 146938505
333648058 67718818
451370947 315643633
122593784 31676531
482361819 415016542
499128318 23032525
73205521 8034589
315055075 178867172
236438178 498012179
4296579 186150688
138491947 382195403
177683808 451160425
223644741 274039174
380762064 263675385
35557218 150395590
64190514 479986727
46209178 117826000
98810678 427489880
38170162 270965403
448471086 146802864
160164001 246123518
96245444 368505690
460241126 489951896
114802113 466196919
255649339 70191825
117276241 35138704
207340721 470613395
216393297 369722309
88340808 210168164
487023543 223228958
331040652 387214528
103966973 319663311
297693707 252583536
378945463 366566493
166002015 441533222
181227094 90425466
491939429 99777411
263867953 382806819
481204880 196599080
465964699 52510377
294394482 282768595
345810937 45934668
140267609 348194360
477382869 176019985
90570477 75810606
51377594 109823951
292264735 251227035
456706842 320821672
431505287 419266823
18471521 317356263
141070482 16467929
249421193 499864469
365361705 487150785
74925638 203674231
197433309 159994856
153866170 32350323
450589935 354628036
162816567 258746326
124764571 198081955
294169801 306258072
313735276 293621241
226680089 193231051
437519380 354756063
182046887 224099364
312692051 75110734
472034154 240874071
194101675 298809063
153024393 49787257
363868953 164906224
19071705 232351100
10729704 32208014
115171634 190483822
42309877 475906269
120333365 487850642
90326080 363508868
435033510 112662764
368946480 123517652
446386537 302890119
168761751 383930111
150313900 119988152
321400417 337940239
351602312 125549216
463961959 35478684
206919938 44638627
314893016 490273147
291535557 382499246
326297894 424374166
63333679 44555294
79330510 475482204
237488807 159377956
202499463 406281795
58254241 487763700
348151389 175876239
294742033 3672434
112008150 12630195
287626627 31841482
481513085 186854906
342694998 304846771
282327885 42813520
122214391 197845165
437769921 182251266
264110348 23076750
220846498 66904716
254450176 345982974
206921810 373425762
183647309 145647598
112688842 242181236
175193631 142798808
18521398 233971228
428610353 409267480
46549732 426014561
106062604 86805602
53437228 413442769
128947836 293385028
188071351 196866230
352467441 462470003
398693078 172139423
147742519 357412118
370730743 384526607
287661511 413083345
110429785 30072359
459658062 324746508
247118653 14716809
287444960 306072311
331981591 267363701
442084735 396270004
453955979 225591278
226700389 236571779
217078476 27877235
309447519 36609343
252192226 295419623
368513204 12083465
97567761 449738676
468104458 124577129
369343043 244061326
338230027 166502678
31699855 462964527
183171201 99458334
125938731 220449592
300555690 57503969
115091095 170268937
223549423 384944099
310925328 394096517
146719437 410549702
350928545 190493139
357983513 354899429
44720484 290781783
345701905 437096856
140286260 219948106
39018438 258044680
62300141 1799900
362625865 371781231
301544693 493826782
102890483 451734961
301670186 279032151
43008112 218346170
291940560 149590481
298069880 334170725
447061487 40092638
332334612 126548415
426358489 88785624
68566420 265854489
361307934 81934295
480925501 239894591
252487028 440760269
249609601 305313410
162743883 373967726
101046272 122737094
51793050 405494343
428125021 58849095
85783052 33438588
313045470 252467653
395766000 42117225
41315156 175958218
427013111 321274029
497520066 318140471
371919211 75865108
327713272 97813935
74068955 150638854
227502675 414179359
288412327 445211527
239879728 271994803
258160694 30205853
60825230 34896512
465913802 403224925
331816795 125139048
288965677 45707912
121081473 181716438
90836538 401490374
203015030 5693942
413074906 271689275
316453781 108065008
131878704 172797307
20534054 174375733
50731258 421807186
276576634 147767259
3294249 479472900
343343360 134629198
326370800 466969748
379355057 333601480
143570100 464546325
107075382 497046961
441669179 452056972
197645407 454324250
254456682 321314256
164500533 483906538
332537503 32905729
168527107 357161822
350326138 325448826
148860482 356247253
102793240 422499247
95131599 97486946
133032067 316941290
250678729 335780746
420571290 21277396
336376976 375624150
476693555 360599457
65761448 242743601
175160839 435779014
194922959 101049111
29663254 174224439
397757029 359075541
153750660 102820646
82857058 369395289
220143335 426966697
99151983 187542346
451684030 163693433
373562686 283722672
393649119 68197657
291037477 230181507
84515043 168923931
216982610 370330546
416772611 462224382
167477754 84671265
211395838 445310238
228058116 229082684
116070303 472963076
51754457 58359245
366286474 453504307
187885999 240405935
399923039 120476089
229654304 19155156
178859486 87954387
217060124 192740895
323088829 83627272
189893138 59826350
347803796 432034174
494451675 362979080
109028558 158094482
414947768 225566103
278692434 202528537
52099358 123658430
163607137 408353390
407039989 385677998
34847483 122210444
447544611 199366305
15478317 339581593
167876521 278854290
466763566 44008302
352947067 44526721
366131432 272800799
146803585 200299531
313254197 152688366
146994221 130501749
441426321 248731697
242123476 482174378
175986968 112582253
281014381 28062136
423484138 98815099
409701304 124345624
277585782 247561881
367516049 121868381
299440589 393655820
416608417 169447735
111008994 481515882
449489690 221654728
149363559 189267160
487548677 389786907
272523022 142243079
493005341 305145759
291565398 348246860
232309353 84396339
293601172 156444329
431719301 347810124
152630588 432563331
226180513 32048620
379774865 33922090
295827230 386878452
30495326 316186070
199609283 406572917
430923506 288775563
6664626 422309326
40411386 373372457
193948637 49351555
376537450 306775416
236487416 461545154
212750549 61520121
499529049 256880634
248812162 213045273
240684837 65144531
81357897 307348944
62898063 311259343
415613710 330361050
40481468 66924523
304483580 324713147
229237836 53133792
188653387 56562149
465402334 496179381
60143831 290136963
130066327 327183044
45735902 80057155
294452968 203730584
300926123 308491576
182525741 492583437
314246409 393862191
113343404 168438938
376026419 208672347
497992293 144531877
68824255 192501364
396611556 320341997
488197610 46823780
226000237 79480531
257083291 345089089
345658237 120920290
284478328 25360796
439290518 192517435
343989188 367696340
79898060 223112278
159523497 186158297
191414891 84853498
364586255 264956458
499341853 270323649
217122855 132228434
473665962 194930961
340085889 408998928
28930910 276531598
366606819 51324019
338547902 376519793
64717413 253411826
291927562 471021663
389423644 322700185
436700315 136649313
427879550 178739948
304568349 27408926
47821863 59326837
134295146 319892519
463609789 228105499
406255965 222566186
485427884 39126485
331652445 73793004
203103481 199398480
174268224 249291937
361001663 15878169
272182996 367444420
141263192 86646662
155555061 49254698
2804431 453058444
121406651 289666149
448757431 8664231
355157481 141751391
31506292 241448886
453720621 387544226
378476989 152485485
397917553 17588934
63625320 248087382
360549583 129147008
111929717 383346784
2314115 80561762
402589356 294184216
160686486 30456297
128852883 468340964
150600101 124268882
230244461 357670110
208747516 255504255
238554305 18459697
114206332 483176767
87813053 163799292
162848148 91910159
177479905 138712090
98159190 375571381
40002741 212092351
375590635 245426180
158479576 419296197
186106546 470658324
223309404 194881885
117037206 255527750
46678701 129292920
209628748 178925709
247258626 118975365
91208250 94540850
68733402 383475934
101097526 387229632
15745872 321413479
63035216 475423050
112904467 191895722
14559536 361260656
151908872 140443486
152525491 431946798
271017582 17412484
409151665 221194692
220171877 283584454
231119119 209130885
138786593 393127046
422240334 6324209
38612824 402642189
64881537 7390362
339828793 303927341
362286710 303557733
157561832 456226350
68708323 424185910
85253991 2254870
120246308 456312847
160333434 253750615
394784334 64833123
455374710 341794988
474813161 273719865
32638533 260503678
280424057 277140786
235253795 474253295
451031849 472676035
351041237 116447773
297342518 144456186
264729093 489892971
142761385 346987401
160265339 163886850
140169242 173187300
397619267 162079174
497242072 337930643
212925482 302807366
142926862 190828513
448853783 156657050
409959117 86828353
213091996 474341480
264929444 366345509
161679987 292293534
447358851 272501487
41979191 456008301
67993177 125106242
166565880 331823698
467153257 168142904
35863620 200688367
67413511 137460597
483935592 111717072
57261147 256247830
485154288 201180811
72587609 148158777
401828286 229410948
462131288 164636992
314921716 217335764
33951157 291393483
156927968 302919986
395991058 329554704
468464820 302755671
334994753 413176190
460235264 239431962
357484086 59421721
293838732 401135739
149666147 318027530
307252911 77590099
412092516 184216988
372072316 336485942
56214254 321292853
390689670 31528282
317758056 30596700
353936312 50619900
97303483 64129038
181513455 223583289
491143396 360447080
317465434 131061902
402931896 90320083
36118034 110476203
8134300 176181494
263869751 200754991
150307280 183810943
215488519 203123118
155300360 19107911
62326151 119517701
66075796 95284313
289260309 428446930
196876049 474899646
385329022 479931683
84818530 408549420
47819622 143052428
408139113 404474588
303781049 35609302
2132298 368745134
162422783 124460803
292222926 358113329
13891358 465587506
44842896 151234423
442813150 293072769
125746419 396559643
315980280 204770347
405747155 227629850
42757737 376980765
55224223 85247844
230671754 396508753
115710267 238629803
79911170 369156969
344531492 493873746
25154785 158578745
236470417 4851714
236139415 63369889
160320054 189533606
362395110 19980459
327405395 323668873
490257549 371399686
14340193 316557791
417207490 447633861
424770851 135407400
293634800 391508163
351955190 209493001
151734800 413065145
151243652 324764526
111670811 217366504
115723299 292330852
175456635 329001713
470251375 277684019
421440048 293412593
166075458 113381547
222128937 67967446
163206771 208990359
265223276 413732400
109830870 273170488
483563659 448676086
95283753 187690761
464986770 172978424
119701140 70778534
147769824 88393733
44985038 227470094
22669841 150746215
76367050 302235939
270892512 326596741
64148957 49836504
481295710 12870595
97696514 367618065
426532108 412137694
229360822 108595481
222854411 462788413
387723379 470146279
180785080 356031606
453764248 234044386
413378012 134606794
386072599 421010776
77590490 219278457
9930503 212086242
492293242 80528231
1852428 247240896
56829463 453437632
81848946 288203406
229738372 71765028
329413172 473077202
401087739 132191408
218869866 194617101
468841115 190196393
330544599 358166039
328750124 372642262
362122748 333026762
122701360 93950262
129310417 260507450
126473393 301149838
439486467 178135376
315025742 229592036
125127407 464921367
181147146 103994095
296974135 266344126
210632203 437130850
250481295 226929409
372812000 448458385
485294770 15400249
332078794 323918664
381302049 429805249
189224559 186641022
253197690 132030089
226975552 31664373
327924609 327628465
436877440 424198324
275977570 416715124
265586991 21430711
120919931 205207287
39932056 337369212
30488557 121103040
170147183 469251791
120864805 333926688
239604574 229509712
202026147 414089474
277143039 293712651
140630407 377725221
386350058 133083264
219659913 88271559
11723237 99198444
307024301 497638981
142908893 414111761
314339216 413079611
107364678 332073766
117383147 481661685
213574383 268631389
352597310 230865321
403577093 302944119
280447034 415625650
154735565 265662512
364394647 43634810
86281090 137730785
432030561 388837194
428297891 328615834
41001439 230111322
76128007 171092048
142243776 199726679
61899311 329814208
242156985 355838902
447884832 268544298
137419394 416620627
164149251 383821339
162411957 110575580
288774057 472915437
469302803 380659759
73696511 466056791
256395875 297725906
419927719 97353816
454218331 307879182
78174439 24126140
126656272 295343414
184260107 161425046
302986815 56507332
414894747 366095500
91026522 281531305
466511262 369427092
76314519 447939122
436965977 365334197
499408564 187380854
213808756 185007904
466607216 478579465
21598308 368943235
190072337 371518040
85309271 249041186
449458933 272434580
70224544 24543553
315975512 384691940
67069531 84187749
312216331 144509114
439732530 14945591
362310767 136038855
418820793 231210758
71414803 202145948
491000868 178749620
54575153 347436482
402378394 490717892
436136389 52660733
26588771 272484809
77750466 87737496
157571011 404259378
252204837 285725991
99013350 31393937
343774837 139736378
14114918 461524738
318952667 189769261
313440522 100257624
495775667 60992635
345414591 286276714
204061041 207178742
284604609 142578700
250528755 137402907
96686045 83582996
124898431 138602908
155860430 79059651
253682601 481307321
235394435 121978797
112492419 367683161
97939371 200185071
132179989 95410233
424156682 143546232
388874193 60031320
257287524 138840583
17348556 334488663
339051807 1038001
499070124 268639494
315479903 305780454
97781908 325686479
201120737 379254823
172029671 352903682
26941564 286460518
88927889 58945710
209774954 205866844
497331127 496408706
31026592 264830026
252670957 220668442
471932688 38861890
149445714 124997156
445028424 34017462
22302209 162903704
369171860 313832917
2391263 45020699
97635809 292901400
491558336 262577075
218303575 266235995
280906509 31264852
440301084 467185946
255347372 443370603
263656373 182929318
422485510 48729150
77735355 489420039
432969166 170919970
298282667 181143035
228449561 172513240
292083827 315105572
291178352 430345294
477331369 300614090
29238121 129774991
76060483 304730743
42715552 452566208
282390636 42805170
372874425 385966833
223610560 413303120
346275661 244453140
93207183 348679270
459884476 415621430
210790504 296068331
415603697 91763169
409411762 332517541
402109326 124585178
351382200 63403307
444956439 381822370
412142903 278333749
324139624 143722384
466889292 315950507
81143235 272415709
50010445 460031035
462472439 461393003
98990188 316919379
225299710 176890366
319954801 147353926
305731482 42852869
157919176 29637526
38540876 465210353
397342084 472331325
371414946 402105226
160514852 72423899
441759138 219937165
383418213 233201947
136177611 354128661
458310409 47382498
92183402 471723725
256367593 45207354
385281672 223176588
424684515 184871434
80047513 33902565
286555743 361602720
232848071 351403929
305848396 436915980
413920937 469494177
342708739 33728411
491412218 45794408
289364700 234847917
469152465 403396355
45172389 124303729
284434253 276095697
406676703 291838717
362236037 336233633
160907332 151323851
100152250 309599329
399138217 226877198
352935683 181052641
235630499 461479244
68351336 178334926
359987367 276339618
4878498 203616738
116402613 276791331
459436481 206657251
158167630 188701359
415854448 274411854
347432361 166303011
302030586 347268109
10414160 103826060
291442427 24514594
129321406 135490389
25149183 1608680
322165609 1285448
108249575 48368591
452541190 156767033
191003488 255797534
175006329 389658226
34788206 289622452
334252002 415226602
274448299 343151360
360642929 429200533
388166299 269377495
482060125 202587344
20834452 422730184
197985341 69107418
475923881 49424918
300799981 74170927
20050966 206664362
187886694 90559227
137414153 380419789
189322282 384268900
17273815 313788822
73110115 3219702
29958472 124993032
236812941 474750401
373655394 363365541
249054528 209021405
142575807 363645373
492363004 373795542
411428719 216445904
70654028 367176623
489237673 286001317
464428148 88921091
463847854 275532304
258854760 139646690
198384622 130721022
281769167 154807862
408303072 187148942
97311042 272638481
391416432 346703250
32613277 148141247
131461042 373013116
290494603 277640270
321322869 306305487
191689989 127339394
275057789 436280019
387343020 250419413
46041899 12109413
11852529 459489443
204874047 390291313
416361096 178416162
149598267 200817643
243110989 40889453
301648121 464057184
41565003 392025652
98616045 137693509
188182890 239133351
259278719 215803169
336461769 115506311
343788921 481002226
369552183 313207659
136929596 128923400
458910310 60786425
417610157 453522695
157330908 286817056
355367767 445434269
261438603 199314400
167821555 52814863
248446614 417788058
307372828 324033162
215773229 439328906
97475417 431147209
473483945 99801462
326101119 7806672
29703381 286124469
480959678 200917107
417540373 264192715
304646895 31519145
446782415 409783272
129754389 30421490
61157550 196416355
56691014 394681951
228606621 437804489
473868137 3433930
83486466 95078634
400810518 345965022
207974908 288351228
58677713 123624539
148627323 105174176
465014518 450196205
467262650 188067826
319150905 339371143
427251439 353222458
149557750 252754528
206188963 120179359
138198979 13974833
313584899 335294889
259754524 239546049
227970474 149026900
53199116 106415739
364521671 16310954
274330016 318836096
110895152 486970541
248591078 363287473
228534889 233577257
318229100 271955290
358959857 12431015
197704837 159128067
488407544 316208337
87124884 492631433
371693193 82588720
331666960 394790780
131393378 244594109
378203391 210706203
316275114 329953279
403197717 138850927
243196446 220388323
421385240 377111281
480625052 351878449
354325644 293717197
208514515 295526129
322055240 354516209
186618989 312671921
295483411 219248681
260763769 280945216
186747602 319789097
145723832 29350911
195939894 438000477
306352454 24508939
167695882 55179710
496415776 220553124
319535372 49792720
191863610 383665008
86987449 303148649
369294382 42050898
219598323 251763800
337848358 293581155
148922479 410992081
408816362 268247562
331315049 406933575
331732768 55088848
303209318 360247649
341223615 217428951
456344895 63654946
25412330 168673726
43050907 219836363
470827008 1694152
471652967 201986309
42386319 73485093
495022117 211494863
37819281 209143967
468098158 2182625
389674837 213482904
392230692 367623859
54638430 90209460
180900295 87166761
77431687 363983586
23508697 262450415
153875311 39224681
100760502 489662689
323234087 169551348
424633959 392036683
86442388 395713843
98188100 156533741
86793199 51547869
2682446 155763638
484029859 148779080
145667681 394461390
100227633 477126739
278278021 210853777
473908708 199484200
11471946 435597866
163872293 106047140
181124589 434006149
102984618 32710560
433171734 488236954
350622037 175702673
452661630 436381505
245573193 168083254
282488552 418268250
174048147 23805741
89633786 76596212
488388571 146233968
389913299 349349176
462706644 37877857
355761309 428892997
329970560 421780946
165812826 283063804
204775680 218907298
120156893 375036073
46668132 354704315
263343647 310681590
207637439 275479954
451463862 31573114
256709743 108350235
175991350 180045783
73868617 349133712
268557460 361897101
345763177 209222171
212884763 472615420
196344743 314395046
472564551 57307727
50143244 495362964
350307726 487102307
252388745 261199698
383886050 185070935
325849225 326773915
255218480 434385265
68641012 39743922
372708391 51633592
217239472 139654685
212166224 241986010
35069511 205813541
429316093 349746869
76324179 489205092
282239569 392991770
184655597 111308305
280607471 114435513
279082684 69754159
265846715 166447732
67279699 330608231
40904774 41882112
402605070 383054391
20007327 289035101
295004370 296043079
133877068 30263923
228128685 220156021
263791294 387006139
259211780 160301849
118935031 151791377
243892035 316804720
170903560 266250556
273116003 457433779
365215857 350368380
333489248 249223779
103692554 221562204
34762717 397948820
25949690 8530887
229276380 265378448
160574151 413947792
183229879 246679212
262179244 203688157
46925911 54512984
30636596 343570990
256572924 360430219
111711800 36992458
319136420 374378619
79088793 75198497
473642732 74772750
387734021 326224624
484475813 220120091
339182744 56059292
139536512 52581446
68861279 467234227
133686239 259530403
496644438 116432128
491305935 176959808
324581996 412450801
342453048 290134699
318204962 335945743
8175192 327743407
409687875 324914229
295774306 127929993
407311591 113526859
469012094 266421002
219687983 217689469
223477158 299686426
424199005 147432525
467074890 200150145
256451160 188875381
117502870 131458573
457795401 201464801
334621094 295678864
341725955 396300873
271163106 397003542
194324973 134355059
44094864 61578084
487269923 223206833
332352780 291007238
184562643 458372932
56971371 203142332
40852630 18329318
202818649 48416367
137479794 9933015
294363384 456801346
317738060 118830606
455099273 284527550
446100416 28525079
283256056 123990368
382186140 343489031
311716422 406754390
485265001 135105814
238190596 338761526
426323801 73607062
223836414 333267122
328227695 145391878
422487464 218547077
386933910 264072891
217091038 488358522
441107926 481476210
465965027 441730631
107366451 259011838
213448683 328351391
358035393 106868088
357179194 162994299
452028552 27104258
305640697 187774793
418947601 338176221
32108016 3594535
348828787 180158979
111810321 423665897
469314561 120145494
221159671 378138173
303490126 309133618
68842478 226589121
479193150 267816769
461678713 95942320
235564732 380714231
149667415 164216742
373617414 62335117
356077590 114552849
107158094 379356399
188847553 182770835
96613915 357440206
334724053 171563502
373580811 12077541
383801516 16582301
64927069 222199778
59152400 6986974
101016016 412952576
30193309 209022644
155616120 163153858
152538835 436687814
57330697 283659371
298004640 267902561
343778323 176933937
439370418 385094706
88122899 379544494
394013931 314107482
449924775 287052530
165409525 128670625
58581374 332432651
132771999 16500258
180849533 169642676
95639252 410929034
447180535 54523410
274890652 197995352
141267787 368484318
81904909 180971771
413083435 217761442
462923591 182722561
441354670 470319251
344160107 14017284
103990668 73300605
127072712 365110088
383883508 100086448
96298349 265812642
432791514 320454533
323610145 437312710
381098348 36900787
14513671 258561265
46525570 330414301
383327043 243682821
319977777 462145754
303678323 114507763
209053284 29573599
63239955 497980848
123434547 424630444
1396439 86882446
386505455 297806327
39588808 361560524
498209688 49796758
391564555 39853100
195061756 445027742
442158163 73949359
456910062 244995932
334077065 448725528
187420742 405255165
36291537 242260104
310357396 301114542
14843911 300723619
346632838 446113662
247819467 483202630
227396453 257984668
23117717 29832290
139145998 124848615
315508461 338141521
172837842 445777204
343961241 491491988
445123869 359500142
217339324 402153630
341217333 79488586
421379314 256675467
220255259 396968400
26594866 97157743
444523455 292817674
265441087 408104925
216780631 176465251
441395916 73415004
405814918 493975499
256870133 49425431
245576908 101547686
483313647 294032658
321256030 487799775
267973675 447777053
271249299 429268616
182733420 252025363
140920435 490475326
368454297 165300570
400498790 125305592
111003409 181673445
275455471 435291802
486484356 93401344
279755873 285345642
298792693 277612504
360719908 379098391
385564400 255658182
282643337 157178399
297208130 249610869
444500731 249810592
41832705 349866476
297989426 262417074
358419895 426577310
197228722 113026962
471911818 377253367
369998193 243005965
176501926 279498755
323868826 310483280
346563210 25605159
87764509 120470050
448585781 345099239
145747322 334507229
161115588 27758093
72858107 230423058
222931305 371261003
271777700 21857478
90619499 55592904
4088077 454941614
162262656 17759063
342740028 74183812
172279089 72335708
232900288 221922800
357695199 150581925
81484810 365092006
415886275 251735256
207833399 189201203
66647187 146704478
491380420 18727994
246158952 12995020
499722323 284009063
414279910 480568538
150488705 131039181
267129208 281062240
139642396 2783985
7781035 281459342
291483263 97121525
41733639 423972572
97109227 273346612
41033026 247610887
76453018 68449244
321921847 471457851
267472516 307633149
166569484 302610214
348631777 256382335
357962391 428496427
6353564 253131276
299708144 391064726
172165691 449888243
112379035 21996984
418842866 6189843
90168448 288694679
485455997 197226709
160895124 278163855
31879281 36044887
435562279 189865613
464854127 367310452
47386666 320104853
479986215 246664238
180961252 159282221
332802184 432475500
155131596 285680933
93707486 188187212
17491827 434639560
166273497 191986918
4185531 193962981
497912810 103272927
432284894 136825021
339984616 1730848
92453232 279012881
492372898 252795032
277618284 278798315
116007644 455011531
46290588 47417978
93340584 485321492
447562820 445740247
474418610 324056599
32347551 56853563
87972405 419628728
35135240 172439330
336151996 33123251
97042908 353207331
52656513 286047948
421413067 87612624
381435128 80706835
136784983 157054768
50944710 75659196
77882152 36834854
182054323 482682471
190894215 279914060
12682434 50196162
269826357 170343403
104885355 110799337
413193035 357406807
237306491 85170650
390393883 320961541
340442421 152125454
179243424 446293247
134222058 225859200
333699811 333415132
208954552 3759906
487521506 458853882
319921814 499779088
87890517 78963228
417467178 315729591
108648077 271285272
203403280 464684464
214662645 244186207
436598964 270647307
279874233 88281786
395216154 295802654
198601851 309936728
279118630 302566887
85709552 210583593
293004736 83065564
196726732 101169653
397832571 2732690
368097189 268888291
448548411 54235681
119079131 281623918
315904626 278615448
18844383 134257420
103203254 434995673
365408093 287024583
286361159 289584813
496357776 195465124
268578460 176689026
383686266 352933497
467805785 275068368
432984227 218490288
