3000
0 0
880 880
1798 1798
1942 1942
91 91
2010 2010
1724 1724
354 354
2246 2246
1089 1089
1582 1582
1381 1381
727 727
2282 2282
2632 2632
1604 1604
2844 2844
2069 2069
248 248
483 483
2804 2804
2267 2267
688 688
1608 1608
2295 2295
2019 2019
565 565
50 50
1974 1974
2047 2047
2293 2293
2973 2973
1345 1345
2164 2164
1227 1227
2874 2874
2467 2467
2969 2969
699 699
49 49
941 941
1103 1103
621 621
1936 1936
1298 1298
2123 2123
1257 1257
2572 2572
1144 1144
2760 2760
2906 2906
2662 2662
2320 2320
2514 2514
1483 1483
906 906
2995 2995
2340 2340
2285 2285
819 819
666 666
90 90
2952 2952
1623 1623
1118 1118
331 331
530 530
194 194
1022 1022
2766 2766
972 972
1391 1391
2283 2283
41 41
475 475
1681 1681
2559 2559
1477 1477
371 371
2817 2817
12 12
2590 2590
382 382
3 3
2091 2091
56 56
901 901
758 758
805 805
1485 1485
2269 2269
1833 1833
1881 1881
413 413
2358 2358
1140 1140
2740 2740
891 891
1018 1018
351 351
2138 2138
1500 1500
411 411
1077 1077
2814 2814
200 200
777 777
1042 1042
1369 1369
1046 1046
2803 2803
2337 2337
1702 1702
2661 2661
322 322
2180 2180
2725 2725
2733 2733
1396 1396
2545 2545
2289 2289
2167 2167
1248 1248
622 622
907 907
63 63
1462 1462
2009 2009
2604 2604
211 211
1261 1261
1820 1820
1486 1486
1732 1732
2073 2073
1995 1995
258 258
939 939
1223 1223
1002 1002
2707 2707
570 570
1979 1979
2568 2568
170 170
2020 2020
257 257
826 826
2957 2957
1273 1273
2401 2401
1802 1802
2057 2057
992 992
183 183
186 186
1616 1616
1873 1873
644 644
1633 1633
589 589
1882 1882
456 456
384 384
2139 2139
2217 2217
2641 2641
2722 2722
1397 1397
445 445
1529 1529
2141 2141
2005 2005
1175 1175
775 775
1224 1224
954 954
396 396
1158 1158
2458 2458
1059 1059
398 398
1847 1847
2676 2676
256 256
1885 1885
1294 1294
2605 2605
934 934
2171 2171
2688 2688
781 781
1966 1966
1624 1624
672 672
1528 1528
1853 1853
1804 1804
1707 1707
1372 1372
1689 1689
1340 1340
2990 2990
298 298
869 869
2516 2516
2496 2496
1293 1293
2189 2189
1174 1174
1548 1548
2309 2309
1792 1792
966 966
2100 2100
583 583
489 489
175 175
1671 1671
417 417
909 909
626 626
1161 1161
2219 2219
783 783
568 568
1007 1007
823 823
2440 2440
1080 1080
2326 2326
1839 1839
637 637
647 647
2954 2954
1790 1790
695 695
2883 2883
2941 2941
2650 2650
2074 2074
1660 1660
1750 1750
2830 2830
1315 1315
1969 1969
1772 1772
2438 2438
2619 2619
520 520
804 804
1053 1053
794 794
1876 1876
2099 2099
1863 1863
1243 1243
815 815
1290 1290
2582 2582
671 671
2648 2648
2205 2205
203 203
911 911
2940 2940
2656 2656
2909 2909
2247 2247
2825 2825
1910 1910
2746 2746
2120 2120
2463 2463
2894 2894
1651 1651
2084 2084
2544 2544
1127 1127
874 874
1828 1828
903 903
1879 1879
2307 2307
2016 2016
2398 2398
152 152
1835 1835
2281 2281
767 767
2322 2322
358 358
2845 2845
778 778
235 235
2394 2394
2850 2850
2502 2502
1388 1388
1667 1667
397 397
1524 1524
1572 1572
2033 2033
1894 1894
656 656
2481 2481
31 31
2736 2736
1045 1045
1920 1920
1769 1769
1284 1284
2181 2181
537 537
1197 1197
726 726
1001 1001
828 828
2013 2013
2408 2408
82 82
1964 1964
1124 1124
1821 1821
1534 1534
1956 1956
2669 2669
1857 1857
763 763
860 860
506 506
1691 1691
2742 2742
631 631
1602 1602
2324 2324
529 529
1283 1283
2379 2379
1306 1306
262 262
1816 1816
48 48
1532 1532
2420 2420
461 461
623 623
28 28
162 162
997 997
660 660
338 338
125 125
61 61
1865 1865
2406 2406
2791 2791
524 524
2570 2570
2629 2629
517 517
1336 1336
669 669
2900 2900
1064 1064
2730 2730
1586 1586
2569 2569
1708 1708
297 297
1063 1063
703 703
1106 1106
2625 2625
2889 2889
832 832
642 642
2896 2896
2479 2479
1469 1469
1404 1404
1606 1606
1683 1683
1303 1303
1901 1901
1262 1262
917 917
821 821
2318 2318
1116 1116
1333 1333
2938 2938
2152 2152
1048 1048
2737 2737
878 878
604 604
2540 2540
2996 2996
556 556
29 29
770 770
499 499
1044 1044
102 102
2654 2654
2452 2452
2613 2613
2928 2928
1119 1119
1013 1013
2460 2460
1355 1355
731 731
650 650
2987 2987
1360 1360
185 185
2374 2374
2510 2510
2329 2329
1921 1921
2302 2302
1795 1795
1331 1331
1026 1026
107 107
1613 1613
789 789
275 275
381 381
1464 1464
1859 1859
2412 2412
2414 2414
1935 1935
1131 1131
745 745
2423 2423
323 323
651 651
480 480
2984 2984
1032 1032
2134 2134
680 680
1021 1021
2898 2898
278 278
1499 1499
2090 2090
1889 1889
2498 2498
2738 2738
54 54
179 179
2576 2576
1207 1207
875 875
1128 1128
395 395
2589 2589
1768 1768
1157 1157
2209 2209
2907 2907
1246 1246
2711 2711
2764 2764
929 929
2075 2075
1670 1670
927 927
436 436
2051 2051
347 347
1695 1695
689 689
119 119
1395 1395
1192 1192
633 633
140 140
1478 1478
1196 1196
577 577
2893 2893
1668 1668
1808 1808
2445 2445
86 86
2851 2851
1891 1891
641 641
2873 2873
2237 2237
553 553
305 305
1300 1300
925 925
2578 2578
316 316
196 196
1183 1183
491 491
497 497
2360 2360
111 111
2306 2306
1400 1400
2511 2511
299 299
822 822
2866 2866
791 791
1521 1521
1662 1662
2462 2462
2303 2303
2489 2489
1888 1888
2521 2521
177 177
205 205
251 251
2363 2363
255 255
215 215
782 782
2169 2169
1350 1350
1320 1320
595 595
1258 1258
240 240
978 978
1062 1062
937 937
402 402
1097 1097
1073 1073
2806 2806
2049 2049
1047 1047
2298 2298
1467 1467
754 754
1805 1805
195 195
2250 2250
2720 2720
787 787
2159 2159
831 831
65 65
2476 2476
2795 2795
144 144
887 887
2036 2036
2620 2620
1253 1253
2712 2712
569 569
1312 1312
936 936
1082 1082
951 951
412 412
1409 1409
1148 1148
2978 2978
2367 2367
2586 2586
1066 1066
862 862
454 454
1864 1864
628 628
1520 1520
1416 1416
1641 1641
1301 1301
2259 2259
693 693
147 147
113 113
2581 2581
2885 2885
889 889
540 540
1393 1393
2781 2781
2441 2441
931 931
1200 1200
658 658
245 245
541 541
668 668
2430 2430
2784 2784
1774 1774
685 685
399 399
1093 1093
2245 2245
1578 1578
2064 2064
2782 2782
2448 2448
1718 1718
1941 1941
1014 1014
2829 2829
1926 1926
2384 2384
839 839
459 459
287 287
1972 1972
1699 1699
1999 1999
694 694
2926 2926
2585 2585
155 155
309 309
2226 2226
2651 2651
1407 1407
1905 1905
1307 1307
552 552
802 802
2000 2000
2786 2786
2834 2834
2527 2527
2495 2495
109 109
2606 2606
1235 1235
1263 1263
2473 2473
2505 2505
478 478
957 957
879 879
1406 1406
2724 2724
2491 2491
1285 1285
1519 1519
2213 2213
122 122
1677 1677
98 98
2948 2948
1305 1305
199 199
2792 2792
279 279
807 807
1389 1389
231 231
2385 2385
115 115
2387 2387
1245 1245
71 71
2499 2499
614 614
1703 1703
2779 2779
2493 2493
2875 2875
2975 2975
452 452
979 979
2029 2029
2965 2965
876 876
311 311
2631 2631
2949 2949
1878 1878
1247 1247
697 697
1448 1448
2160 2160
2046 2046
2697 2697
2096 2096
2403 2403
51 51
1513 1513
124 124
812 812
1390 1390
930 930
2343 2343
1950 1950
1728 1728
2146 2146
1135 1135
2512 2512
762 762
2508 2508
779 779
2296 2296
457 457
2244 2244
2254 2254
1109 1109
2103 2103
2066 2066
2838 2838
173 173
1176 1176
950 950
2911 2911
765 765
1383 1383
2793 2793
1281 1281
729 729
1746 1746
1415 1415
1827 1827
677 677
2542 2542
842 842
361 361
1304 1304
2638 2638
429 429
1831 1831
2721 2721
1978 1978
817 817
494 494
566 566
2503 2503
2087 2087
2690 2690
654 654
590 590
1433 1433
1114 1114
1813 1813
1761 1761
1701 1701
2497 2497
1987 1987
1693 1693
795 795
2827 2827
1867 1867
2456 2456
226 226
827 827
2713 2713
448 448
1296 1296
2523 2523
2203 2203
2191 2191
1744 1744
1819 1819
982 982
446 446
1706 1706
1107 1107
2065 2065
388 388
525 525
1930 1930
2530 2530
2808 2808
1332 1332
1573 1573
2154 2154
2588 2588
1069 1069
571 571
2672 2672
1652 1652
742 742
2888 2888
1011 1011
2819 2819
1931 1931
407 407
2425 2425
1902 1902
1984 1984
228 228
2375 2375
1719 1719
74 74
582 582
1392 1392
2554 2554
1958 1958
1908 1908
1620 1620
2253 2253
737 737
232 232
229 229
7 7
500 500
129 129
1741 1741
2927 2927
273 273
1648 1648
716 716
355 355
100 100
1472 1472
1031 1031
153 153
62 62
1452 1452
1121 1121
2546 2546
2983 2983
2936 2936
201 201
1188 1188
1065 1065
2032 2032
2216 2216
171 171
2869 2869
2230 2230
1754 1754
202 202
2859 2859
2994 2994
2392 2392
1231 1231
2101 2101
2196 2196
1364 1364
2373 2373
2419 2419
2884 2884
1352 1352
2102 2102
2698 2698
1270 1270
2763 2763
1504 1504
150 150
156 156
35 35
968 968
2701 2701
587 587
1271 1271
841 841
2270 2270
132 132
466 466
1576 1576
1299 1299
768 768
2925 2925
1458 1458
998 998
555 555
1358 1358
2044 2044
2861 2861
2686 2686
1282 1282
538 538
2249 2249
2833 2833
2129 2129
1194 1194
182 182
899 899
2812 2812
1714 1714
1493 1493
481 481
1266 1266
1379 1379
1838 1838
1488 1488
88 88
1659 1659
20 20
594 594
304 304
2719 2719
128 128
898 898
2311 2311
918 918
1952 1952
1636 1636
260 260
993 993
1214 1214
2644 2644
1342 1342
265 265
2076 2076
392 392
2783 2783
1740 1740
243 243
1544 1544
2658 2658
393 393
2119 2119
1887 1887
2890 2890
2255 2255
423 423
1322 1322
550 550
130 130
1584 1584
1083 1083
640 640
209 209
434 434
696 696
785 785
2858 2858
1494 1494
26 26
597 597
852 852
2771 2771
1669 1669
1872 1872
2564 2564
1843 1843
426 426
1354 1354
2022 2022
2221 2221
2892 2892
2902 2902
2157 2157
2745 2745
2597 2597
1278 1278
52 52
2052 2052
940 940
1948 1948
1454 1454
2810 2810
2562 2562
1612 1612
761 761
924 924
1656 1656
2966 2966
2014 2014
1767 1767
810 810
2918 2918
706 706
533 533
1617 1617
1960 1960
747 747
2007 2007
84 84
1539 1539
70 70
1607 1607
861 861
1181 1181
1439 1439
1335 1335
2391 2391
2891 2891
1443 1443
2199 2199
2778 2778
2206 2206
790 790
1319 1319
2805 2805
2317 2317
2366 2366
1236 1236
2882 2882
2710 2710
1645 1645
488 488
611 611
2355 2355
976 976
1945 1945
1535 1535
1324 1324
1287 1287
1600 1600
1206 1206
2115 2115
2315 2315
330 330
1553 1553
1126 1126
374 374
485 485
2144 2144
2555 2555
1629 1629
1577 1577
198 198
2645 2645
1492 1492
713 713
425 425
188 188
2653 2653
1567 1567
1825 1825
1427 1427
53 53
580 580
591 591
2359 2359
2006 2006
2130 2130
1953 1953
1208 1208
2668 2668
218 218
2127 2127
45 45
1809 1809
1694 1694
806 806
78 78
1514 1514
818 818
2852 2852
1832 1832
2426 2426
1260 1260
1933 1933
476 476
710 710
1035 1035
1347 1347
1545 1545
349 349
2549 2549
2577 2577
1807 1807
2116 2116
1730 1730
462 462
2860 2860
94 94
2532 2532
2239 2239
192 192
2382 2382
1775 1775
702 702
734 734
1366 1366
1057 1057
610 610
501 501
679 679
2486 2486
2525 2525
2388 2388
830 830
910 910
2794 2794
375 375
1533 1533
1085 1085
516 516
1997 1997
81 81
1 1
314 314
2993 2993
855 855
2695 2695
261 261
814 814
2043 2043
579 579
495 495
108 108
2133 2133
2649 2649
2692 2692
808 808
420 420
2678 2678
1120 1120
2912 2912
268 268
1435 1435
2639 2639
741 741
586 586
2210 2210
1823 1823
2988 2988
238 238
2922 2922
2228 2228
2265 2265
866 866
987 987
2024 2024
519 519
600 600
437 437
2145 2145
2531 2531
1276 1276
573 573
1664 1664
687 687
1622 1622
1904 1904
2172 2172
721 721
2868 2868
988 988
473 473
2847 2847
2025 2025
1466 1466
996 996
341 341
1431 1431
1776 1776
2018 2018
204 204
2093 2093
2437 2437
2399 2399
2563 2563
2842 2842
158 158
2621 2621
1418 1418
302 302
2675 2675
2053 2053
2117 2117
2903 2903
376 376
439 439
1925 1925
1826 1826
2483 2483
1480 1480
2998 2998
21 21
1862 1862
999 999
1043 1043
2841 2841
1858 1858
1644 1644
712 712
2276 2276
1445 1445
1871 1871
2162 2162
1099 1099
1537 1537
2775 2775
2726 2726
2042 2042
1522 1522
2386 2386
1370 1370
2039 2039
1221 1221
219 219
788 788
2474 2474
482 482
1075 1075
1686 1686
233 233
508 508
2402 2402
1016 1016
249 249
1934 1934
1841 1841
138 138
1143 1143
2770 2770
1055 1055
2848 2848
2614 2614
2308 2308
2797 2797
2208 2208
2092 2092
2477 2477
2404 2404
1267 1267
2633 2633
1255 1255
2041 2041
2931 2931
1846 1846
2466 2466
1655 1655
1716 1716
2735 2735
1737 1737
1233 1233
1883 1883
1766 1766
1330 1330
2962 2962
1230 1230
1874 1874
69 69
134 134
363 363
1424 1424
250 250
708 708
1240 1240
2416 2416
1422 1422
390 390
606 606
123 123
848 848
2551 2551
463 463
748 748
2655 2655
118 118
1511 1511
527 527
1962 1962
2691 2691
2612 2612
343 343
2603 2603
698 698
11 11
2279 2279
2405 2405
227 227
83 83
646 646
859 859
2750 2750
1041 1041
2594 2594
896 896
317 317
505 505
2457 2457
418 418
1193 1193
2356 2356
1428 1428
2168 2168
1814 1814
2731 2731
1571 1571
2037 2037
1151 1151
843 843
2617 2617
1479 1479
2030 2030
2235 2235
2642 2642
995 995
345 345
1072 1072
1957 1957
8 8
320 320
2646 2646
383 383
2800 2800
1590 1590
1880 1880
1712 1712
193 193
1986 1986
2417 2417
2035 2035
2095 2095
2027 2027
2813 2813
913 913
1362 1362
2383 2383
443 443
141 141
1411 1411
2831 2831
2717 2717
2538 2538
2561 2561
181 181
2271 2271
2967 2967
1191 1191
1680 1680
293 293
1965 1965
2583 2583
1630 1630
4 4
1288 1288
2294 2294
2816 2816
460 460
750 750
1949 1949
991 991
532 532
728 728
1954 1954
1938 1938
1919 1919
1788 1788
513 513
76 76
291 291
1665 1665
2828 2828
853 853
2598 2598
149 149
609 609
1434 1434
1675 1675
2623 2623
2284 2284
2743 2743
2290 2290
1850 1850
835 835
871 871
1751 1751
800 800
44 44
2369 2369
2023 2023
1359 1359
441 441
1348 1348
588 588
1893 1893
2153 2153
2097 2097
956 956
1216 1216
73 73
2109 2109
189 189
1614 1614
1615 1615
444 444
1286 1286
1526 1526
372 372
635 635
2533 2533
1940 1940
213 213
1209 1209
2923 2923
2028 2028
1922 1922
897 897
1609 1609
2566 2566
1678 1678
2734 2734
2261 2261
1784 1784
1628 1628
2223 2223
2204 2204
632 632
319 319
836 836
1642 1642
270 270
386 386
2174 2174
2839 2839
379 379
1786 1786
2556 2556
442 442
652 652
1726 1726
2727 2727
2536 2536
1316 1316
2352 2352
1398 1398
472 472
971 971
558 558
308 308
873 873
893 893
958 958
2429 2429
2946 2946
2177 2177
1781 1781
2380 2380
2151 2151
983 983
2671 2671
2687 2687
2685 2685
2274 2274
2759 2759
1717 1717
674 674
110 110
1547 1547
146 146
1631 1631
1436 1436
400 400
665 665
1672 1672
1852 1852
1688 1688
1626 1626
2515 2515
2325 2325
844 844
1733 1733
2062 2062
57 57
2762 2762
2798 2798
2958 2958
1081 1081
2470 2470
975 975
881 881
1639 1639
1640 1640
2003 2003
1748 1748
1450 1450
769 769
2506 2506
2468 2468
325 325
1012 1012
1425 1425
720 720
2459 2459
42 42
1595 1595
114 114
2777 2777
1382 1382
1855 1855
121 121
2584 2584
518 518
1565 1565
2361 2361
1747 1747
764 764
1160 1160
599 599
406 406
1743 1743
1550 1550
303 303
1994 1994
5 5
1634 1634
2163 2163
2853 2853
2700 2700
2679 2679
2748 2748
46 46
1481 1481
2428 2428
1308 1308
2201 2201
1505 1505
2624 2624
1122 1122
1722 1722
315 315
2083 2083
1946 1946
2300 2300
467 467
2140 2140
285 285
2321 2321
1323 1323
1036 1036
1540 1540
353 353
1142 1142
1321 1321
321 321
2364 2364
1755 1755
1420 1420
455 455
749 749
401 401
1762 1762
2708 2708
977 977
2349 2349
1666 1666
1684 1684
2706 2706
1413 1413
1739 1739
230 230
1638 1638
1153 1153
882 882
752 752
2258 2258
722 722
1349 1349
290 290
1009 1009
373 373
846 846
2410 2410
2856 2856
605 605
2665 2665
2492 2492
809 809
596 596
19 19
336 336
212 212
1713 1713
2895 2895
2571 2571
1698 1698
766 766
283 283
786 786
1432 1432
2465 2465
2765 2765
1250 1250
1909 1909
2110 2110
2728 2728
2327 2327
2587 2587
526 526
166 166
2857 2857
2415 2415
1647 1647
359 359
933 933
1234 1234
2104 2104
2897 2897
932 932
2618 2618
514 514
756 756
2636 2636
1202 1202
1015 1015
1280 1280
692 692
2877 2877
705 705
1985 1985
1087 1087
1217 1217
2905 2905
2089 2089
811 811
2539 2539
1259 1259
1268 1268
1870 1870
307 307
337 337
1842 1842
2744 2744
2553 2553
2197 2197
1845 1845
2615 2615
1696 1696
1179 1179
1239 1239
739 739
2194 2194
1503 1503
263 263
2593 2593
2916 2916
2880 2880
584 584
984 984
1736 1736
2150 2150
1137 1137
1460 1460
117 117
2060 2060
2126 2126
1697 1697
2257 2257
638 638
829 829
1980 1980
2607 2607
2749 2749
1575 1575
938 938
427 427
2131 2131
2004 2004
2040 2040
2757 2757
1414 1414
1334 1334
1968 1968
451 451
1155 1155
2741 2741
2507 2507
1944 1944
1834 1834
2789 2789
136 136
2026 2026
1658 1658
1170 1170
557 557
2449 2449
718 718
1182 1182
864 864
576 576
2769 2769
2535 2535
241 241
1166 1166
1509 1509
301 301
619 619
266 266
612 612
1147 1147
2362 2362
36 36
753 753
717 717
970 970
1162 1162
776 776
435 435
414 414
908 908
89 89
2333 2333
2543 2543
592 592
1566 1566
1269 1269
1495 1495
2488 2488
366 366
1102 1102
220 220
2113 2113
1005 1005
1453 1453
1848 1848
2444 2444
2464 2464
1895 1895
340 340
1988 1988
2469 2469
2409 2409
2132 2132
796 796
389 389
2344 2344
1038 1038
271 271
2021 2021
352 352
176 176
1163 1163
1989 1989
2670 2670
1657 1657
1052 1052
377 377
252 252
509 509
2056 2056
1605 1605
1727 1727
2930 2930
1581 1581
825 825
2518 2518
1840 1840
1559 1559
2273 2273
1560 1560
2802 2802
2266 2266
2682 2682
2142 2142
1705 1705
38 38
653 653
915 915
2275 2275
1373 1373
2961 2961
1770 1770
2182 2182
967 967
2548 2548
2937 2937
1860 1860
498 498
1621 1621
1309 1309
559 559
1470 1470
22 22
1779 1779
2288 2288
2125 2125
900 900
1564 1564
686 686
368 368
2439 2439
1992 1992
2433 2433
225 225
1187 1187
288 288
2693 2693
1039 1039
2243 2243
1374 1374
1777 1777
1441 1441
912 912
1399 1399
2761 2761
2756 2756
711 711
793 793
1136 1136
67 67
884 884
2314 2314
1167 1167
2972 2972
732 732
833 833
428 428
1338 1338
1996 1996
905 905
2799 2799
310 310
432 432
1507 1507
430 430
837 837
1030 1030
661 661
2124 2124
2979 2979
2186 2186
923 923
2939 2939
2390 2390
834 834
1185 1185
2475 2475
72 72
2348 2348
2227 2227
1482 1482
187 187
2552 2552
1635 1635
453 453
1218 1218
357 357
1444 1444
561 561
326 326
2575 2575
1344 1344
1328 1328
2184 2184
458 458
1924 1924
1091 1091
1150 1150
2034 2034
1546 1546
1749 1749
2992 2992
1084 1084
2341 2341
531 531
943 943
33 33
2434 2434
1329 1329
521 521
1592 1592
1094 1094
2640 2640
2714 2714
1061 1061
1570 1570
2286 2286
68 68
780 780
1363 1363
292 292
1687 1687
618 618
1896 1896
1178 1178
683 683
2086 2086
1440 1440
468 468
2055 2055
857 857
2396 2396
1377 1377
2354 2354
1588 1588
2846 2846
2332 2332
562 562
477 477
2212 2212
1981 1981
2148 2148
2106 2106
2915 2915
1753 1753
1530 1530
370 370
1421 1421
1911 1911
2234 2234
1353 1353
1050 1050
1927 1927
259 259
1074 1074
335 335
1877 1877
1417 1417
733 733
625 625
1710 1710
2063 2063
1971 1971
244 244
2166 2166
1793 1793
2974 2974
544 544
2413 2413
2628 2628
2865 2865
2837 2837
892 892
539 539
1173 1173
2796 2796
935 935
2680 2680
2195 2195
139 139
963 963
535 535
1937 1937
165 165
948 948
772 772
362 362
2867 2867
803 803
1437 1437
378 378
1215 1215
682 682
2059 2059
2754 2754
1292 1292
2659 2659
990 990
2161 2161
885 885
168 168
981 981
2989 2989
2128 2128
1169 1169
2252 2252
715 715
1177 1177
1111 1111
2637 2637
634 634
1512 1512
2077 2077
2233 2233
2442 2442
1165 1165
2513 2513
1145 1145
1868 1868
1720 1720
1643 1643
1028 1028
2136 2136
2849 2849
2854 2854
1690 1690
1489 1489
2976 2976
2122 2122
474 474
2484 2484
1551 1551
1735 1735
2647 2647
2600 2600
801 801
87 87
346 346
1465 1465
2400 2400
2528 2528
2346 2346
1203 1203
440 440
1457 1457
1569 1569
1023 1023
1401 1401
2657 2657
1473 1473
1376 1376
867 867
1198 1198
707 707
1249 1249
994 994
25 25
1844 1844
1387 1387
890 890
877 877
2811 2811
2652 2652
2105 2105
2960 2960
2935 2935
636 636
1076 1076
2450 2450
2981 2981
2929 2929
394 394
339 339
1782 1782
895 895
813 813
96 96
2365 2365
2924 2924
2335 2335
2732 2732
1531 1531
190 190
2567 2567
2634 2634
2534 2534
1632 1632
2705 2705
208 208
2242 2242
1275 1275
771 771
1918 1918
1213 1213
97 97
1799 1799
536 536
405 405
1715 1715
608 608
2447 2447
585 585
289 289
447 447
543 543
1947 1947
2596 2596
344 344
2526 2526
282 282
1789 1789
1663 1663
840 840
159 159
2908 2908
300 300
2773 2773
1017 1017
2118 2118
1597 1597
2211 2211
161 161
1474 1474
1700 1700
1618 1618
1219 1219
740 740
1130 1130
151 151
2558 2558
1384 1384
2862 2862
2933 2933
1929 1929
2222 2222
1380 1380
37 37
2112 2112
1679 1679
2767 2767
178 178
2643 2643
2238 2238
2214 2214
2121 2121
280 280
962 962
2291 2291
1923 1923
554 554
1361 1361
2264 2264
921 921
2395 2395
1184 1184
1601 1601
1139 1139
581 581
902 902
1563 1563
2871 2871
2677 2677
2840 2840
690 690
572 572
2328 2328
1405 1405
528 528
757 757
2472 2472
2372 2372
512 512
1849 1849
1810 1810
2082 2082
236 236
306 306
2336 2336
1771 1771
2610 2610
551 551
510 510
10 10
1497 1497
534 534
112 112
2443 2443
2904 2904
424 424
2347 2347
1447 1447
1096 1096
598 598
324 324
1869 1869
281 281
755 755
1653 1653
1186 1186
1913 1913
1461 1461
655 655
32 32
2919 2919
1654 1654
1523 1523
719 719
2454 2454
959 959
1006 1006
1763 1763
2071 2071
1341 1341
1917 1917
2422 2422
1510 1510
1071 1071
1760 1760
1402 1402
2330 2330
1468 1468
542 542
1801 1801
868 868
1000 1000
318 318
47 47
1034 1034
116 116
1238 1238
1836 1836
2780 2780
492 492
1890 1890
422 422
1201 1201
2901 2901
2278 2278
1265 1265
1914 1914
2002 2002
369 369
1051 1051
1991 1991
1190 1190
2268 2268
2193 2193
1745 1745
1251 1251
79 79
2787 2787
269 269
691 691
2031 2031
2292 2292
1311 1311
1811 1811
1975 1975
6 6
1326 1326
792 792
2310 2310
928 928
223 223
2715 2715
496 496
1113 1113
946 946
2920 2920
2108 2108
1410 1410
1501 1501
700 700
2609 2609
216 216
99 99
1242 1242
1019 1019
849 849
2752 2752
952 952
1773 1773
333 333
1568 1568
2068 2068
1541 1541
847 847
1676 1676
1220 1220
2574 2574
709 709
2331 2331
1204 1204
973 973
738 738
58 58
1101 1101
217 217
2192 2192
2378 2378
2843 2843
624 624
1025 1025
774 774
1141 1141
2272 2272
2277 2277
1297 1297
670 670
1723 1723
639 639
184 184
523 523
2709 2709
1970 1970
649 649
1412 1412
1851 1851
1004 1004
1785 1785
2863 2863
1228 1228
1471 1471
1603 1603
160 160
2550 2550
2487 2487
2436 2436
1078 1078
1068 1068
2879 2879
2541 2541
1337 1337
2699 2699
2070 2070
2524 2524
2183 2183
547 547
1195 1195
2170 2170
2504 2504
85 85
1990 1990
167 167
2914 2914
1915 1915
2560 2560
253 253
850 850
1356 1356
1830 1830
564 564
2501 2501
2826 2826
773 773
431 431
1587 1587
1317 1317
1152 1152
1797 1797
1129 1129
1998 1998
1939 1939
2991 2991
2971 2971
1976 1976
2432 2432
2751 2751
277 277
1557 1557
2529 2529
1899 1899
131 131
16 16
1682 1682
820 820
2595 2595
613 613
2262 2262
174 174
2943 2943
2218 2218
1125 1125
2427 2427
1378 1378
2747 2747
2147 2147
1932 1932
2260 2260
18 18
286 286
1583 1583
678 678
334 334
735 735
1476 1476
503 503
2190 2190
1498 1498
607 607
1368 1368
1149 1149
2500 2500
120 120
560 560
1394 1394
164 164
1818 1818
106 106
1650 1650
2611 2611
2626 2626
894 894
2085 2085
385 385
502 502
1491 1491
2807 2807
736 736
922 922
2790 2790
2351 2351
1538 1538
2818 2818
2985 2985
2353 2353
2934 2934
1112 1112
1525 1525
701 701
2953 2953
1222 1222
1351 1351
2684 2684
2 2
272 272
342 342
126 126
1856 1856
210 210
2251 2251
1579 1579
883 883
2950 2950
1008 1008
1704 1704
105 105
1619 1619
1146 1146
13 13
676 676
2660 2660
101 101
664 664
1967 1967
1117 1117
421 421
2573 2573
221 221
2622 2622
1339 1339
730 730
1527 1527
2431 2431
1794 1794
2815 2815
2313 2313
2397 2397
254 254
2674 2674
2635 2635
1459 1459
404 404
2207 2207
2236 2236
2591 2591
1555 1555
2768 2768
104 104
985 985
327 327
945 945
615 615
2520 2520
1800 1800
40 40
643 643
1796 1796
1212 1212
2480 2480
1610 1610
197 197
2312 2312
1079 1079
2951 2951
2944 2944
955 955
1903 1903
2772 2772
2188 2188
630 630
2601 2601
944 944
1977 1977
575 575
1673 1673
1912 1912
450 450
239 239
2137 2137
578 578
409 409
1837 1837
504 504
2702 2702
137 137
2079 2079
1884 1884
2001 2001
60 60
487 487
1029 1029
1346 1346
484 484
838 838
34 34
169 169
1490 1490
725 725
1580 1580
2389 2389
1254 1254
1558 1558
1517 1517
312 312
1343 1343
2407 2407
515 515
2098 2098
490 490
2339 2339
2179 2179
2176 2176
1419 1419
1386 1386
1906 1906
2627 2627
133 133
1100 1100
2215 2215
348 348
746 746
2982 2982
1463 1463
2821 2821
549 549
237 237
2490 2490
1674 1674
55 55
1132 1132
493 493
2345 2345
77 77
14 14
154 154
410 410
2357 2357
2887 2887
681 681
2755 2755
2836 2836
743 743
2446 2446
1449 1449
1475 1475
1973 1973
854 854
1897 1897
142 142
870 870
1289 1289
1554 1554
2350 2350
1589 1589
172 172
1963 1963
222 222
1780 1780
2494 2494
1446 1446
2224 2224
2111 2111
1172 1172
2061 2061
2580 2580
479 479
1024 1024
942 942
1955 1955
1123 1123
1108 1108
522 522
616 616
1549 1549
1758 1758
648 648
95 95
2045 2045
1279 1279
1423 1423
2956 2956
1210 1210
2663 2663
2886 2886
2602 2602
1731 1731
1982 1982
2411 2411
2453 2453
1272 1272
2485 2485
824 824
1357 1357
2471 2471
2067 2067
296 296
629 629
2945 2945
2694 2694
2913 2913
1367 1367
659 659
419 419
2723 2723
2718 2718
17 17
2681 2681
2012 2012
724 724
816 816
224 224
916 916
274 274
1456 1456
799 799
601 601
191 191
64 64
2143 2143
438 438
1803 1803
1518 1518
1104 1104
27 27
673 673
471 471
751 751
2522 2522
1866 1866
1928 1928
1900 1900
1455 1455
59 59
574 574
2241 2241
234 234
2753 2753
1252 1252
1709 1709
2801 2801
645 645
989 989
1133 1133
1594 1594
1451 1451
2202 2202
1734 1734
1408 1408
1508 1508
284 284
103 103
1515 1515
1365 1365
2050 2050
904 904
961 961
1274 1274
1738 1738
964 964
2557 2557
2739 2739
617 617
1049 1049
872 872
2729 2729
1993 1993
2855 2855
662 662
2565 2565
974 974
1627 1627
1759 1759
1040 1040
1277 1277
1625 1625
1562 1562
2666 2666
2704 2704
1787 1787
2342 2342
2048 2048
663 663
1375 1375
2323 2323
1237 1237
2820 2820
602 602
2664 2664
2008 2008
2299 2299
207 207
1086 1086
2058 2058
947 947
242 242
2977 2977
1502 1502
1027 1027
469 469
1241 1241
2455 2455
1916 1916
1765 1765
403 403
1256 1256
2114 2114
2509 2509
1886 1886
1244 1244
1791 1791
567 567
926 926
2240 2240
2338 2338
784 784
157 157
886 886
2393 2393
380 380
206 206
2997 2997
2220 2220
486 486
2870 2870
1829 1829
465 465
798 798
2864 2864
1264 1264
295 295
507 507
667 667
2630 2630
1875 1875
1685 1685
9 9
1961 1961
1159 1159
1318 1318
1599 1599
1189 1189
1742 1742
704 704
145 145
127 127
1487 1487
1764 1764
2917 2917
1098 1098
2421 2421
365 365
2280 2280
2225 2225
675 675
2081 2081
2547 2547
2149 2149
1596 1596
267 267
1115 1115
2878 2878
2198 2198
1054 1054
1295 1295
1092 1092
1591 1591
23 23
1854 1854
1951 1951
2232 2232
2703 2703
2942 2942
415 415
43 43
1229 1229
2187 2187
1020 1020
15 15
1536 1536
723 723
1556 1556
2080 2080
2758 2758
2519 2519
965 965
2229 2229
1552 1552
888 888
247 247
1313 1313
1649 1649
2823 2823
464 464
2435 2435
2305 2305
858 858
2683 2683
2774 2774
759 759
1302 1302
2376 2376
1721 1721
2287 2287
2038 2038
2696 2696
1164 1164
1090 1090
2963 2963
2932 2932
2155 2155
2616 2616
919 919
1180 1180
328 328
593 593
1907 1907
2872 2872
2579 2579
563 563
246 246
2256 2256
214 214
1729 1729
24 24
2054 2054
2785 2785
2980 2980
684 684
2424 2424
2011 2011
2015 2015
1752 1752
2377 2377
851 851
1757 1757
1403 1403
2876 2876
2716 2716
2999 2999
2959 2959
2809 2809
2921 2921
845 845
1138 1138
797 797
2368 2368
1291 1291
863 863
2370 2370
2517 2517
1088 1088
2824 2824
2482 2482
1442 1442
1154 1154
329 329
856 856
1385 1385
1056 1056
1003 1003
2094 2094
1429 1429
367 367
2319 2319
545 545
2418 2418
1783 1783
30 30
2175 2175
2537 2537
953 953
2776 2776
2165 2165
1105 1105
75 75
2297 2297
1542 1542
387 387
1661 1661
2478 2478
433 433
2667 2667
1168 1168
1898 1898
1426 1426
548 548
1310 1310
1225 1225
1110 1110
1033 1033
143 143
620 620
603 603
1232 1232
969 969
391 391
1327 1327
1585 1585
1637 1637
408 408
264 264
294 294
1983 1983
2088 2088
1943 1943
1812 1812
2608 2608
135 135
2173 2173
1430 1430
2017 2017
1822 1822
2673 2673
2835 2835
2968 2968
2135 2135
1561 1561
66 66
1824 1824
1646 1646
2200 2200
1070 1070
1711 1711
332 332
39 39
744 744
93 93
1438 1438
2381 2381
1314 1314
350 350
2185 2185
360 360
2078 2078
1134 1134
546 546
1861 1861
2301 2301
1543 1543
1325 1325
511 511
980 980
2947 2947
2072 2072
1211 1211
2461 2461
1806 1806
2822 2822
2178 2178
2107 2107
2899 2899
470 470
356 356
960 960
80 80
1959 1959
1611 1611
2263 2263
1060 1060
1756 1756
1156 1156
1037 1037
2156 2156
1226 1226
1010 1010
2248 2248
2371 2371
1095 1095
1371 1371
760 760
1778 1778
2910 2910
2451 2451
2832 2832
1496 1496
1171 1171
148 148
1058 1058
914 914
1205 1205
1815 1815
1199 1199
1593 1593
449 449
949 949
1817 1817
180 180
2334 2334
1892 1892
2964 2964
920 920
1574 1574
1506 1506
1067 1067
1598 1598
2881 2881
2788 2788
865 865
2592 2592
313 313
2158 2158
2599 2599
2304 2304
2955 2955
714 714
986 986
416 416
1725 1725
364 364
163 163
2970 2970
657 657
2231 2231
276 276
1516 1516
2689 2689
92 92
1484 1484
2316 2316
2986 2986
1692 1692
627 627
