3000
2325 2978
1316 1718
480 764
552 1180
1291 2567
2668 2237
2947 1930
2121 2204
1094 478
2417 1101
2403 1590
2732 1127
524 612
255 1502
569 1805
1470 1583
823 1243
955 1875
2140 489
701 1335
1942 2797
715 2633
699 1159
2675 2210
1081 1252
2441 2953
1473 2476
2728 640
2889 414
2305 1592
137 1880
2575 145
1301 72
914 1097
267 615
160 126
1774 552
2340 1768
1400 1049
1921 398
1899 1776
731 5
1576 1187
578 69
1474 2576
509 2694
1287 64
1510 318
1846 992
875 1557
874 2028
1824 1464
727 2995
683 175
2551 393
1373 1905
356 1931
1569 1194
2610 1273
648 1272
1739 2924
744 2871
2646 653
902 1528
2835 198
2376 1525
1313 1604
850 452
2915 928
1844 1287
1983 446
1010 2574
2881 563
2198 2350
1485 2241
1004 2622
1177 2162
354 135
1706 2121
869 425
2664 2122
1210 949
74 2526
2676 1103
1731 2819
602 2342
1663 619
21 1819
912 650
475 2693
1749 620
2030 906
2172 530
325 1652
2933 1204
594 1174
732 794
2385 226
2746 2388
785 2792
923 1199
122 348
1416 354
2513 394
150 618
298 746
72 785
68 2185
397 995
1770 1703
2129 1732
63 1334
742 2546
337 228
2394 434
469 276
2635 1855
973 87
1061 1660
1303 2315
831 1654
1759 1898
1998 1606
341 327
2387 1508
1038 2676
1733 1386
2046 997
34 2749
2573 451
2032 884
342 2323
676 66
593 2595
426 43
2827 1474
1067 203
1399 1286
618 2804
1037 948
1697 1978
1472 748
1679 2868
2164 2402
376 999
1572 2139
1213 1229
1539 2344
2569 456
1805 1642
2896 2249
2244 1401
1548 2175
2203 176
393 112
2885 878
1579 2132
2187 739
359 202
1750 1822
2456 1144
2290 2244
192 2321
2076 717
1453 1072
608 2157
1866 239
919 2988
724 2137
113 2741
1136 757
289 2226
2113 953
2529 1168
1017 1179
263 964
932 2268
1729 1684
1107 229
1709 871
2354 931
703 2113
942 40
2704 1479
2510 157
365 2298
881 2069
224 436
1797 1521
2627 1563
2973 725
908 1566
1610 2250
2921 50
2648 1668
2811 727
2633 1411
1178 1307
18 15
1056 2061
1135 818
1895 523
1817 1651
1101 1842
211 2395
1288 868
1129 344
1737 2029
2931 1428
428 2753
1814 1082
2317 556
2837 2564
1901 2089
491 1109
413 597
1741 917
402 2124
345 260
349 958
2435 1734
242 2495
2315 1123
463 1918
2651 798
245 2314
1298 247
2162 1406
1782 2036
2278 882
1145 1280
2188 1831
2501 1325
627 2410
1262 2381
1596 991
2531 2865
838 644
1755 2596
240 2997
711 1251
1452 2579
633 1621
201 254
2099 2235
442 854
2702 1266
2884 47
87 1427
899 1380
1363 1653
2397 1692
1880 197
2726 490
1578 1828
2193 1417
1344 1397
2858 1363
1718 1460
2185 371
1563 2909
49 2340
1436 2765
1184 2885
2224 2829
2055 1470
2205 2760
911 250
1644 2188
2488 1398
830 852
2120 2221
988 326
1087 2548
922 841
1589 2279
1531 1594
710 1899
2822 2562
1911 1874
1754 2638
1159 2714
1401 440
2125 1213
2775 305
1941 2090
782 481
1449 1790
719 566
1812 1099
2480 1212
2013 2866
322 1022
294 2408
662 2937
28 2580
56 1530
2794 2967
2346 2343
1300 1151
2431 930
1836 1332
1220 2681
872 1510
1545 2322
820 1244
2919 1785
511 2479
2882 1423
2910 2252
2868 683
2000 137
197 323
98 614
2126 475
2729 2453
2673 2851
1710 1717
2809 858
2016 296
264 808
1688 124
2932 1728
2353 413
865 1454
1883 257
1368 2540
449 2936
411 351
1395 1024
1857 643
2446 19
2166 1369
492 1547
1955 2853
1433 967
603 956
929 1010
311 2823
1279 883
2806 2455
1463 2313
1249 2799
266 2623
2800 406
837 1989
296 512
207 2604
2570 2600
508 1866
502 2972
1685 2841
358 668
332 416
1233 1088
1861 2639
539 837
2137 1685
283 457
965 2023
2682 1694
616 1783
2609 2609
2378 1529
2975 207
1943 104
2689 613
1999 2624
1263 78
2367 589
1690 2490
1194 2717
2656 2682
1053 492
1381 1915
1986 819
957 325
1978 1907
77 1262
1302 2999
2257 1141
246 1000
2841 2796
1321 2026
334 2417
2209 1493
860 2397
483 1439
2639 2193
1435 2031
1371 485
1206 2728
142 53
2916 1877
2833 590
2816 2614
1689 1133
2877 1092
2705 2836
2207 2182
2231 2013
339 1973
2985 337
2768 330
1639 2732
694 2826
52 1138
1529 1209
65 2518
1897 2773
667 103
636 2912
1029 1158
2119 1290
2429 1160
2064 1637
474 1823
1691 2375
1252 2777
769 1362
570 2205
2653 372
1198 1647
400 154
1218 1926
1764 963
1049 861
293 848
2436 1815
2270 2088
1686 1343
1382 2500
2069 1488
2719 574
2357 1277
2289 1981
637 715
2131 2180
565 543
2189 515
2092 2161
2048 1535
1717 2471
1553 1947
1952 317
1787 2096
1894 67
2636 2706
1992 1121
759 1659
374 937
816 437
215 1847
2622 2916
2698 2034
1486 897
1765 2973
2950 2369
282 1465
2878 1054
2031 742
814 169
2839 1330
2135 1739
1976 1569
7 2233
2555 2628
801 595
1122 1809
2758 447
896 1248
1804 946
1519 2202
8 2118
656 2183
2667 2669
1027 1952
702 2521
892 2812
1600 648
1057 706
885 1279
2826 2360
2268 2506
749 2102
550 1300
863 421
1443 2956
1888 304
2096 840
107 1403
2781 2577
1071 2068
953 2207
553 461
178 1609
2730 10
2316 1226
1506 2426
222 2144
58 1811
504 1727
2757 2271
2400 2178
696 2058
1203 2768
1877 2687
1826 2527
2142 856
352 236
1823 2373
1643 127
2521 2536
94 2529
1513 766
89 989
1385 1435
2721 2644
697 1193
2213 1858
1981 555
487 812
2771 969
1800 467
119 2189
2867 2411
1933 470
2808 2145
661 2280
532 763
1012 1066
470 2073
2544 1497
2766 2465
1317 2718
752 1997
781 423
1760 153
2574 1214
964 793
2080 784
2548 364
1604 109
826 904
1183 2908
1854 813
1422 1245
1742 2037
2324 1230
1673 2859
1200 909
167 2788
93 480
2939 2793
1334 2466
324 474
385 573
2783 208
1092 1733
1792 1638
1695 246
2149 390
621 1818
153 465
423 1601
1790 504
1751 2106
2457 2880
664 1221
880 432
2637 2806
2443 578
1662 1208
2352 379
626 1803
2586 2366
2626 780
1330 1322
2175 1485
946 935
2118 546
29 905
2477 2087
864 2891
2997 2236
1886 1850
363 1619
966 2442
127 1218
2084 2126
2542 1429
2803 1578
281 2896
2176 2403
1711 1629
4 1189
1856 2828
2449 1616
700 463
604 1165
1378 1751
199 1891
1653 1006
1168 1614
336 951
1342 309
1337 1467
225 290
938 2001
996 2283
2765 972
2179 1289
1097 1111
669 2265
2943 1527
202 2677
2147 2436
1661 2729
1773 1422
1180 1360
2186 743
2487 284
1384 2632
2351 2451
306 1982
1310 2520
847 2586
1946 1878
1118 1102
1840 847
2384 401
2818 221
1084 1780
1582 1725
32 2300
2475 601
1434 1355
1828 2116
1493 1765
1245 70
459 687
941 684
1212 80
2880 2438
1847 2719
1325 1008
1090 2743
547 2307
2602 458
2360 773
1929 129
2671 998
2678 29
2608 1546
2052 1691
45 347
2438 2722
2829 1404
412 962
1050 1749
1365 696
254 1526
1581 2179
623 241
132 1995
2299 2392
2763 1271
1179 441
78 2766
1276 1622
2590 2433
2124 970
1898 2821
1048 1100
16 2152
590 1365
545 740
1927 726
1216 2095
2392 1795
1167 1921
1950 2994
936 1063
824 1920
42 356
333 2311
506 850
1791 449
2618 1720
2640 2641
2949 1695
1619 2982
1134 2413
978 1958
1477 1798
387 280
1412 2160
1672 2053
554 2873
135 298
2532 1285
2991 2710
1671 1610
368 1378
527 2079
2870 1644
2925 959
2624 2544
419 583
2887 411
86 2190
1190 2587
707 550
2390 2563
2146 1887
1489 277
1655 2815
660 2739
2152 1657
529 2472
2697 444
1811 2050
1649 2064
984 1961
2789 2454
170 1498
6 1463
1221 2834
928 1512
1369 2824
739 1434
2707 362
519 2042
2686 506
2929 28
2379 1472
1719 591
1481 84
2090 1519
455 1771
567 2084
1859 2981
47 846
811 2022
1299 2581
682 755
5 2552
2041 753
1768 1730
1714 1807
568 2905
1062 1361
2722 1376
2377 660
447 1837
2801 2572
2127 1183
534 975
326 2519
2748 1043
71 1778
2625 1572
2314 156
2204 2835
308 1543
2192 2276
712 1055
1566 1787
275 1270
761 58
1495 2898
1855 1879
2888 2758
743 1033
1561 195
1783 1139
2275 1934
2579 2362
2977 2532
110 2017
729 1462
612 39
2170 1410
2581 2056
1155 2378
584 2448
934 1426
1234 114
1959 698
1357 1895
2848 705
1537 269
92 2715
2478 1953
2159 1108
2798 1748
2078 2925
373 110
2200 2253
227 2407
112 1041
440 2447
1810 2046
2220 2115
1031 2347
2029 2071
1491 1820
1032 1129
1450 2883
1148 2996
2294 282
2416 2239
457 2559
252 1517
866 1038
625 2660
708 113
1557 1478
2720 2991
2712 722
305 1315
1487 1085
2386 1704
1968 1451
2872 1670
2533 1675
1328 2843
261 1238
1265 2191
2413 2533
1961 1634
2439 1220
1186 1540
2302 867
1680 1349
1304 1568
1292 1402
2370 575
730 734
125 2509
2522 1698
968 1486
1157 1005
2014 37
396 222
370 880
1903 2445
622 1804
441 38
482 6
1558 2148
2660 1134
1626 888
2914 376
1166 2217
329 2060
2165 2337
438 2458
1597 1206
1988 754
1046 2512
1047 499
898 2014
1420 1188
862 774
1508 974
535 2212
1278 2119
2087 2468
1852 518
598 319
20 829
2437 400
802 1415
577 2197
2088 2597
868 2530
2810 1260
891 1514
2145 285
2415 2911
2948 420
2979 2338
1231 900
1564 1632
59 887
2473 899
1440 936
1115 2349
2655 2831
2938 2897
1471 368
1807 308
1240 952
807 924
129 2678
146 92
2553 148
1892 2838
486 1856
143 2361
1341 2010
2865 120
1308 409
2210 1764
401 1617
2890 2240
2266 540
2990 2331
2150 1946
1457 1838
1360 1181
967 426
1343 397
2356 823
108 914
2226 1549
947 2086
2465 1679
2412 2125
634 1666
286 2860
1273 2712
1021 1588
1528 1917
1153 2355
836 1042
84 617
2133 1045
1462 671
1705 1119
1516 2289
1816 2242
839 484
828 2794
2902 2553
2844 106
614 1408
540 1448
663 2707
1979 2302
1143 2272
2600 710
115 2273
624 310
394 1455
1026 1645
2300 2736
234 2583
1223 828
1172 1346
1551 1175
1687 2666
2214 256
861 383
1636 1367
1873 2907
1364 1114
406 1329
2382 2067
22 45
2421 2304
2519 2345
1137 464
2393 2625
834 1396
786 386
2591 1130
2304 1567
97 404
2271 301
13 1500
2402 1274
2010 1671
128 387
1329 1501
2287 1992
2134 233
287 2943
381 1253
1849 1674
446 1155
671 359
2523 2072
1727 2424
276 1400
1586 873
763 2854
800 1086
1415 1377
2095 1523
1665 775
1568 455
2381 1766
808 2926
2418 1407
158 1980
1002 2000
1160 1443
2318 259
658 2459
750 1210
1666 965
1745 165
2215 2592
1419 720
1872 149
1980 1028
804 2884
391 2782
2332 610
1503 588
1969 2515
982 2735
2059 559
2557 1580
543 1025
1627 218
2405 797
1887 2469
2863 1719
456 1639
2661 1738
1175 2679
417 1759
2012 1559
76 1228
2961 191
1219 2297
1878 1456
989 2174
1016 2763
1204 1469
219 2076
2410 752
2694 1857
1196 842
2850 255
495 709
910 1963
835 2007
1696 814
2434 2428
2813 2231
1982 2798
1925 2754
2007 131
53 1750
2733 2709
2764 2452
1005 230
2068 1603
1242 950
1967 2150
2246 1984
1837 697
416 1039
85 1419
1694 1328
526 1689
229 391
2283 1035
1268 338
2500 902
2559 1994
647 2910
857 1615
1918 2931
541 1763
2784 2904
2796 462
2427 199
1161 2900
537 2354
2772 1494
2267 2368
327 339
1652 2018
1111 1370
1054 2923
1818 770
870 907
1247 2974
120 2856
2799 1871
640 994
424 89
2565 1663
1058 1333
1815 1605
2701 1786
1113 366
343 2062
1779 1292
555 944
378 1762
484 1806
1445 133
877 1951
2995 2461
2252 2499
2358 2380
650 32
2086 1573
1307 655
522 2837
2333 1968
2452 155
1776 1977
2259 2387
434 1421
2967 357
186 863
1259 2940
163 641
279 2594
556 2129
2296 2698
1454 701
1285 1431
907 1925
66 1724
2309 46
2035 568
2455 2857
1222 1036
1834 17
2623 2984
123 115
1215 2547
1547 2650
157 2802
666 594
1147 1633
2908 2791
1646 730
613 493
2495 253
2181 2675
2139 1399
2034 1020
1681 2209
2583 0
1439 408
630 901
900 128
102 898
69 2516
2407 1737
1456 143
2945 435
764 539
2616 1059
977 1936
576 2016
171 163
1944 977
2173 984
2769 2256
408 2374
2156 2986
1995 2091
2692 735
2831 801
1019 1574
2788 1611
2483 328
2281 2747
1001 2260
2605 2705
1348 2319
2797 1197
1070 1708
686 1987
2596 1625
321 912
878 2534
2151 1118
1318 565
544 448
2085 2200
882 1341
1055 2295
2669 587
1659 473
2572 1150
1228 166
91 2524
23 3
797 1618
2780 1236
2482 2475
980 827
783 616
1621 302
1775 2234
1246 1908
994 2992
235 2541
2934 1554
1660 2309
747 1587
80 2100
320 1381
1962 2651
445 294
2408 1145
1924 821
1720 606
2493 762
926 1357
1573 800
1267 562
2607 283
2442 410
1154 2446
2123 2327
451 213
1973 281
918 637
214 1773
1642 2531
2460 183
2330 1516
481 1046
317 16
848 703
2853 853
976 2418
2216 1481
2497 1495
2373 1974
582 577
2836 2691
745 2377
1324 1247
1163 1933
1734 2228
382 986
755 1019
2901 1758
1618 2492
221 188
2753 1048
1989 2964
2136 243
2511 1125
1725 2077
2866 2019
270 1677
736 1056
1187 1509
1851 1808
913 2922
369 2957
1490 497
2028 1116
1442 2275
1509 724
916 82
173 2155
2736 2011
1421 1950
355 2494
421 59
152 287
1165 2213
2968 2878
79 535
51 210
970 2648
2453 1998
1229 2537
2904 2863
574 2173
302 2775
2021 1120
1795 1794
937 2720
432 1166
420 1089
2009 2620
404 472
1227 1438
2331 1970
2274 2335
174 2701
2235 1029
530 1073
1756 14
2033 2230
2066 2333
557 2772
1164 2112
2603 2312
688 2143
182 374
572 1163
812 872
770 788
134 2382
1096 1348
1125 502
2690 1409
2952 1640
2039 625
1550 623
2909 57
36 1372
2594 1628
975 2482
2691 360
2643 786
496 1954
2963 1303
2821 99
1614 895
2057 1299
2365 1269
1128 2950
2128 1586
1327 2284
2935 27
256 2006
628 2128
2171 633
2116 1643
196 306
678 1239
1809 134
735 192
2301 635
194 1009
307 1967
2420 547
566 2133
1641 2636
70 2671
236 1623
2228 2778
75 1948
726 2695
1295 2281
471 2585
1065 634
2912 388
166 141
840 802
2845 2489
1514 235
1149 1068
635 1767
1504 1436
644 2367
963 1655
1254 118
103 2093
2580 1115
403 2434
2060 2044
2440 1384
2954 2588
1353 1257
1052 105
897 76
2687 779
1769 2502
116 1846
2112 2167
2983 1098
1813 2903
1617 1110
698 1896
1116 1964
269 2960
617 2020
1131 1607
845 2105
704 1450
768 2146
1283 361
2313 172
2476 52
431 1699
1064 2364
1752 2890
563 767
2258 307
2008 123
2298 147
2191 403
2577 2786
2649 2976
1996 227
155 879
2361 1854
323 1356
778 1106
2144 1911
1093 2254
2062 1413
1224 2201
2042 2800
151 373
2506 719
2448 557
2900 1359
2957 2779
1713 30
1410 2969
244 685
2917 783
1884 2127
1284 2767
399 1222
2852 839
767 2267
2148 1135
2617 2065
1188 494
2538 638
1397 1487
2980 1499
1876 1801
291 314
497 807
1534 1711
2025 2080
1088 1664
817 2394
1296 2542
979 2947
2864 232
2109 1859
1484 915
1446 2742
794 2630
2962 2339
1425 2463
2688 1648
1965 261
1225 2590
2738 1060
1862 584
2946 536
350 510
2072 1047
2776 2611
773 1275
894 2391
466 422
1211 2913
2779 1
1232 1200
2787 508
651 2220
265 1536
2621 2858
1499 2801
2163 1296
2903 768
335 2081
479 2662
2759 1595
1366 2421
1954 7
2571 1888
1628 2870
2432 2166
2588 1612
2528 2881
2891 1185
2037 2255
82 91
1803 1154
2805 220
1142 2405
580 2919
1354 2621
2058 454
1146 2680
1123 1835
2321 2751
1191 1852
1034 81
2518 1861
2849 1707
2737 2296
2322 86
1603 571
2718 1146
653 1095
1910 2269
542 1364
2566 2045
2587 1424
2103 2882
2233 1225
991 2979
1011 576
2484 2055
1189 1881
2520 1862
672 2206
328 825
2363 2052
1388 2103
301 2784
2414 125
2911 2971
950 252
2077 1799
1670 392
2083 932
1133 2195
1432 1789
806 2807
2552 820
1562 1483
1704 460
2323 224
297 2477
1674 2549
2260 288
148 2661
405 1018
1447 835
271 1104
2684 1420
1144 1385
10 514
1905 1471
718 2412
300 1883
952 1545
1423 525
2253 2324
2631 2165
2015 1338
1063 1192
2928 1030
675 2917
1347 2317
2680 1440
2327 342
2328 2525
1104 1705
787 2047
2645 2425
513 2848
1850 838
1358 2135
632 534
1635 778
228 1650
1411 2513
2613 264
687 1813
435 2752
17 415
2731 1993
1631 2846
1202 1067
249 1425
0 2713
213 1537
268 1057
2978 1176
2130 2725
2065 2164
2508 1169
331 2184
2496 1722
2262 2467
2100 2653
2237 488
2984 1234
2777 2130
1869 31
2838 996
2470 983
2966 2875
367 1392
2662 1962
292 271
73 181
1654 2287
180 1667
1522 531
1387 2920
1095 1382
2284 2404
1258 1903
1994 2575
1858 211
1431 976
1208 399
2971 869
2319 378
2097 240
1945 836
1015 501
674 759
2261 1836
733 270
2339 2672
1475 1050
501 130
2272 979
1505 1074
2183 1084
2527 1560
2406 2657
357 1394
2247 845
1455 111
2992 1233
1842 1853
948 225
2242 2966
1007 2665
130 2308
1763 1173
2236 1096
2756 712
1406 1031
956 2170
615 2606
26 692
716 1868
2254 1490
520 1741
1256 2761
2433 98
2716 2895
573 2649
1205 1541
2543 1302
1006 1814
60 1754
515 90
883 313
1339 1597
775 2422
1651 1395
717 1358
693 389
2049 2731
2227 242
1702 1676
1972 1276
2249 2998
531 2299
2264 132
1241 275
407 1686
722 831
1197 2039
846 2224
1024 830
659 151
1738 1683
372 2958
1448 857
925 541
2558 1662
488 1591
2674 2696
500 108
2663 2655
1444 190
558 893
2754 738
99 1697
853 2569
810 238
1699 1893
920 1747
1085 94
257 1772
789 1581
1185 1990
546 665
2537 1314
238 214
1494 498
2359 511
1722 336
2306 954
1074 1140
2040 1337
2725 41
709 2264
2105 581
165 2282
904 160
2380 507
262 2098
2807 1756
260 2565
954 2825
1634 2005
1793 2033
1822 1351
1428 2955
646 405
589 1079
1467 673
1615 1389
452 1107
195 2
1585 251
2843 2558
2158 796
1721 2755
1069 1884
1991 2619
1361 2229
2629 679
2286 985
1396 2008
1724 1156
1525 303
2026 832
1827 736
1664 1444
2735 2724
131 2457
1517 1219
2898 1468
318 2673
1458 2959
453 2539
1987 2750
226 1788
410 1002
2024 2721
2504 2593
1907 73
1730 2703
1936 459
1507 2946
1120 2266
1496 2294
2280 2227
2184 2357
1482 855
2230 2498
2279 2059
1126 1681
1860 1017
2514 1375
788 960
218 2528
1102 1913
2564 25
2804 549
2364 324
206 2401
2965 2598
2819 1153
1311 1190
1078 1446
489 688
2584 2485
1825 2816
1912 849
2893 602
109 2781
2383 206
2074 2914
1332 2560
1843 664
1294 1949
1957 1076
2871 1548
2830 2491
1226 2615
2834 1678
145 263
2638 891
1784 2365
1461 100
2846 1598
784 2318
181 2223
2666 2396
1964 345
1656 2635
549 1736
1520 1894
2743 2683
2773 2906
1271 2493
921 2618
2022 2187
100 2832
1248 2862
1575 2745
2043 1743
1669 921
2700 2277
876 1051
1786 1872
510 1928
216 1744
2345 2634
1904 1293
2474 2872
104 795
2201 1812
1414 729
2411 2613
1590 582
2924 2523
90 2659
118 2481
418 2040
842 2153
772 1412
871 1393
1684 2134
924 102
927 708
2706 1122
1781 1015
1230 2085
2157 2746
117 744
1403 2945
295 2980
2419 2667
465 2545
1075 1295
2612 55
606 1240
1237 624
641 961
1953 2147
2349 2082
2355 2975
1121 608
2710 2573
2815 896
1152 1480
1567 1971
2366 628
1771 631
1559 2888
303 702
1939 1040
1305 95
2918 1458
1390 772
909 1845
2670 2818
917 1207
1331 2787
454 1320
765 1065
2110 13
1838 1268
2778 1626
231 2261
1464 293
2847 558
309 2149
2347 1513
2941 1600
54 1132
2338 1761
353 1053
2447 2117
344 654
1351 77
1195 1379
1039 1366
583 140
2550 2329
2760 267
250 926
57 799
2993 2083
2883 200
2238 716
1483 453
841 273
1624 886
290 1709
1150 433
312 138
2905 2484
1014 2004
2926 1205
1235 21
1132 1211
1319 1986
1437 661
2167 718
2218 1250
1429 851
1577 2372
205 385
1391 1445
2942 107
2491 412
1266 2159
1379 445
931 1224
2964 18
398 2101
538 2610
1066 340
771 164
2886 579
684 1476
2222 161
223 402
596 1929
2292 2306
1703 1416
95 429
1637 1774
2862 553
2229 913
2211 815
2714 2582
1035 2833
2717 1184
2593 93
2240 711
1947 1152
430 870
2168 2131
2047 1832
2927 382
2466 1956
809 1716
551 1504
2745 144
217 2612
2505 2901
2526 56
2879 1839
725 750
1879 2568
427 2400
849 291
2823 607
2071 1576
1051 1784
1766 482
493 1613
793 1869
105 1261
2001 152
1926 196
2464 1672
2285 572
1036 1999
2724 2887
851 1985
448 35
1693 2181
3 162
1314 2517
1003 980
888 2435
1281 1105
2273 2196
2972 1198
2002 1515
668 1016
395 2301
1931 2899
2601 592
2018 2951
903 1267
1117 1649
652 370
141 44
460 1037
1059 1710
1841 680
2792 728
1990 2822
2615 1620
1076 538
1896 268
2389 2663
1544 333
1777 1506
879 1489
599 1712
1201 1298
2683 751
2709 2025
689 1582
330 1344
1683 1779
40 1191
571 209
2404 1867
643 71
779 2399
1650 1312
48 2684
2812 1602
2951 396
559 1550
2562 1914
2545 822
2936 1324
2106 2809
2747 2003
39 781
2104 2330
720 1760
1238 2409
2320 439
2987 343
2620 219
2894 65
1970 911
2699 2591
258 2602
1958 2921
2422 927
2535 2708
2665 1825
1060 2556
2859 2918
2375 2808
1591 2711
2063 12
1570 1596
1082 20
944 1912
2190 2356
1124 2429
2857 2332
436 24
1798 2172
791 646
1375 2142
631 2444
1372 636
2005 2290
1376 2688
2578 826
680 1636
1900 150
2930 1892
1322 1433
1832 1524
1853 682
2563 369
1732 2948
1806 74
154 122
998 1339
2342 2154
1761 642
2481 1849
1402 184
1868 1735
414 352
1985 1924
1915 2783
147 586
2343 2968
1417 212
144 741
366 2379
728 659
2312 2070
2079 2346
757 806
2695 2566
741 666
1772 2110
1630 2232
832 1304
2143 297
1758 1810
2585 1558
1297 2927
758 2727
601 621
2489 1347
2937 1988
2790 529
992 2120
2277 2094
858 2702
2111 83
2050 1263
388 1551
2785 1013
2398 599
679 2844
971 2030
2525 1062
1533 2599
2070 2325
2399 2631
346 2654
347 2464
1013 315
915 136
209 2156
2195 1944
2922 760
1389 2015
2814 1882
490 881
2742 2248
1524 1177
220 645
2606 1264
1009 418
1657 1149
2490 804
611 486
790 1201
2657 1860
273 2138
2255 2985
139 491
945 2640
1169 2027
1355 2987
1902 1570
191 1680
505 1533
805 1534
1870 1851
1700 1979
1863 2141
987 2328
2479 194
2160 2700
1658 1430
409 2177
1587 694
2073 2198
2762 119
983 1432
581 1939
1676 670
2217 1870
1889 2194
259 1069
1535 2385
691 2370
692 988
588 1919
2371 889
187 2733
825 1827
1257 657
2426 1562
1272 2348
2107 2503
1349 2535
1708 1441
458 761
2755 2813
2892 1792
83 704
468 97
2786 1959
1701 520
371 2850
1613 2771
247 765
591 117
183 159
1479 2291
587 54
2310 355
81 1635
843 2617
2051 1217
2265 170
1350 1553
827 1203
1041 1938
1367 792
96 2603
1922 61
2256 272
854 329
1170 142
901 749
1413 1781
2920 1840
1948 468
2003 2840
1459 346
1386 2078
1928 186
796 1437
2117 2092
884 2505
2019 2257
11 471
1963 2789
1110 1565
1919 919
1394 627
2498 1700
2017 1374
1799 2929
1616 2963
985 2704
585 2744
981 1770
1923 1136
1728 593
1251 2460
1678 2310
1089 1843
1835 248
2369 2764
2154 1288
2998 1044
740 167
523 2561
1072 1459
384 689
2598 2024
1286 2637
2248 1496
1668 667
1469 1800
2582 1876
2297 533
2761 419
695 2389
1261 2158
734 2642
1370 1901
2243 1972
2153 1148
766 971
2561 2674
1829 2811
1426 938
362 234
1091 843
2197 2488
951 1966
2989 866
1352 96
780 215
1794 1873
2647 1542
1392 1012
960 2251
1839 332
348 2954
2020 2263
1346 1007
443 1752
2472 2646
1209 381
1890 776
464 567
379 384
1424 2462
149 1575
2791 2584
609 973
2679 1910
126 2439
315 2934
528 2990
2828 2616
939 2002
1956 2664
1498 2726
2861 479
1588 1802
2396 2855
1555 2285
1984 1522
1707 918
476 2928
2430 1281
1340 939
1746 2748
1269 185
450 1830
188 311
713 274
1173 2406
1542 1311
2734 2723
2469 1721
12 2415
2450 2326
1018 1833
1108 1552
1667 2647
1530 187
2250 2305
821 690
2750 1113
1488 693
1320 1922
1139 892
1916 177
818 1078
284 2171
1584 1531
999 516
2996 658
2282 1561
1476 2839
27 2554
1182 2820
253 2874
792 2336
2576 1729
1574 335
737 2450
2036 2449
1312 1769
1171 266
1512 1723
746 2977
1864 2243
1677 1305
2774 2215
777 1313
1871 1195
25 2186
1274 62
1345 1306
2672 810
1099 2776
1740 1354
1176 503
2899 1383
2303 2478
1914 2962
1609 1003
2067 487
610 603
1940 367
1338 1511
1404 769
1083 1886
1043 279
940 1753
1260 2216
1526 521
2825 1452
1560 2557
822 1235
1515 427
1127 1388
1935 1004
1583 542
2681 2109
2832 1027
2335 1848
1747 1032
33 262
2202 2785
390 1658
338 1186
37 2320
1971 1556
1607 1014
1930 22
2524 1969
895 700
2906 1927
1407 1844
2348 312
993 146
2459 2810
1326 2111
1523 2551
803 2051
1028 2487
2913 713
536 2690
1103 2151
1335 2352
2782 1932
2468 42
2372 1589
1917 2993
64 922
933 1143
654 1323
2056 681
1511 1034
2115 34
1393 1940
389 300
1480 1834
1383 2163
1571 876
2311 380
1253 1897
503 604
2999 33
1762 2961
754 1331
1960 1170
2744 321
685 68
2462 2514
2428 48
2597 1131
649 1701
756 1254
586 2041
383 49
2425 2473
1044 2398
1601 940
1309 1223
169 2363
1920 353
2874 2278
2486 517
1466 2555
949 2699
2368 596
723 1137
1785 2441
2241 1745
2740 1282
1022 570
2840 483
2081 79
2974 2930
1040 1319
1908 1775
2652 1352
2122 1889
995 2049
1538 173
738 1258
1753 1202
1789 2757
1675 2867
19 2496
1723 1544
1540 803
159 1232
425 1941
198 2114
1882 1816
525 580
1418 1340
2749 789
55 2032
2011 598
1682 363
2089 2371
299 1283
2337 349
533 2341
2539 1161
1441 265
829 450
288 707
106 2643
799 916
2178 987
210 189
607 1473
2174 292
1580 2861
1893 2511
1100 1955
1867 1178
1993 609
1949 723
1156 1294
124 2437
50 1682
162 920
657 295
377 908
889 1731
204 1584
472 968
1492 2292
1356 1507
230 2431
1045 1164
2463 2686
2334 737
2196 647
2988 777
1478 1902
1645 585
2082 652
2793 782
2685 1021
1556 2893
2547 1350
2512 2259
2169 2932
360 1011
140 527
1536 1167
1622 1706
2221 630
753 438
2219 632
67 1321
600 2762
1109 350
340 2876
2471 417
986 600
422 2817
2644 2440
890 2756
2599 1976
562 469
1638 1782
2263 1442
972 564
136 4
499 890
1891 2270
990 2211
714 1702
2507 2550
1114 2656
705 2274
1735 116
274 885
121 2570
959 2877
2326 675
462 933
1255 2892
2027 2626
1151 2770
2650 216
467 537
1214 2795
1398 51
1906 1996
1181 733
2549 178
2502 2507
2225 1673
592 2869
1633 2480
638 2983
2132 2104
1264 1975
655 2734
1543 1318
2556 2258
1468 513
673 817
473 1071
1599 377
2509 1641
1951 2474
1374 834
1647 11
2713 2889
2634 1371
88 1064
2589 316
2767 2685
595 2099
1025 805
813 626
2632 1091
2388 1026
314 286
2234 622
2711 2219
516 1503
351 1373
31 1291
514 1577
2611 223
2536 639
833 691
1833 656
2374 1278
233 859
433 758
2944 2203
114 1793
2516 2245
1808 2915
974 2238
721 1316
2969 375
2395 1297
498 509
2851 1585
2053 1960
2467 2334
1333 2645
248 2697
2458 1284
1277 1661
706 1797
1593 2456
561 1796
1023 322
386 2670
518 2423
2101 676
859 1740
873 548
184 745
564 1075
2409 1077
2461 1249
2696 431
9 101
620 2668
2038 2246
677 249
2981 1001
1977 1310
1518 2652
2604 1484
380 1923
1130 699
212 358
1030 424
1362 2075
168 1916
189 663
1821 1863
313 1965
1409 1726
277 1885
35 289
748 809
2854 2443
2741 1231
2517 476
1625 1414
1606 1696
1780 26
2895 2386
2424 1991
1934 8
2108 2225
1881 1477
2445 1466
461 121
886 1453
681 496
2654 2316
200 947
1692 334
251 2043
2855 2847
2958 1690
1138 2501
101 2351
1788 171
905 1087
1874 1317
319 1196
2091 2803
2560 674
2503 2738
1408 1216
172 2218
46 1826
1217 1475
2206 721
1158 1817
2276 860
1380 1688
485 544
2876 990
629 245
241 1909
1796 2830
2102 1942
597 1308
1282 1142
887 2214
2444 2108
2423 1353
304 2097
1140 1520
2515 790
1068 2508
1359 85
1848 1742
665 2938
1427 569
2492 201
2897 816
1106 2390
1623 672
15 2740
2054 732
1541 1714
2199 168
38 1227
2959 2627
751 2578
1438 649
2251 844
2715 2066
1608 731
2982 2199
2860 1555
1020 23
193 2608
2554 2021
2703 1957
361 519
1239 2716
2 1821
415 2136
1712 1669
1042 2430
437 1593
1736 1890
2960 957
2391 1518
2955 1777
1080 2048
280 1457
2739 941
1465 1368
1974 2605
1119 943
935 2965
1975 1390
316 2689
156 1491
1552 1342
1757 443
1966 2303
1885 662
1527 1492
2344 139
1502 2842
1554 2774
1293 1937
1033 2470
690 1256
2499 833
41 862
2994 1246
44 2009
774 1117
2362 231
760 180
1105 1083
943 278
1290 2123
1698 2286
2269 2222
1802 2827
507 1215
375 182
2180 874
2307 545
1748 2416
1315 1157
579 677
2628 2414
477 1865
2976 1080
1830 945
237 1746
512 695
1602 2486
203 2970
2044 2504
364 2497
2693 1327
1141 341
2155 1829
1546 903
2485 1147
2093 1935
2641 811
2727 320
2004 179
2595 407
1521 205
1250 522
2956 2952
1162 442
2817 500
642 686
2223 1093
2401 978
310 1461
1620 2522
2295 1791
1640 1841
2308 1631
2986 2852
2534 1579
2842 1237
997 2384
30 75
1008 428
1000 299
2329 1326
2592 551
2182 877
243 2543
2245 1255
2869 2288
1632 2168
1592 1405
1820 561
1270 791
639 2902
138 2169
1594 430
517 1904
1193 678
2630 1447
1598 1646
2291 1023
208 1906
2953 1061
164 1242
2094 1391
2708 2192
2546 942
494 1630
179 244
1648 771
856 1058
762 1128
392 532
2907 1665
1405 611
1207 2293
190 1336
2341 2208
2568 929
1865 1945
1909 1172
2293 1081
1744 1564
961 477
2723 894
1937 1983
2541 824
2006 2692
776 1182
2873 9
2350 158
278 1624
1377 1900
239 2879
62 2376
1845 2427
478 2510
1778 2107
1743 1052
1938 1301
2642 1070
1532 2176
1500 2790
2770 910
2141 993
1497 1656
1611 2942
1875 864
2751 2949
560 2805
439 505
2540 63
1767 1241
2288 36
1244 1090
1079 2894
798 875
2494 1713
1289 1608
177 560
1077 1538
2061 1693
1726 934
2824 2607
2940 1571
1430 2759
1306 1265
61 526
2658 2247
2138 2054
232 2358
1460 2393
2923 2769
1451 2601
2752 955
1605 1124
1192 204
2820 2886
2114 2420
1913 2571
2795 2780
1086 1755
2212 1505
670 2483
1612 258
1280 925
2208 2933
2659 495
1715 174
111 2658
521 2419
429 1171
1323 1757
969 714
1073 1387
548 1449
2567 2432
1997 2140
906 865
1199 787
1629 2063
176 1532
819 651
2856 2383
14 2359
1595 2074
619 1943
2194 2939
867 193
2970 365
133 2849
2614 629
2802 2629
605 2262
958 466
1236 1112
2875 2038
161 1126
185 923
855 2941
1819 1687
2530 1094
2075 1309
575 1627
1243 2012
2336 1824
645 2845
24 1162
1565 1345
1174 2944
795 2589
175 2035
2232 60
2677 981
1112 554
2161 2538
844 1539
852 217
893 2737
815 2057
1831 88
1549 747
930 1259
285 1715
1716 395
2239 2730
2023 605
1932 1418
43 2353
272 528
1275 669
2045 2814
1801 237
2451 524
2177 1864
444 331
2619 1599
962 2989
2098 756
2454 1482
1501 966
1098 982
1 2864
1336 2935
