3000
189526843 230748761
91341263 23349167
368710132 344981171
270294054 5929265
460938622 367155381
123206792 291207274
14137992 296089498
480257375 404746115
122279942 437739084
348218666 291981058
8844769 20110133
77812641 34766332
379551430 208727389
326278643 415779677
273618774 367070034
261607846 60624154
121953901 354826913
265127373 46330320
399367703 243228389
73895732 159121449
394624827 150144636
319279480 213786650
303098442 55669809
486149979 56060301
146469406 386036234
274046682 131123183
427663209 443140261
114099504 461429458
213521826 348222316
6828462 34512077
306658041 461504243
88625508 194662868
472559683 419248595
259783183 266467478
118614400 312323075
353712937 145475909
365075742 249947170
480146110 326410579
257025057 187865783
373097567 312915592
464157631 228862791
31093344 142557177
54926085 305270671
251339651 306731721
116391887 108333851
104790689 431055538
157642987 71495999
358862753 394952384
403668298 46890302
332667066 365243771
212448077 310256242
172113044 273162284
220504674 231892965
495027151 1784060
291701093 758628
410240734 65273579
379249647 324040929
32026743 10644887
242389108 39619740
244082075 216104135
267293564 408094625
23715278 309437339
107881787 311129557
238895565 239556066
171609921 263584538
408534336 1794915
246612606 496369193
184927782 113965360
53374047 10591422
390619832 334584444
344214915 285661121
359526926 362861665
118521924 281839301
116011368 256176944
370381618 206503736
282247308 38593570
80106708 196162883
434942293 463534929
250822957 372582820
382021688 270762276
401323786 492335958
473861325 484982892
64656161 89680044
295533434 333879412
165753303 442899896
392347008 368164145
78319517 467586872
278778133 94936692
54646569 497684257
221586433 211712512
200965154 204935894
359768332 438490321
226894138 289988971
104094157 436242682
242965567 476927631
414916150 242365198
155177413 197618563
163357555 437189505
433591293 329644380
101682177 282174533
188901656 472147562
230454833 139987814
42511587 41164040
84694262 464477764
141868735 225444349
114272909 213500922
80373892 339731620
134141698 126269132
7813449 421918979
223772689 352032589
343856916 296640426
93068268 147860146
472859771 280901896
79328521 349217159
36806741 121286092
61697274 157496272
352135972 400675747
452947049 324507055
493909475 499073124
267483721 314060593
104146229 352967740
482020115 155469238
460397079 153451836
92640689 76343004
397964074 387436617
401315964 242210411
480618630 12578123
331622719 49385037
390192227 496084438
1320976 436913095
301864872 468842700
193641762 466112572
133320454 35343016
68525181 220521016
487642437 244733960
269201205 355716150
234158046 119515025
260377846 358250374
120086187 196810228
145760542 455139102
484913720 168407398
201897058 137932824
91442845 216707375
371469195 384969678
84367933 375991936
21106434 123790270
277891739 437063805
393668328 412339648
200823450 180348358
106230011 416178935
121804818 233262155
332473152 71122161
199574359 3331888
184490781 295347301
86761386 90421064
257384394 434102310
375533127 18049797
376800312 35504819
348896740 268694135
92023852 198816019
210190774 412775865
499982459 474458714
429876718 29373161
260441924 412240151
46126485 305177696
66225653 215535058
305309580 23436466
448188974 253462528
321619425 95256577
441480470 326779031
174888587 301328579
101662682 296338933
104059627 359093108
252028490 107526165
352024997 386160136
349087178 29487425
263212231 344761455
36071172 323012465
376469766 469096619
488739627 68279889
433733755 376381368
410486879 313763430
202047725 63408501
410595452 425143666
85477881 138675965
493366452 159642921
73149715 418637822
473799307 428351877
410760916 94464857
494105115 196559793
468663039 89701272
421347447 23980225
263267216 480030678
115577821 280545547
77940832 121052130
2207877 125756848
282040084 325561222
210904385 372116992
328923641 422891323
270467849 481076967
459003767 234751078
259277127 323457327
419024376 208551789
204833325 437962687
461332549 445415049
383181717 442767998
128404066 364208652
205562182 312587722
418776214 32661316
101606030 214699738
83250748 218391899
430825344 172332931
227705752 366243353
41284810 20223973
145167652 445186540
99244234 126441320
26362922 186013069
478954998 68324410
298871657 367378696
449277926 270529305
419418603 424298650
54932123 130224901
153652880 393399562
452447479 493467625
136559831 421129147
160834128 494743893
396683127 323694649
465566142 305242560
339353581 215791188
471774274 473950472
427380825 197088358
344793348 357350869
475420189 169133604
324950981 217925861
62142872 483807847
151239483 239213297
312501850 296841290
246041653 435836353
344299834 351896803
409286762 266767950
293606113 368827793
204871514 342181068
452739056 189633651
50602783 212468446
136765709 474488042
414917852 295922003
411003057 214998301
6074293 80863795
311829275 23429216
248721864 287351944
293404627 101511907
280052932 142237805
298675511 39568364
78525088 9404807
163259460 54111507
301201785 444280723
282311963 27777149
255463920 295836415
371289404 355990401
182040468 20937133
45554619 218375638
65449598 486389679
142178304 33334900
371064976 451576188
193238558 299915779
75668309 353648619
383210401 354148818
422837002 256395510
266450900 354272236
352575113 217619072
43068380 184837179
377049689 468845731
348044758 494736719
223068245 468157671
221513637 212073715
283929964 96493276
325156841 50986627
417554967 36074357
469882233 69429344
249172025 300641283
86386144 234695339
404476976 162576628
498323067 148354533
442597864 491011947
67445831 405233683
311464000 286747423
10248139 270931484
234293243 166469892
165128008 213406338
336426939 122139678
442119076 65388277
117961624 291161058
288297886 385716109
167481036 182399561
303223577 453727451
481257499 450860070
312681642 449540250
166154855 136489033
360907773 450168133
126745784 179819138
42297199 273176656
392573746 241323582
267801958 176201496
400740943 367434367
441906652 384044138
90257320 37408721
173001728 412807774
133455215 214727802
366328601 230984567
497830279 368126787
217802378 75967902
101819494 498030307
355929544 478586546
276686504 254155109
344901759 332183782
493850504 368873557
397143329 273627784
75492442 276067340
29887311 290231175
207835136 150321748
309414315 956222
261058660 147009582
347091251 153552531
335473173 7362772
207426652 61285628
444603855 64708287
342840678 272813247
451397987 402652467
336226659 295667601
317050494 159175060
413938474 480202798
160634204 156157758
82825809 246223872
346441291 57274499
439590628 11559048
35349813 421437100
48461373 414642524
201258662 124554636
436087241 102737817
27092428 387185147
240239221 388225531
387722611 473930363
337227412 149021177
417980428 9721423
487882277 350588136
335254134 359505413
199717679 88697918
464226091 45714116
138497778 53703161
49148174 66466133
368865157 52153436
167981217 186196843
174173228 229152066
339581677 303616199
345168456 57747687
38181274 359592916
177120710 343486901
321264015 407669097
111554729 141380915
240739671 9558288
194803229 134836062
20199962 440503175
381271051 249380071
166106577 210718864
79120247 188064700
113894073 147583031
466144285 199718931
70613574 423530218
296060342 437699482
52965831 103405112
56329623 310289540
276177385 255879974
416305471 77346181
341588454 485538716
234447216 443749519
110458577 454272592
66651081 122840574
366591798 207426944
370015259 416947353
24473229 303209818
131435117 27803558
236599937 395294331
462273413 355237970
436135008 111792875
429753811 294814558
197244789 12684605
409523490 411271914
350640291 213862178
169903103 244365837
208287887 255811099
50200573 308554487
34014276 441475099
314693809 458295410
439043238 406695906
341136685 207967358
348829428 60010261
428548924 273906183
259031091 79547070
150031118 414446616
155423771 421981731
453221855 65889197
392624385 330080983
112022846 480956725
38940192 238704734
283750527 450265241
370210427 136246514
244639279 197850131
66497283 240916861
135753940 197769505
96898552 456000839
494496044 377043928
326176173 30880996
321598565 489292552
330187025 30556648
61682922 428255696
12763999 65017356
446599297 344920950
344872619 254558147
291090060 391358089
79555315 64766250
442839281 37432064
160388605 225965057
344288463 471664410
330703771 445254000
471373233 85098042
184185174 5631653
340051077 72503382
231159199 436137483
268957557 222770606
104566618 485497351
385945211 356294493
45145869 358081383
301953584 293160313
353997414 406472390
399696946 121724040
118344533 493743641
25579493 275214858
343942328 40846181
427582125 294539284
203612292 136601126
411124225 243673787
280556032 374922664
101533204 136791537
302327244 212773213
233763271 433266458
420231760 258819801
383410078 272677970
74944347 38521237
160242400 150241132
253161377 159003281
288783358 489679198
259935186 288920973
58846261 413850827
349790672 308962473
415239312 22686475
112531540 387181046
267534789 176222451
38044193 449382675
275975138 325930116
306205097 20618641
201274931 101522047
60221014 339847639
454449057 471059394
219853058 369807559
417551600 404201387
492081536 453907430
82318830 413653075
247685545 45324790
395085317 452119016
206029161 449265980
223815513 303219802
400437271 109842146
222496877 68709653
50916859 25741359
191487421 94576836
471063638 162682041
146723970 251880264
242198939 465889907
481060397 429335212
232516496 329427497
416895554 65404251
400963336 50905752
402804599 67260882
209216479 282104981
203869073 88313576
404362494 192574086
325903674 172642617
486119786 274856337
319637504 27502607
246464889 429217067
35113416 367190730
27185610 305024776
135236856 147302003
281341575 169560520
364495941 24270205
61987220 43434524
245019506 148983275
418661678 102244382
269100228 308682716
487139638 223006879
102983095 207386494
201128288 317705978
336791081 203673185
486828927 140282320
33230397 91842383
40826251 19582094
442895103 192803982
377932113 244261470
444184807 489085980
258200486 62895232
118891785 16516915
261029330 4712038
425694988 17239913
276142484 101728727
66757084 114317058
137083558 184737819
460338066 382835375
178449075 310602723
53026445 249136903
100282540 358147636
310401614 427858672
444028579 466742447
194247222 382445269
239862341 17635841
228190379 104671774
245380591 237224775
342578273 227680904
183863761 476162573
142650807 261317461
311185905 387994669
75872912 227947613
372942815 376650643
82145171 293610774
257840437 303378940
138313190 91103740
382580464 130192651
94858695 429006584
306580089 273971684
304477939 459615291
360800542 96464742
346339857 350245248
415871537 344798026
55048909 67226568
193824808 344648402
446256801 330760311
43311253 102163453
470967118 288727921
256665433 249808990
463768905 482337102
32142414 62882458
172655856 492286237
411672504 485369506
184062774 142693434
456322265 38262291
148552895 83449146
282076903 498444538
4181392 119233727
299122455 192428568
11558600 332148354
425360530 162418447
280817444 250716334
183465791 347102953
43926421 464235117
143934006 295139935
476001526 27871770
403885099 13872612
206982604 330913541
245717221 331861294
996228 74307855
39740950 103022799
445046128 385906643
248047329 113699806
18119201 299070011
392070567 278148941
127601513 200800136
131031174 255912118
206420990 383748488
117335309 37462952
242897849 488212078
205084046 496878711
222319493 42368494
437841110 332248563
81275816 480066996
432787706 74689547
464480767 314837062
31012924 295299717
85232149 127446689
3472547 168790332
270825811 466003288
466631495 51076827
103105291 193343330
410525234 171217028
296575084 233917359
77703516 392324462
228828982 47741594
264959511 60641754
207667108 80783418
283646578 410115392
300276853 168081127
176125031 124730032
239622453 362932022
113600135 380654103
302400413 187827473
344389886 186630688
14416490 32561103
429370939 255746456
244792626 301050
427920410 82463231
237560829 275284872
82734835 15667957
341821304 261489852
499868513 18343722
467667468 172011455
312677029 151769007
35516960 39214175
60183443 102087993
233591991 391154510
140290523 440782766
453425441 316739213
407529822 424356237
148461240 311110826
253297823 6500679
439233156 334946738
384676616 338053295
341813192 443918422
148070361 281585755
455006208 417312462
76366512 352519542
340818896 379540206
333971775 132849614
394242417 423136441
360361030 258476085
215602434 52098800
494040370 378963192
391646495 65654015
289325972 492039900
362218031 437322736
291044539 209550677
305196909 144260327
252769735 123827075
472891118 251143341
338514941 81345060
101661101 493856668
390610544 196324000
250211532 299863322
206190380 353082986
187387417 448857128
392193228 316674070
465538379 270759912
156682042 266159209
494764217 476596072
499223227 214043393
367531980 93062787
114810200 39543151
155619859 61966920
306971409 30808320
453280827 419276287
284996358 353593596
414230190 141241212
76396372 333325558
350900995 11452501
370952310 160985694
489799009 101443854
282930559 166874399
61622148 255914601
324802386 354770135
214374678 12275795
47508463 456044503
79448229 263839900
144215678 28057070
477615325 406191366
12519683 33638201
287862562 83584558
283818793 31529312
36129606 383494485
137871149 294395955
41348503 36438234
194654412 272815617
375064904 172906754
180553390 328009866
211788084 19639995
36243672 210098326
421898111 255612567
492465196 318656991
156075281 281094930
351376413 435401717
101224911 335318036
66944727 67930764
113244173 403611817
312089425 487369366
441895370 18246357
134429765 102921449
202020764 429868914
410666720 260597462
270060932 139740825
258256667 144016968
459091361 116684560
82552006 265205771
322181640 9386682
6503377 480847185
247037459 24418250
115213070 352213453
476785427 306641967
457467852 170147659
174231488 144683680
344933277 400467701
137141023 354578199
272424900 345790760
90221909 98539990
384092792 212449441
393407216 5394864
58644341 130764401
497093387 346453895
180265108 365823422
133071941 483952281
17651564 218650586
43425840 359140380
114829527 158074030
377280992 475335241
281850510 103923661
356231838 247595513
89061282 213279604
440982043 496957375
219403 146828005
83367292 381722425
330175650 5793477
139018542 472073563
433899899 446509846
34435834 464116234
191945692 303881917
248823296 88889178
418342713 428840350
104505988 232204336
79877776 497017772
97854823 144424168
43735593 396985511
292145632 372258780
469171516 350865618
165270643 354529625
288039661 288515752
461389330 317948581
390709388 455855796
126479603 404366485
52609400 208608756
343834712 197838506
377773119 373024620
23805185 280505102
377538157 10009266
229350333 400854692
330373184 281939617
476134969 432705827
429526553 447131239
330703814 366294590
174458140 278507925
112445239 22561893
223938641 297820071
485772275 444161691
223443047 246338701
265143668 357068543
35785514 95555862
287533305 450335237
409449511 140603768
52647359 249278301
410253010 301418270
58312838 260016579
285710228 326426123
263227248 243105360
415582578 407831582
263503642 367210525
456284566 203623466
494575481 308778932
33735053 163287494
86662818 67849935
72595640 79742759
72553931 59802371
481718770 462787040
157856715 279788642
379773672 340484136
74157456 487218180
83443048 443096528
216109109 64678181
208041336 267905930
168034492 366791105
210373884 197936366
68829130 331968755
333293976 153960622
475674438 147394069
498840416 494756318
465437586 77978417
100205022 364836256
4887440 429101503
150193559 347853658
118530688 12507232
358924481 136950157
247002020 149705947
295805252 167972580
297709656 327651289
177854184 497705887
178950200 223398510
384410692 110484343
176305074 243631399
376049871 75074831
447679044 119278343
455978853 255987524
280491535 474401645
76121547 386078583
311858927 252245174
492382269 188166455
116297921 326442347
240849288 145909720
276781776 116132790
279410715 433081022
132680404 280151476
230343843 392531461
469046398 82484080
284485123 370972511
59147712 66000244
273440300 342821061
47127114 151144416
379400551 256888581
497792840 282403870
11647804 386809796
191179741 153866190
67444056 432102470
35780911 231704586
205601441 14002744
476140031 258295662
288333460 305046608
136602198 392922284
48884920 483981724
110437267 316255296
166289035 25726764
363707865 243176882
424420541 429252555
150205679 323221302
438681951 427835122
101051101 194353610
66307292 203338212
291632006 442655501
196134095 40948929
469812520 355357888
37450409 428354141
182520537 86994449
111844449 290833213
41990057 310350444
67839399 50117230
37826926 258289544
361396295 4072272
95367926 162535952
225656944 206367065
435269278 285944953
47169365 15003719
460164481 6222752
382771519 80042771
494258138 149012801
213695068 269772217
314855137 317437062
224983492 164245651
494545463 340447548
191020973 21051920
80574669 48749167
258152274 17881177
402779281 213656271
439544883 338392544
381857064 137930779
315316063 68821642
440705737 448513949
307566694 240472731
398677923 348266241
183836503 291850379
390944844 281961283
4030799 194774134
120697518 36414981
40131977 101542127
53475911 316622331
162350232 318687510
129657858 202010351
94335602 32457802
405031509 168194175
167891528 353535968
248687697 392214817
484733011 141313253
160714966 254997957
256523100 394655965
477694637 6759092
54437635 126274379
270815691 47319623
427053877 379980864
488908827 142276498
480026114 239003276
478446676 287626685
103844135 383458581
2655596 349812166
333005366 293485195
444293000 464005121
332657987 262227378
388036256 60180743
201894321 24712089
76432295 45908151
286183007 119250813
375794252 41424153
126899271 34039136
447829712 239137242
360873741 464139999
350049475 186957322
291034380 94995616
287169030 357642176
328864058 436196053
482761053 156380464
131155891 98442374
59501114 2975411
52915596 387594123
130735925 172548629
122125277 117475347
252445279 60644628
328405909 307971887
274897848 275635074
198474423 221379126
221188885 458832329
9467208 465230412
370009074 155374108
463371405 84599601
160888280 269497976
36792924 156810076
394421869 189220660
202720871 379453729
476925800 8324134
83612524 81974127
251316300 370520736
486786984 380317159
261190744 349875603
175779848 181117515
479356286 283878101
19656004 232564777
355653223 339926411
106939972 269365537
135045005 357349321
109864248 456346990
165425199 445775775
91499795 7766072
145755482 466651219
170430219 481684996
29994815 186272168
189852071 65002925
244446714 303607097
369272507 155867556
369691376 45649104
350790106 24887415
49349107 433515170
268137319 251465910
350320636 56248465
39128740 408854097
385948107 48948472
5559044 311706559
177816196 102011484
78957467 190190984
60615720 262280069
147865160 364077464
484694336 130209704
177294365 342433901
31754736 93289479
253093014 360033163
2255616 152126493
65884503 354458138
137868638 227576997
209524007 378541659
335964353 92883780
172037171 479472271
71182569 69125159
180185136 102407036
264968319 324258148
35596591 308237633
297353753 219175522
275016665 489098038
486574338 365739031
139002971 32430549
229887140 165783080
277122178 371251485
452262019 49450741
285867158 422225882
126652506 168699357
149454328 168985180
213952358 41984938
30331154 380465369
341874776 304570614
390761564 170855650
30148932 2885790
83084054 270599225
437627985 390803041
69129492 431036590
159945777 469223519
394198327 256396357
497023917 21574818
151779156 423444203
120784073 337898795
228858059 418115221
151235423 8012722
24693957 162693429
228147139 78671736
132694337 214919228
213785836 342594729
273433639 201549730
146900971 268732120
141573967 223769916
242953476 393927542
146335610 270118595
449124025 347030545
9034295 84988558
117754372 117078131
464775894 176439652
118886527 424325188
100318376 359185898
283348863 394079173
339491512 51037400
124631824 319376752
369969271 407031560
353748165 256005365
138795138 205008155
101528141 344705438
306551503 482471694
439905870 285397248
492401222 219781335
379637995 220979445
161140224 337958175
21650099 54970806
294652643 399975323
472768084 438340611
28769886 236048019
102149539 270441114
353670071 349854334
192234594 381177666
407005131 292645253
267253819 177954124
271504952 138989173
98335851 255156060
408768436 495800026
134888547 469467288
101859907 265903474
133836192 198152945
472887135 127514516
23061974 377237195
310303258 157756535
277417180 95680080
186769101 41403002
230322537 420361627
74925449 417848297
493398218 204077827
133271477 227326437
292045115 108968893
440964768 344975922
362176642 352334172
240936778 223587985
230610347 195925747
25151562 312412998
3953844 440548681
313212220 176618147
293461862 198912828
455940742 325898072
76972092 175261320
98052841 129369107
320694812 169661354
294006887 250988857
330305915 338353739
376608492 324449584
489835316 162811395
173511405 461253970
57849480 198212521
19191638 456965014
106217364 460448477
425581843 21971495
75510648 377624410
452766668 143708651
177170682 368340303
307617186 333356932
365501634 484740036
104003341 47333897
464297378 284687833
471972549 456368621
212408419 231591913
26567135 314883188
189165183 95455689
88719451 212437029
168285186 203703777
84064381 308136659
318799524 65430077
328527140 264871054
152545348 80591755
120574191 451498172
347157950 231692887
399003282 158559276
400410134 458538058
426117696 131973540
443893866 272789934
222927931 323711571
103488222 193105028
426344941 212460286
264178583 86170683
304275636 347351032
416351665 412188434
251322152 409337132
476120638 183321762
18768329 164075709
495140685 299936949
88615459 371390859
308270421 215106403
199492716 168512058
359989324 44850454
12750991 170231243
468710200 436440721
426570329 343270957
370592581 317421447
312300794 67728453
149792928 488620322
13161311 384136765
401542394 195453380
222369859 279197458
339016957 179765749
363565876 201538858
396380943 76372014
4685866 158469302
121233283 27620295
335982248 337020381
55889435 98956649
48295045 53134987
203161163 15684351
342793265 104671177
355805735 218089316
243787799 281796342
324632019 378686689
25985699 160583051
84826448 298768341
257084969 372351753
410330930 485673732
390424692 36788132
446787327 164416317
489090657 195725679
243835235 400186882
381861754 3558074
102315004 80316566
126982420 400228748
463609566 292653926
221118861 162463935
94772807 50061369
345129009 28916383
337189897 468111770
124578962 70195653
157923893 183438823
272919804 154984278
136518204 455823165
358526082 303772564
278003546 261344700
210280326 165308347
177507790 251152048
483147643 377970469
282227222 154577631
442772748 181986133
175351162 191615423
41439005 178789731
477347597 266094491
68142268 428648597
127136671 490892005
229259474 164565610
445181835 178441498
303368174 441460150
140635012 467893589
291564736 109024375
330438954 133211906
28954378 315389717
449301192 445000261
441949194 480605759
403652897 18891533
158007633 169528385
145404200 259251528
348673994 2031153
257032369 156699785
121093935 476850180
227441557 38151810
65282521 15095512
94845585 200383378
385182217 283327565
176212029 246229397
149569883 301070858
144114055 432505753
35380945 266954789
303970494 45531119
56160466 332772730
133291156 226721381
221521064 197130250
72397831 197625038
462144303 437060280
413164893 404732821
283115458 125469724
172640350 17600511
75734545 251231295
320519976 226200877
174402135 148634535
223587647 67811454
350671218 86441754
466504886 230284669
104006728 187030497
288371192 439163100
92126614 264108297
36786143 253910354
163416539 312979424
98733185 221289948
123789393 69796903
236112886 163181653
479674034 356007737
57235546 53545066
301189899 356281377
322417579 247730679
28658599 353349928
62915106 392950543
92638497 220590474
388935043 212236152
467702458 405691601
453953204 45857594
68948459 190947269
83024564 342563878
209314704 300471455
280805555 375737601
163685684 485620323
315409738 267461009
366337356 89258690
400803071 61344325
252045767 371578086
114864617 401051171
86948089 163674767
10124379 81275929
220283965 187273593
418370183 288426126
121113492 134625099
195085809 1073555
207488693 306981193
228517016 294126439
169661721 349390293
146930620 493390070
196237439 290546519
339372455 279457395
108624206 194387931
42220245 297247748
29713130 383157667
343004057 307142000
251162206 98503200
422821026 129906007
26108892 165396431
7736992 385234937
416468941 158660808
67734961 121573993
337649657 176540192
29105047 259309256
354594645 474406485
286974890 426440291
429039056 338790519
22546290 272572302
170193381 221044599
72250063 87946453
428507158 290850884
463876186 256690092
186265546 820933
388141739 426958218
112431622 9901209
426950426 417733867
272210091 256118714
336401366 320982339
351035371 498913821
437254724 96362321
443751431 282509138
465139872 192227890
495428029 72944821
463510208 373646658
359195947 221455465
426537730 409523626
493371903 215054344
450208064 351998901
66108927 95086601
267921337 471624971
25251482 90621107
84258929 180730769
368754116 129753643
36118110 452969850
250274791 149117116
441659376 265040494
142742958 345331014
177915553 486215675
85720402 258456223
14366407 401773429
239522006 379179703
308511446 385447216
252002099 221073937
487510324 99898596
264561211 356219579
192533798 268855751
159245428 335763144
112948873 100992873
443589148 448050521
481703758 257677226
348447149 412963607
182500744 185474694
38740618 285516728
91311202 115120954
215565193 260104804
10502583 403053704
331288604 152663048
431142493 26061002
156202955 273455256
150908318 40565406
491316927 449410853
15477545 190239644
326141597 163876413
399733461 280898646
216820065 423557144
237520673 272331939
444500213 141505771
447186549 96447881
314378156 494435275
339486318 446046628
365166390 451499301
266423178 278985658
354836023 48472214
16934044 252050892
103492417 239867948
198571950 223419268
409058866 277648181
237492086 92625568
257899184 232874568
437932421 147974961
289808414 426929208
456667413 332713774
14309976 10911258
270072571 204302640
51167538 71416425
140132076 136757286
752087 278377262
455104500 426001520
455670030 428598341
70795922 455648405
443478997 226341416
152419307 353782541
352386354 172643610
363852058 348904335
98837312 5518888
79888229 319062479
463122540 300037032
82701236 428167272
316598445 371995390
180599522 441147098
432433600 14561343
260110010 254179426
241006540 294146554
135147399 435726326
387918393 3911666
153241221 358397701
446849288 92901340
132239295 371531857
82517304 470194982
390420017 340453006
224421188 152573161
38168718 460890653
437979208 350348754
128679302 149779634
409540190 150432339
162311467 102940527
360882371 303664702
298218531 131762503
260884788 251210717
214202386 95304754
4803799 454142365
3750193 359580046
301440953 12313768
495944142 9287898
152280856 483153588
337011277 471979319
35521559 397094035
192313867 95604549
143488067 223552272
466666791 418915584
289332786 433921934
29446987 338878891
440289452 127155969
131331008 13556122
257364847 158433842
219873249 382657411
128936890 422612777
272118376 20765580
56955182 326301919
483330417 112016122
21503312 310095939
152986787 100682942
413750013 117521660
440294584 307360691
189616057 360183595
327125888 242945747
340449072 285443654
254312632 94391589
158019959 394454898
441432110 88031242
124502378 289014750
481315435 488676766
90031599 26368812
355868828 67179723
464118746 494425846
35923177 340953037
389744746 80895416
113403256 112507092
55087362 399723389
233850331 366658639
80734353 51561664
29801265 135406882
219746667 400219789
291187679 272418948
342831778 301640002
40282586 179511620
311184957 462250855
149124253 252758735
46171788 77643344
335233067 247638212
490709047 141217403
406757016 58067709
90182158 71316514
253942813 448063014
31265881 103285347
419264140 473658624
171637973 144901181
107354956 120386557
243347762 8841786
188014551 479666720
63260287 110399409
212191098 337610741
482694974 324854260
316865602 9475648
140611847 81231385
263423681 266959084
103969190 349182481
282440423 164732639
451280761 173765694
190713998 98298262
374633855 95904043
236548144 173429327
420404748 434216217
193570983 248955798
301491665 40061865
341224834 402261349
19250005 114630178
112307262 382858109
239777347 468187827
47533835 228136953
246622884 420131658
310776229 149763852
131874901 359094129
398171036 432558840
120756828 34389215
235943867 473395514
34251699 141905189
104009705 164884692
391851329 149567161
278890272 21647364
363918581 39693410
29531498 326176290
380221872 356814102
176172290 415970209
100021179 246483816
298521038 327596500
421552189 405151343
222889075 349861997
235899359 414565693
115488766 101775380
367455968 109999276
107324675 209221235
196676802 445634326
90369134 64687568
372195118 197407666
130976689 396826295
279493306 409288178
405661349 386614930
403071959 381924799
477005683 22242137
47037969 419695961
233313360 369388371
168885323 233314044
258416201 137318906
463247788 237553468
475327068 239645501
251236530 238496089
78681641 132480639
457074578 493086700
339032866 249784302
186088775 413828673
76225180 151796826
52130247 266155523
281724704 112401623
26326793 69064584
92271428 253208683
9810757 378180267
233090170 72464273
140761021 407718974
382902363 208735510
235920158 353197967
192315636 87992920
485674976 73795470
339757332 84841154
212508484 109030174
375833258 1401030
316444584 227144181
437870451 375056406
313918561 8500315
293153193 354937428
433532898 247037253
332785274 223937919
189808664 54807038
417580156 235123830
226995097 181120216
251217389 491446336
427120156 268757689
58216562 152152150
471770804 188499120
207809640 216049318
347264542 147754835
272527358 427966567
489372451 474227370
45017772 291746692
111357785 221647856
226661680 37055709
423195805 371852546
497662898 22773178
127571231 401586562
6538897 284802096
38087886 149234449
283307424 441937322
65009891 27305112
443451564 269393012
81434040 22753982
169746931 353776967
471786872 350149780
48636549 69246802
352328411 114426268
8314312 107729346
106296341 76162178
102530805 185679695
155747615 285006201
359391850 362488696
73457144 115497253
433629488 178317848
337735943 211319163
436249165 302733180
21455225 184209633
318196781 330804020
51849805 472180572
232679516 189725842
74189945 459389035
311237368 312818959
498131321 226757292
402126651 5821272
472192052 198202967
384377141 157436964
358221060 465728804
444011717 96551204
152771376 446909834
183956969 393855706
472314211 278522407
129118980 314509420
483650506 222012777
384657501 78113959
443327864 425337159
444085844 199724904
446400257 62937416
431193492 409878353
346663684 238207463
241688575 414646108
327364325 474483187
180213358 497850200
127717677 225211803
417929719 231296910
167460651 29893783
232501248 456209805
185389769 139854659
132440134 111437378
206157842 491976877
270468766 373431547
229390344 373252090
63311024 335915653
41811243 190529803
287447256 12029702
208965093 278086467
329486175 350711783
452531590 138213397
430386693 19776434
109970078 321252072
200851308 498952794
294112998 117841456
279454289 259069437
157000981 245348441
222685108 289271528
431207787 379039454
80329009 373617062
498499657 56573855
332873306 245880616
150480216 365279640
97138370 51680478
45965293 28058591
211639151 264153773
261346028 125144461
167086150 454529296
350913836 210992523
487285663 234089813
880289 253586265
273783525 221398969
199181901 262303627
196836283 330495761
64200993 478358207
233143195 111835567
428716714 217635383
80985335 80555095
331776818 296104379
186570082 393962522
190922995 333065756
283808346 467575471
472919936 216003636
323244787 428930133
269377351 147579529
21656131 413005269
27460989 308285879
244913722 366778250
437471765 383581521
390064472 472997143
78482216 130086567
243742824 88197845
367158272 366409344
147421003 56411423
449017741 353420903
428787264 50178583
58968794 181927869
16541652 40915670
327549681 463099169
182766179 403004520
147001401 89256422
402527458 460843521
368553367 316163500
495590351 93653714
241891549 288863399
482472329 160686130
320634120 426324501
442281900 328166531
124528979 409539220
180121264 235496087
493069225 157532299
37986899 95926271
441851774 193066355
278774106 440355447
172770405 406845397
102590153 126433867
45291290 145569038
335070213 462255589
136182306 398579870
184380232 495038959
248945937 286089199
495549066 362537531
222677655 69111036
182016035 493386805
365272411 303338744
401681646 187215125
136378849 315810776
315157905 12939264
340036984 328649268
473118845 218301566
258240062 182598001
409044092 148348571
2623787 384037969
112030728 83509592
50830609 441901094
372629132 353880905
27131207 92017151
84843941 84570510
447736943 214796642
420009890 83457998
210089353 298131797
259471046 428537710
323598679 375340127
207532000 482385040
465719807 475003769
52411866 433780236
386705316 462611314
337592865 405350765
211643117 420723462
393036530 373122072
69570248 301297419
296116666 174629222
51458310 240887675
303510341 456802088
75081013 136521619
212006118 184448948
53853805 198721747
293499686 226961943
143014717 114873986
105025975 35347197
413886760 420765953
138894063 290917758
484211242 302042812
177310687 280154991
179085659 137885987
57982790 477396313
382580431 306688478
401213537 363241052
466072852 56491184
400126623 245637390
459159966 357965155
462739136 383893938
83731486 480674714
393058915 247024540
316147061 84720925
165998479 293824546
404250279 211700768
209041319 266456098
133677807 150939275
496850808 431460034
389605880 256062530
420995788 142484711
20287808 71473290
483840161 409542804
1775854 223758019
358529494 491883381
142371307 418684445
74357715 179904305
168099009 58888438
379756255 274456466
376620967 39395157
3098774 435939580
86627807 419332721
188352551 387304878
393486977 301629441
105467169 161953389
14898177 406280818
357772377 493353084
24033637 480527641
335782995 288566655
298827172 8091823
306049177 245607840
405429959 480066293
298143914 259163985
442810834 348538973
343279541 392207597
260479283 199172778
84112570 435601129
244755569 255813445
310395225 175469549
313384131 325785620
404787824 41423241
314017268 22096046
323280830 221707841
227889150 274266974
292650511 29560273
499558287 115188082
144109229 246837810
373987497 84494459
166629191 94239041
281354304 130896246
339444283 339962758
179231708 272321623
82489571 363316975
13007183 335145789
156399820 472645944
53045449 408874405
190577917 152280112
212270962 324169790
62555128 19110538
328826601 257866871
487946156 277245875
290125497 217084114
463073675 110362423
162425801 444175515
457853708 171953085
80039738 398535968
293032246 85276673
265230353 296344633
25189110 149644055
319236210 405004003
55359015 493850287
426205202 144031205
346464347 285006843
277135961 77087961
473727478 127743072
378238111 498018439
312287308 73631376
201172191 130166790
222321546 278336533
133852395 182976850
52110893 377599202
229583755 395227744
412707293 162759716
174582666 482028015
487037455 293888123
299262168 439123495
275225097 298795771
102190868 151947672
213743367 380048076
131380968 124298034
320203390 466545400
168641230 23895938
43568816 344610811
157664444 440308788
198933205 119276443
442964960 248667887
463023113 456533888
431321879 148863717
21944320 4375236
64136808 488984975
245338049 356451602
273553296 245885358
269968764 225625556
133106706 145319529
152287354 442811150
238194597 311830018
351947710 478006668
466587830 204305420
400021358 488391530
234891657 25464345
236830102 158164142
49467294 469980714
475070113 353167265
204876427 109677986
10318535 424287793
413016827 377219166
448959663 154142559
329896086 333812855
102620025 49695866
338550729 490807941
429060024 269335292
360847453 192245215
491762710 150546626
22810714 26260309
476633393 212196942
479694766 178958402
282698627 389371863
208818186 402543538
76333285 153762079
130616655 398117378
23896503 175264409
300428894 456708579
288143467 329571720
302108220 174598301
430926366 225909366
201734625 361710377
87928343 223997227
115916220 185208796
61316849 482275551
327521250 437498431
352617289 149563830
53115713 498041133
208152034 324157107
308158455 100062760
275836723 36216423
67878678 287989843
227795349 210551297
99550469 201108928
285065092 144798173
145120199 361664146
369957485 55697747
371669985 454416543
98664204 164261909
152088719 428494632
462867816 70293233
14864121 366610621
335229563 295849617
61489690 323303932
213320273 494282007
178640087 233606385
210611671 168433818
129501396 20165081
434879506 67336621
70104260 230527823
240643012 253849090
237612901 138456531
429762419 61095682
36641397 246771668
72479424 313292340
247380510 494177757
486065666 250184926
374068519 6068934
174103727 62940616
376832348 60215580
233822262 243298527
159399267 374146305
404811579 187005614
317298312 288452829
491387765 352963095
128672455 82992259
307097522 168923907
332695455 83695468
369324593 405869193
57318960 77899558
232226799 213438131
81833779 245370811
401715712 363020054
395361969 236059984
32435533 437995678
188809892 222297680
37843327 318276909
405017373 176661003
378764828 261794257
409889769 435276598
198098739 107113543
391914961 430865226
208166418 28162339
72479068 211698656
138853559 154111497
345725277 109963585
224450343 442259115
283290843 224697880
166358646 300120178
129623586 135519183
271656014 228727672
355854748 497418160
134082809 339533576
220838484 471453943
182586479 311437433
79456541 472969737
334252497 14460731
493477755 445235827
168794329 22662389
169216994 32902985
269764525 40527557
39079203 65182495
409444375 31278990
241660753 61569008
436484373 376413261
328316747 273559088
161755450 323038052
166569012 405329994
4086400 173778264
216971805 201486419
397964775 270861607
464800952 60980318
246148135 67342357
267096690 51696694
183762868 193256342
464330702 344706864
414300715 413127822
299218265 301882285
165374684 365576363
197282937 217974418
224806287 176338191
374070272 346001979
239815407 97886449
93535122 434627333
155897278 282184196
354186663 243379936
173353694 270403988
152628562 401622039
42407909 344003786
158330005 330340390
437964635 64545820
302493486 389998511
94797318 2459660
424145450 257362054
442270227 420940492
65837643 412844222
360783178 90339534
266707497 415614552
175611215 246934740
257637902 207223642
71125642 251800764
466471024 74727507
219185296 270809966
481391744 262931002
398999853 213804873
436462319 471077652
60116362 275899531
283103364 214974692
480500327 280549388
379567179 242961190
314094038 392726293
463711557 215785594
237600781 382040023
344994185 181238980
328957336 478738540
300869449 483257424
113485584 227606609
227503928 322853967
390748312 357604140
372115568 70696275
442212515 453570741
164175268 378370754
60068837 416068753
197898090 293260613
171295176 207718861
370466969 92297267
94999359 122798495
193146960 332666501
466725373 246316078
445593398 197407740
462102872 243609326
61334133 355673008
85052594 131288969
423148171 228501298
391344888 186335818
324833998 5550091
460556520 293593831
399365794 420985472
358776212 356290959
338125804 171257456
246969085 228306031
364418377 87779930
66145449 44381112
147662258 499507452
469947685 250930695
386759874 337370243
347775152 91737824
261558655 204771014
43045542 177885862
340337899 302385943
365156833 449123974
331353023 485635894
154025896 362226481
246180981 198106137
121837771 149365081
221084380 245180443
354365219 25259769
139252102 2181366
273394610 101990420
28970846 480428055
188460743 200554497
235241134 6871938
442130467 461648397
77319392 214985897
113790375 21687793
426430092 213174403
376858885 123839667
337156197 53122776
90430205 294326928
136825106 125879724
418191267 113602790
462861331 339682444
391294267 338475317
251455192 397043904
487974795 344571940
409467553 209501401
278034563 316508411
96381737 135932765
34539712 51558094
163982770 381360124
454430796 70157384
397979727 388419478
157327771 93863194
29169118 135917741
245643279 71119614
478820831 134318651
322246193 241040794
305472286 243351015
343245897 344155395
80288955 228627375
233823829 247018875
361100206 220006007
21663533 406344648
284378982 249656687
84121154 410192482
154302644 93715647
201014607 57552667
472066650 95289549
157050874 115534790
60186810 76532917
403266094 485054761
71778793 291969416
476544285 68765006
289374826 420410592
175782457 835472
39177047 291118808
106439330 69577151
485524384 139102158
375078524 220188212
280993799 406969462
196244862 317129905
453202366 309209352
156718892 486052652
241135153 488318798
34525203 34741687
223162152 420454283
384285220 125596810
391189301 430997029
150148787 312470334
462520472 339294544
293903812 311238668
85418246 429422942
370318345 36101158
163001391 376144333
200293366 84317774
426994080 96406132
426242243 427036193
105219757 350290131
286288868 271019398
128862586 59509618
418962746 138601708
400910282 10261690
191907819 378618627
251450907 251443010
234423061 201780245
123644700 313126159
379769019 9942904
219119583 102105262
158538521 331196470
204105822 415947655
313114427 64835360
363834584 155806929
196362879 5881307
257644512 134987567
298438493 456522286
303292380 437091474
225587940 249104462
446366924 151398931
133604507 221344571
150942336 1989022
302802365 416704115
477044670 324858544
12508691 333455528
29624527 62097923
445099474 292483323
417076011 40328697
222807754 450350514
397932451 274588381
287727752 481072380
205903252 280204017
23981623 443650943
267298330 4788265
59443845 471748030
18197561 490522865
161873610 232519831
437563356 380847566
361852853 435379272
430856002 123930115
490622424 439236597
186451599 82711416
476490906 39651947
284793546 280766639
451045789 103152835
152146056 364602111
240949506 258499330
59613837 9817867
366842907 25030309
373547186 238199910
60597407 278250262
115432257 224882514
157016651 108671358
202079654 372410366
453665472 30604007
448141360 273579910
237927744 177717781
134675524 107649201
55053138 250750326
122848153 348338743
453811982 420011831
268979755 421983246
305971387 489915193
258162355 12199421
88473585 422010869
250424601 188317073
441750448 390497556
23648190 20602809
243077543 70009615
357456876 34569617
54617616 45932114
5769151 301139005
352357685 145225095
198194244 176280468
263550269 434713873
255257680 213602672
33399018 379908283
52004189 22325030
488596680 143154443
234436960 312099186
331721361 64105213
164949231 399193211
216453011 439101456
255018856 385361544
378293519 187157998
132854760 379735885
291138174 457784990
466590615 476182129
460534155 330483738
259307928 434271829
321069459 121512681
183002792 250858370
81157238 454195759
2450119 90276237
402613810 65758714
216464694 373919425
21566354 200228924
339311573 219772297
405748777 211148717
48270951 392481162
320702044 16790689
451082089 323153990
312964005 41954372
89974271 362327342
362747644 369944970
408511944 123643489
186688237 179384628
287906172 79820523
436476958 298378069
330366046 438680625
244933586 402540897
9087794 82062627
21324057 300746784
476599061 102449869
246366653 178484029
279323368 33035294
345749079 464229515
459288827 25315417
149248293 305117559
230059347 110477122
240721253 429886771
485327540 333622308
77039115 98980956
460801888 69655263
478220275 408795713
108511200 354684737
155556737 155998928
432881112 332694498
278475199 159496991
338276463 175920421
233213697 185545171
353710076 455064942
339819475 423434532
254232544 460176527
23102100 472582100
446404376 147001646
431891484 364952037
323347630 322756550
163166592 329981285
151033171 272103562
102319050 330578949
259363269 266555539
243054162 453140451
140881528 302152471
120569503 377001554
342091579 322512125
326126079 488782081
326577838 478365261
94533650 141000462
172390426 413855093
266105704 397501517
327627055 82682889
390577844 119098638
43788652 185316284
333947112 262863080
393538873 130847232
206604133 73515116
226117549 414577691
265618730 166579395
97549486 393539668
245225381 261010975
417295628 201069007
409443488 213288365
226798734 106696070
136786916 161670840
2298687 172541129
304946166 391891946
31542560 180889799
172348793 398662274
461292091 255903013
352626016 309540098
257525190 203591679
171379935 41527258
132686835 211094124
159185431 424839483
106981537 137696884
89232499 454744606
65320964 97681628
322575508 138534105
288654780 35195026
115347888 339077951
376520970 127812450
9797201 240545970
480164520 231338361
476435040 271019889
327650174 204139096
230366 428922808
194763433 366914361
329356245 94670598
278452307 178534051
379781135 365576669
348493210 296185335
479354960 306299125
495090872 39243215
157323587 421140436
381751173 220782308
314928197 28609350
258844456 268353564
392479215 59919015
406010778 284203421
342236454 199987388
264771620 118419562
496997852 83505673
468045834 213313033
175933041 457800991
236582345 298884410
80933660 221028989
92705978 71552601
455368895 384198103
170595188 323033369
423565750 463516668
248086238 451265004
260695740 185019682
445200559 493492596
86923444 54727880
403271168 7099502
160508634 176684424
49946248 251994939
473777205 48137773
253375923 273439923
106397168 70560665
299895163 344370366
214155816 145890809
215926147 195362695
9952893 410799563
467448351 26886712
195858334 274325086
34579728 373778541
392321569 176035354
327036401 389025959
166295270 304803480
407101234 358300994
194396248 428180548
62485886 171763264
424035542 42052821
389626790 234275004
302883746 40274312
26907483 394800560
258718882 110055356
334951001 103782439
353887440 411893184
190683540 233523678
151622403 39114640
66403262 443437014
397484848 215790638
131307367 313165168
339139434 209877603
55625639 14930715
247483426 405375583
339756840 475367226
388473233 401491066
226214818 488478090
17941047 225997246
108218826 143285871
133817982 286389391
378529869 432636309
313062770 195886565
372986156 426970874
252579674 7107904
25768421 395632771
457093964 123830632
179193959 101194613
280104278 435015201
141814774 225840640
26287149 13183673
425738265 53847212
54574786 360552459
72870504 108324597
67404412 336255040
295653495 204387686
76591213 189265222
265165206 223018474
155978748 210643522
417753033 234322697
411801327 267164569
255610370 300333704
1176834 266134613
299088992 236428594
463971904 481673512
206250783 164937192
70508542 226772189
454076991 306486903
5021395 485166653
34572874 63353266
158093469 378487237
309755302 218172422
319598778 333549393
230108732 456474507
150427347 345382684
430718521 95834643
275166181 162675816
182588567 207370727
290822152 318650113
423206004 372202181
332694920 225921161
447621899 286850800
495683459 242720008
210450184 316383623
415312798 49732957
383137610 279583839
127747409 88678734
256538819 35937202
4630199 362925200
332660609 85903648
37583320 433082270
270091332 142592740
317713887 388927627
188996667 195160451
199098010 6633183
286201537 135329848
494463644 169198222
419255073 39257660
401363513 234685349
146706334 473722550
187267611 243926810
299446858 442007892
420248276 271529807
299716577 38999844
398241029 487606182
362062249 330676224
231889637 302550934
20280071 13685058
143590534 383686309
105281574 172307756
54172731 297484844
385378004 277223164
227329991 56460236
105499316 443387167
292084718 413977294
498749828 271914458
295237358 15300523
489401014 496097436
442324806 485813278
479956186 71624339
442153016 344627373
134643886 145258301
406933565 481173680
417707045 8745090
436808749 334113147
47473168 172889201
314572394 152716677
19781705 395692633
22826938 313215987
272637779 83698257
488206738 270742931
186819860 84851019
378418523 38184995
444296262 264022595
79230580 376778040
150815942 436114409
199590889 392023378
251265926 184870422
219968157 149377992
264057076 209984276
22852977 247206454
294282479 251895726
440741233 101234752
205923178 178439255
202016764 287749786
327133011 457546454
244137119 309186224
95263377 349900486
443380227 31250114
71786887 72157974
263586917 209358035
36628614 140167403
189442433 146708147
107233890 418110956
403552287 244998500
248564405 457913807
159796291 217913881
326617232 274485954
409445526 257540739
465428204 410461258
220415837 91804364
278531142 131542332
208617704 24029392
96745059 214378162
48547662 39710204
470310683 433355581
84601481 452515176
152785838 453869459
487288315 259193557
175487960 463751665
168703296 288554665
10970746 165248388
51464193 383787791
370082413 132070944
328254073 109841226
311683707 120937634
331985985 477837891
167805932 235651954
472147757 199317452
134513810 325031832
426935548 421581455
493685523 258741032
431866008 489618113
123062183 112168385
328465701 22416948
67859036 308258009
174956693 489663929
384448630 321123039
41744844 470788973
185654192 277841388
417349797 348053302
265773014 371407275
257506208 499048626
300727321 336278788
367285680 41627076
393610534 368194005
154849780 5214218
138348667 235367273
408429400 393519974
494944250 214662857
203548934 380661825
145260445 106579572
202283006 78046017
35146098 160479632
364688599 335112126
399970616 349897433
205289097 144183216
212153276 100513761
22070425 157182115
398897850 442980589
135590023 100275839
320493802 58556926
140578942 274887049
493330059 272950884
258143458 323991890
261019491 422973623
29061191 24536037
128508324 301481350
447792181 298957918
299563173 466281529
448162837 405661129
417562675 88450621
182132405 302245552
26150530 118695170
265543211 167472212
305730129 408137526
480155174 256379264
235745207 222521459
19853759 206982277
190096993 234830435
16381786 80041771
481611346 362918375
315792324 404748210
481102075 53568270
240821284 54316242
256258828 354578775
333986538 167676015
424713998 394986050
456233159 378471208
14188675 36068929
394172114 263405557
351205359 399917540
428276487 78286013
104013755 396775076
347669132 79389274
14422583 486218373
247396445 294576861
83103577 30826105
139709263 189073078
449222644 316413836
105570941 189290936
395380534 237528653
141550468 223797640
419207863 5421734
32981631 195281637
117863086 49979233
148104282 469754139
425364006 449569786
341718306 206938641
47135028 34804038
433370907 428988017
162620517 148985833
70920557 396339245
200613827 230353657
355426498 96243399
498107792 255572935
113537056 79284113
305438353 3572408
224475814 352621004
411141718 137866127
277073104 383050394
190102467 378147576
180310283 117752716
461730409 359602373
195212013 4065614
258090312 400437596
467609413 486079220
483444633 263756889
77412712 248219982
489896712 102614385
126530332 44997226
7834436 176503674
146295734 390011029
380347288 295544949
413771617 106118245
153632575 370638829
438434477 232311188
315325514 97186424
402065943 17063159
309051758 93142324
49433592 53435343
242356851 377743161
347742530 466944159
387569684 133852930
404944954 29791430
393905571 403678736
66745233 445835695
300027874 298370860
430023464 18296283
492309027 274239651
26094434 272048816
432439713 238908790
98287274 214056215
187653503 337149014
350320092 452049968
324132392 184375946
431061970 335620
187382152 155744575
351979868 201193257
32518154 30383438
44868681 210174763
467706752 201373098
118532640 190251437
431795513 490202549
374031655 315911611
154394885 396842393
480457638 6207380
180581918 405963694
491627267 419204660
55216145 200816776
294641182 25602655
230849796 284569778
344348644 353872427
159772290 284760239
356015448 137940691
373857187 168969799
398785615 71627104
24494979 296265360
175213597 314509642
57592638 278067907
408515441 115017562
382318228 340419907
88463376 193218310
102508554 194299752
261982463 348461485
294413365 484848825
351241973 352001357
305192164 249073411
216132434 104101169
238145235 256860646
196744872 299300052
318371025 437796225
89805826 490003746
322183255 460283134
455300887 338436819
155309143 426651123
120622581 290205268
373213507 167768091
20786927 285115823
431109736 381482812
71883815 330148535
119677059 258077495
205930169 218898654
153265224 88870240
335016706 114761483
313696309 7924974
436270728 92780983
465200259 451796940
112742846 167967336
177606615 23799344
46327155 24984805
21108068 378892999
335088937 293291416
79075325 378854002
408942166 132782188
475781633 49700955
96046383 199717572
468930674 329086404
114310592 326217883
83277799 209089722
248878257 86669749
11966411 161678576
386804158 183759666
483515970 119285895
22286818 245869101
162539514 338425597
31195783 254707372
240924105 11480306
191237332 156541989
139567573 234177671
418430258 453757268
23257566 368668503
450235022 388556610
249913009 209088455
163518744 175099490
425149040 158366065
98772703 362278178
257965475 208076653
273860279 459223237
284494790 437584169
45159760 257779001
144247413 82421353
491434533 436839017
496740010 129339922
333128637 442751884
289672188 128559263
453375301 448527974
255947118 370338
485292008 173908048
118469041 483381068
48873782 98074170
228444830 306286051
403044573 413477709
344603124 278170228
281371795 138989258
334274569 187137526
93687527 366238454
241650734 457665489
80482328 245255943
184131144 42523897
450900405 303583508
411739000 402655154
91684618 53192518
349295022 267844335
35841170 57057136
391665930 228813329
4873458 74580721
338495546 351039283
175653518 486170280
421307467 90619866
187793763 238630881
476004144 353096759
403390010 364737524
112369859 397003207
421119924 285815189
99111822 402818671
114824362 262247182
379579559 62207040
40997856 5783085
228266813 440813812
187899318 306451266
456477293 131651769
261534014 102851811
212295061 251167044
36184109 254853356
394772716 51585091
280761569 260993403
301383027 120882695
238256484 66714271
220245782 99021306
497716727 153304959
13856748 341045746
493251355 17286998
156857894 81270673
157580504 274721443
404067514 239407250
77713011 472278965
156415510 300454189
44798689 368888619
313510442 228983783
290828867 180619798
451498401 59408439
256631570 325904286
133420471 366530948
280006262 148932718
222710952 301333768
147078323 121456768
196509146 404086593
265775265 387088682
157192543 341523327
498985658 133842866
262322027 27169405
279187501 253023577
350025361 367736755
432600163 61206952
462202731 472520753
366352835 394531314
336036861 7847701
219177602 140647390
418670831 448877338
186618826 375744494
477991354 214322449
455362084 334823519
225259665 373861598
240151051 323852585
412580785 58073012
108395748 365966313
283319168 484034210
491989503 891667
270985597 272637263
485283955 48342493
210902326 253029775
332407370 300234728
184861065 451708993
212709288 210987724
356326039 259081616
73374141 482271642
78611533 2787575
5344594 186387601
185144665 340968490
39202108 11752419
266561316 81178006
61190458 209959171
214781191 210307264
244254403 207395642
50796279 94589486
433080294 381529178
258558931 237766030
290629763 440688557
451304698 154692327
369296440 167436765
488461648 277621920
498025365 399353790
234552999 15234138
404565130 437865112
99823851 161005839
208111350 182366430
448867727 390717529
389666270 253221999
128387853 488122876
283910169 428935072
63091292 3522239
297585230 209676769
41972301 43175056
459965471 194534817
8520203 33322614
48609630 12689584
367527866 62264005
243253666 62268669
157503492 246078580
338435109 212157988
426994046 304293126
39848807 275624319
64025144 497701983
55247417 154817473
9840344 339130423
403645513 149175200
413170380 195578915
74820827 321557704
248818858 65988316
287793924 198138803
317759124 191533846
431389850 106089556
191279459 33237991
218009418 99293931
374924336 404133565
206196537 230421781
127711180 106474634
209347770 432669088
359619905 389777200
367726803 23837881
22787048 398612718
145686994 241733945
1954706 117193287
106495559 454677394
252581653 138239707
467527386 239925673
10947315 193315062
373692500 389168237
361459312 98066084
188336743 125604659
316365142 114026103
133126383 401443251
180500852 110642803
10018049 499234351
113368652 294921272
316949231 146273278
187588126 207149266
401955209 168033002
7536926 437884908
403019252 434403699
163684413 3288213
187997214 356233109
407520903 350995376
108559638 334069546
254046976 382084632
463484855 331884365
206100283 74952026
17897627 15368323
287120972 29208505
170992955 387800898
34893214 186458253
114015649 282672814
46348129 159474539
418498453 265457802
247609816 101949500
222921281 86922522
189614122 499480444
315733851 405886979
367033319 143563164
115179516 78904788
266330702 397412483
112221805 46996701
118953792 172689839
156479026 234862495
136817695 332004510
275277036 457756359
67194951 212114158
72379918 14376599
240563619 241471075
493021001 181591841
461033577 101814923
438145468 236855017
399849110 264532163
235219574 453136515
340659992 212128873
47530982 304889810
194517285 65543842
27598401 116960895
152120028 32309995
200296176 387506155
67427085 41507473
158067335 276468088
347576264 202788641
312552003 170485906
494804631 274845493
224338949 298826102
452652375 18582435
377783426 279614933
111243232 228790135
357404647 3416356
421197946 19037952
214993105 224392759
27599923 459952061
19153494 127035437
245869783 326887413
434749159 87987555
432231354 417079951
138502842 396598627
209863463 43125511
202859723 465644312
153437379 332052646
369502338 112170135
471446628 191604735
23177240 238849321
430318530 328959647
451126738 472939213
39563237 253598570
367464599 155694205
446486067 111430075
253160537 195772153
237667685 422275947
298298524 490732010
438420085 327869038
133460659 451491886
74199031 258035909
37991612 456684611
52319514 349299739
261724326 54895323
417853647 210588633
137309180 299565841
73059098 114043511
158249082 301071316
209757514 6777884
161272203 212505102
302193409 425986108
469770239 395326525
66162053 204667338
52606272 164726124
265058514 86580483
448989414 129676077
49025244 264171888
403011183 271437148
278631128 432602191
194501968 381959756
305214424 125623139
78619783 299299899
454364891 48056702
226865215 271107583
354158747 37401639
237602108 83102818
358980149 2752909
177679371 365915508
203540516 289115202
116533189 248520607
417754651 262188562
3152592 216330429
187024012 12403246
421980312 54711535
288463978 441675460
90825531 487631816
177282568 19543590
108904765 228426731
9728005 319967036
469748248 215141860
303180336 347776341
33406977 128108956
289112121 374491893
273788626 46466554
106304605 413632276
316473322 111402858
255206143 250400471
306643902 180741999
17414466 1116270
401317739 29639830
341782340 466006004
243501448 87580612
11054587 141272392
350099811 425673329
127809862 353113820
212278560 292850174
8287330 407916308
335437594 66614669
404108316 318610819
207893801 271901271
27811819 363425984
318728307 175248321
305982587 222889177
