3000
24 154
12 7
29 114
245 64
112 170
174 207
259 45
186 8
129 267
132 46
115 28
215 144
258 50
237 81
176 227
189 163
224 5
0 156
162 8
225 294
120 242
150 290
119 77
67 259
43 81
29 18
257 205
225 18
73 98
166 288
257 182
210 284
142 265
215 173
13 128
74 200
153 262
255 102
40 114
103 197
73 213
111 266
137 150
59 277
218 119
236 22
45 6
47 219
33 152
22 199
157 74
177 286
61 26
218 253
138 43
149 104
238 265
2 154
80 45
216 296
163 73
30 166
65 164
264 263
89 163
186 263
195 112
71 295
241 276
47 151
132 232
61 8
162 267
187 139
223 297
235 237
257 38
145 272
75 56
48 28
159 289
219 196
271 168
195 29
289 200
94 45
195 182
245 96
22 217
261 82
293 107
90 89
243 186
250 92
168 284
282 3
6 296
237 220
18 11
142 41
95 102
265 169
279 45
54 260
57 136
90 137
29 295
253 193
186 151
298 71
45 44
17 115
189 31
106 168
283 138
209 12
229 149
129 172
210 146
60 250
24 8
295 200
142 110
107 269
58 64
9 155
52 251
23 296
69 114
26 294
28 289
251 293
249 289
209 291
151 158
276 293
208 142
226 44
71 146
177 70
116 104
109 256
283 106
121 61
17 178
66 277
297 124
69 178
227 122
104 32
16 276
232 102
48 57
294 107
161 232
56 164
46 127
109 173
66 102
96 164
132 30
228 102
95 223
271 142
237 48
275 49
156 227
114 178
232 50
176 95
103 277
99 173
107 38
65 137
176 106
191 211
222 32
149 197
193 156
108 229
118 208
247 137
202 205
59 57
172 188
62 210
135 200
168 295
65 197
293 255
242 0
173 86
248 117
131 261
261 9
185 226
176 193
111 49
85 103
100 283
223 210
123 276
237 43
62 169
166 19
291 43
203 128
121 29
202 116
168 82
179 132
65 34
223 12
283 31
8 224
190 299
238 164
211 84
250 220
95 109
104 21
87 189
32 191
165 184
85 92
110 18
199 218
246 34
275 268
95 257
60 30
73 99
101 125
261 161
30 238
145 14
104 245
161 164
34 73
32 228
150 117
271 241
289 194
100 16
65 12
127 122
263 80
269 128
24 216
234 57
104 286
81 292
25 89
203 69
200 53
82 45
210 189
209 22
156 116
118 45
242 135
96 173
144 223
0 115
183 72
89 94
188 122
0 67
283 137
163 46
74 28
108 30
85 269
263 291
216 188
230 69
11 33
53 173
72 150
158 140
6 226
179 133
72 41
214 210
128 22
210 4
281 91
281 124
125 263
37 239
207 8
164 4
100 226
76 240
11 47
298 23
14 243
264 144
58 136
193 248
100 288
229 255
253 184
260 112
108 195
192 164
87 51
31 33
261 276
97 208
6 46
222 165
233 165
74 31
20 34
61 29
103 37
14 16
80 63
35 32
35 287
248 216
246 172
85 96
136 258
135 5
150 284
63 197
151 115
120 105
262 47
62 79
82 169
244 207
110 126
282 239
94 146
128 238
274 85
190 141
290 143
146 207
240 189
242 277
166 205
260 83
257 143
140 12
199 173
265 103
295 34
138 174
25 280
208 60
70 290
194 181
281 137
46 45
292 203
191 252
71 286
91 37
163 174
213 120
54 299
21 256
127 148
264 113
283 201
77 134
201 85
280 216
181 247
189 251
108 166
163 209
254 276
79 14
219 77
238 196
146 127
100 249
220 8
244 126
208 252
261 81
3 238
213 170
71 199
172 250
31 196
210 111
26 168
219 241
12 11
185 51
242 93
39 174
117 237
245 204
213 86
2 4
114 211
253 18
213 64
201 2
115 27
74 205
234 18
11 229
66 75
298 202
165 208
74 161
188 187
237 224
111 224
283 27
115 22
5 228
124 137
198 273
112 282
224 87
154 272
223 295
136 197
231 64
210 176
284 83
144 91
50 228
198 79
186 298
133 98
298 127
250 160
188 52
169 297
111 272
3 112
215 101
18 238
135 30
294 243
181 135
80 43
91 186
272 265
32 65
220 131
10 183
39 114
188 102
2 41
105 89
187 178
23 171
261 134
27 162
280 117
139 202
92 178
67 88
76 152
191 166
259 186
115 62
136 152
240 218
5 64
173 296
31 16
272 240
229 213
208 290
276 168
96 125
47 124
28 158
95 156
221 23
110 30
4 144
239 61
229 125
215 43
36 209
244 254
274 109
198 200
38 181
115 236
34 46
23 20
208 49
87 42
221 15
169 97
135 34
267 235
136 201
90 154
7 282
184 262
92 40
218 192
203 5
181 82
27 121
214 290
122 211
75 175
147 29
215 264
213 22
226 259
13 81
274 111
163 171
134 51
146 75
173 289
275 88
193 179
120 47
88 214
32 180
190 163
131 158
256 257
7 0
35 52
185 143
116 35
289 126
27 34
186 145
84 40
160 207
9 163
217 99
95 264
121 145
133 267
228 116
59 112
124 266
78 251
43 90
84 118
23 31
31 6
238 3
289 47
284 28
247 16
236 43
279 36
132 209
72 26
228 15
297 216
31 161
228 227
284 186
67 31
39 230
203 237
263 45
115 81
234 49
240 155
18 250
26 286
281 265
102 229
137 262
275 66
90 145
206 238
127 231
200 217
14 236
85 179
244 122
71 114
170 279
10 241
155 115
202 133
155 104
53 252
112 287
118 48
266 208
19 28
176 53
197 2
112 257
19 164
297 74
143 207
158 173
2 148
197 186
113 236
91 83
136 179
217 60
106 181
59 274
35 101
60 185
88 41
294 100
232 74
80 100
286 251
107 117
127 184
62 213
290 70
158 63
180 208
80 182
138 204
56 5
129 77
232 119
234 60
229 189
165 282
286 51
172 244
44 0
281 275
242 268
111 122
104 289
31 146
153 41
47 204
86 249
124 282
190 282
4 135
50 96
208 65
70 214
48 243
174 56
253 172
190 267
233 25
164 172
119 240
181 270
80 78
247 126
74 100
168 250
117 157
285 75
114 164
155 17
216 154
275 134
245 65
107 125
91 28
79 215
17 242
280 7
286 154
90 16
77 232
187 138
105 204
229 222
182 187
265 182
209 33
26 159
20 182
6 251
5 264
114 77
282 233
171 52
74 121
182 4
256 54
2 103
15 91
209 268
34 63
128 71
55 278
60 229
175 101
221 31
264 84
132 265
217 52
287 260
19 12
24 219
295 208
24 269
115 75
134 27
148 214
245 61
158 100
8 197
247 124
38 148
220 40
43 241
107 214
50 234
256 208
1 56
55 230
252 61
276 7
137 56
132 155
228 229
43 296
72 202
26 128
18 294
118 120
28 147
25 126
221 299
94 42
219 288
12 220
19 183
49 41
104 110
291 67
214 83
80 35
286 244
257 293
51 47
94 160
31 50
237 8
281 145
156 45
58 57
210 126
292 39
195 286
292 113
247 283
94 53
74 174
135 81
93 121
80 32
196 22
196 170
46 144
68 245
254 124
151 209
295 174
97 299
77 114
119 17
129 88
174 153
97 198
150 182
115 177
64 53
224 136
66 149
2 145
70 106
70 116
168 7
0 277
1 246
212 214
28 75
264 93
84 284
70 239
278 70
278 285
83 114
194 71
101 63
131 221
273 4
239 278
151 245
145 114
252 35
27 274
20 60
51 108
115 252
275 294
50 297
3 223
19 9
162 21
148 145
60 143
202 254
109 239
54 102
180 43
195 139
296 139
40 56
194 175
210 170
293 70
143 246
105 106
179 190
227 276
234 11
82 84
53 88
267 4
182 146
166 191
225 201
178 86
22 191
178 88
249 191
109 295
224 123
51 250
227 228
114 106
201 142
93 1
43 157
250 94
285 152
232 268
276 288
278 148
261 60
51 194
290 299
220 231
62 199
146 161
79 248
8 228
70 223
236 38
4 206
196 97
217 61
21 238
133 236
95 27
244 208
241 146
6 178
174 255
64 144
33 289
84 234
204 236
134 226
297 65
135 296
151 19
177 89
292 8
147 168
205 196
271 52
186 117
18 130
33 223
47 195
8 21
91 265
8 32
55 132
69 171
264 221
113 209
265 186
159 179
111 263
185 34
273 48
137 110
132 234
263 98
44 32
266 118
158 128
4 216
154 182
296 69
285 142
12 289
199 126
54 172
104 44
224 4
148 58
85 83
39 139
203 118
215 80
111 6
205 119
292 67
137 43
154 25
7 23
271 231
116 205
292 263
270 279
145 253
162 200
16 134
293 291
39 295
9 136
119 243
35 115
144 90
257 94
59 63
195 135
299 221
212 156
98 30
166 166
206 144
239 88
71 259
206 13
125 276
49 232
282 259
88 235
251 117
155 277
21 199
31 142
65 132
252 183
60 247
2 3
269 187
105 255
70 38
278 109
187 276
110 176
56 152
113 91
191 233
105 119
37 150
230 145
237 183
189 260
231 199
69 107
131 120
280 29
92 257
152 20
179 151
6 34
257 172
143 18
298 299
115 211
147 233
96 35
290 237
20 205
295 28
108 127
41 140
296 201
296 118
184 198
71 115
166 250
156 94
2 114
112 95
85 245
219 200
263 99
164 8
139 262
141 206
111 118
228 44
25 118
55 65
249 99
145 16
192 265
122 110
114 108
6 192
58 259
167 178
165 30
188 36
201 264
192 197
125 183
70 111
215 169
57 45
181 146
246 232
22 281
131 88
193 284
40 219
95 210
213 241
148 173
234 255
161 25
131 79
136 8
233 60
214 78
181 86
283 61
135 20
121 105
189 249
74 23
102 137
207 105
80 299
27 236
139 224
186 93
133 162
274 103
79 83
97 284
40 60
103 175
299 259
150 152
240 219
179 220
89 202
130 233
239 37
86 88
214 202
287 265
257 167
164 249
31 202
161 169
126 182
48 155
95 118
173 198
137 250
184 32
151 92
261 295
254 185
171 180
84 73
195 204
251 188
255 224
54 296
91 181
228 273
86 46
68 62
249 86
159 175
277 278
219 199
82 154
20 271
36 171
80 56
174 205
7 262
126 161
101 110
280 14
253 201
182 162
75 94
53 52
272 244
171 128
269 144
209 14
137 299
112 76
25 52
61 107
253 241
26 197
285 55
197 56
70 98
237 0
163 140
154 55
298 245
210 91
39 28
179 202
146 30
295 287
53 272
189 188
173 131
66 174
67 60
170 60
219 187
294 263
41 225
97 83
219 99
47 258
131 139
106 284
215 133
95 282
22 268
178 98
6 152
177 28
32 60
288 191
192 118
208 265
253 224
106 90
266 2
76 29
293 119
132 294
265 23
156 200
91 230
153 251
99 185
134 114
210 85
230 296
165 82
254 141
145 121
106 234
186 205
227 243
224 50
131 98
255 258
83 237
117 167
212 293
268 32
260 243
13 94
18 84
155 299
209 106
41 243
283 244
157 141
11 179
133 33
272 33
178 118
244 41
247 151
163 289
227 108
102 288
105 263
9 83
225 118
56 52
58 158
85 183
114 260
185 298
108 237
245 166
118 132
148 295
262 116
139 212
99 250
288 199
138 138
131 246
71 239
296 8
9 116
294 186
121 127
163 14
38 32
44 8
52 123
97 113
219 115
162 142
203 277
175 28
40 48
38 243
45 249
119 269
173 93
161 89
298 149
123 254
262 233
94 216
159 145
156 109
108 73
222 77
258 7
175 297
138 296
287 21
81 203
92 183
257 273
292 156
182 272
43 237
210 289
15 225
152 69
202 9
252 11
19 157
68 25
191 272
294 184
113 76
204 121
240 45
200 227
291 276
281 54
108 289
256 51
14 6
118 158
125 51
129 161
237 212
89 91
170 175
181 57
189 55
162 224
60 92
138 40
260 29
46 277
123 157
284 180
35 273
140 110
115 101
80 284
159 121
216 141
191 100
251 127
125 112
244 268
280 32
149 82
165 57
77 172
273 29
175 35
10 188
131 296
203 15
244 11
216 60
154 226
223 83
103 281
178 48
250 77
241 284
236 217
199 59
23 283
46 142
66 266
156 265
210 233
34 136
80 112
223 175
188 50
167 282
245 255
268 257
147 2
223 110
83 290
89 155
217 82
222 190
19 203
32 241
119 0
144 229
284 143
299 261
141 39
214 101
157 1
248 247
109 242
278 137
92 60
225 130
299 65
158 97
175 246
45 163
158 129
240 54
120 88
241 282
9 145
175 136
230 169
286 183
108 258
264 251
35 166
184 122
152 250
10 189
245 79
225 251
231 128
57 262
267 118
39 45
175 231
292 123
22 200
13 136
106 131
217 157
137 92
197 3
243 71
173 71
89 173
260 107
3 231
268 55
6 241
281 234
188 158
104 51
156 93
72 76
157 168
146 35
247 243
268 50
90 28
142 290
255 297
17 251
38 246
79 258
40 259
216 137
295 249
81 119
174 265
0 64
153 30
114 32
55 215
74 55
255 199
219 212
95 200
125 237
160 145
50 81
122 135
27 67
61 268
42 189
168 69
151 127
120 85
193 264
45 239
171 284
245 101
191 227
249 108
174 152
79 193
135 263
215 200
290 151
22 60
264 51
173 205
262 84
43 175
41 147
86 256
27 278
163 162
278 189
274 93
107 267
256 147
132 11
36 230
170 179
267 67
168 77
3 79
65 19
138 177
255 281
217 238
249 218
252 29
264 299
67 115
203 54
0 279
111 287
183 84
73 245
67 14
92 140
27 72
233 229
238 210
151 181
27 110
68 79
5 225
133 91
35 285
170 26
102 6
177 219
259 218
95 217
97 214
46 182
40 178
189 85
218 14
137 193
232 188
271 277
88 175
168 46
101 236
224 179
296 263
70 8
258 240
221 140
120 132
242 245
296 287
222 113
261 287
81 49
229 80
247 102
296 252
64 95
277 97
84 55
288 48
251 123
142 18
263 62
35 128
26 163
2 219
147 212
226 171
86 28
232 48
128 106
35 56
204 212
154 273
89 261
139 203
245 59
67 84
51 37
151 4
85 280
135 254
270 284
284 290
134 188
201 141
58 94
293 218
197 215
241 109
153 159
212 191
297 28
233 158
153 154
182 124
49 48
244 273
176 23
41 84
14 33
90 240
48 14
288 49
12 84
0 76
47 185
23 229
195 48
34 52
13 284
237 135
253 61
283 73
74 193
69 135
35 239
89 30
122 230
184 185
42 73
287 80
226 248
159 63
70 145
0 214
253 143
269 209
116 244
206 298
292 137
213 201
151 89
134 196
135 220
53 38
99 106
58 29
248 218
127 76
138 20
267 55
101 264
128 162
150 255
145 90
148 17
11 1
184 191
103 254
17 165
105 152
29 217
93 71
18 196
123 211
166 276
105 88
82 265
34 185
280 0
89 3
65 263
283 262
61 247
79 269
84 146
96 230
165 229
36 272
208 274
276 246
13 180
171 261
91 57
49 208
266 272
80 53
148 6
282 11
116 265
57 211
59 189
90 0
140 14
41 253
59 170
150 122
197 14
146 53
44 58
16 67
142 135
132 114
169 33
61 269
108 85
152 41
54 282
231 234
162 84
7 235
180 190
248 15
240 130
58 174
57 87
161 147
246 0
230 268
59 90
208 41
199 75
88 55
256 232
239 246
197 241
150 260
30 69
43 47
265 115
81 60
176 61
68 201
201 296
299 77
113 245
272 200
8 239
279 155
35 269
288 156
108 1
138 111
257 266
216 4
72 37
254 289
207 25
156 194
298 266
92 66
11 204
115 299
81 284
226 104
10 104
44 253
135 284
119 188
137 71
185 207
60 189
19 3
249 252
98 132
147 249
297 12
251 50
158 106
35 8
101 42
296 94
53 31
74 165
142 166
130 123
185 10
286 235
277 251
165 76
211 106
113 59
43 63
48 17
219 65
143 233
44 7
47 278
64 233
148 210
108 202
188 115
18 23
98 162
129 144
214 274
19 163
14 252
111 236
14 246
79 119
280 93
113 8
142 201
273 206
45 138
149 51
122 188
253 264
200 138
284 31
145 12
141 130
117 85
67 33
172 124
19 31
81 96
75 173
297 146
67 191
215 23
173 148
224 165
199 209
184 201
86 214
78 273
298 122
2 36
90 38
277 238
191 262
165 156
230 168
25 186
165 181
21 19
247 277
171 65
287 14
0 253
244 257
174 2
44 193
164 195
151 295
296 11
61 286
80 288
258 231
144 141
3 242
184 129
238 140
233 72
12 215
119 216
263 245
44 34
214 247
222 274
206 21
235 125
128 64
130 211
268 157
169 205
101 31
223 22
240 255
254 99
266 187
151 163
177 2
209 128
82 14
203 107
114 79
82 186
74 243
86 103
143 40
76 245
110 260
86 147
55 221
271 228
265 156
141 89
290 170
84 219
121 15
121 240
212 103
298 208
35 59
97 274
77 124
195 292
142 33
179 15
270 241
178 142
100 37
295 13
5 144
68 130
121 171
199 250
72 278
190 296
262 15
175 0
58 19
168 96
166 23
74 110
227 254
248 150
13 27
92 296
159 288
90 263
99 236
287 185
9 119
126 242
30 31
109 113
190 45
110 207
226 6
145 170
74 101
114 142
289 276
282 198
52 102
229 19
137 44
107 111
38 278
238 188
38 67
55 114
127 157
207 293
82 34
191 230
73 50
220 188
210 101
295 146
207 245
195 164
24 79
5 197
122 265
104 146
166 153
159 259
65 189
230 2
158 1
2 5
91 14
37 210
262 44
270 69
185 250
246 251
287 217
163 116
158 105
67 113
90 58
192 75
262 204
17 62
69 11
166 10
295 111
72 295
215 3
208 118
88 111
200 230
154 82
67 143
53 292
230 235
74 175
177 60
10 112
31 242
30 60
144 99
93 8
49 245
230 248
176 241
21 177
175 7
96 248
259 20
109 126
107 128
56 149
223 240
269 29
209 21
50 263
10 149
112 112
40 143
19 256
118 256
157 62
244 182
100 35
258 184
85 37
33 120
105 221
63 120
174 131
163 251
215 94
102 271
56 284
68 203
221 98
147 133
256 199
190 88
108 67
132 92
18 83
293 33
189 38
121 275
200 54
212 84
60 102
204 48
123 158
201 95
19 58
165 223
11 277
45 105
100 0
20 125
175 18
39 167
50 8
277 26
183 67
74 105
138 21
62 285
244 142
187 296
269 70
216 163
224 54
47 264
52 51
217 202
142 17
73 288
50 256
20 97
68 238
225 158
226 124
60 236
149 269
63 291
77 78
165 221
188 141
235 170
193 2
173 264
199 161
161 286
254 94
148 185
294 8
141 108
59 223
287 55
261 59
295 162
155 294
112 280
35 135
179 173
37 54
116 60
207 86
215 148
261 169
89 146
33 81
171 62
231 202
286 145
150 229
13 54
75 191
52 298
113 103
51 266
201 225
229 156
3 19
158 76
290 116
43 53
218 244
201 15
187 61
118 234
162 215
67 288
78 68
243 3
187 159
200 12
277 156
63 107
94 129
140 26
174 45
286 187
86 139
112 248
186 59
15 21
88 10
181 93
166 70
103 5
178 22
32 230
248 238
202 38
3 126
240 215
228 2
101 227
78 215
128 252
279 74
0 14
214 199
158 103
264 9
5 125
20 288
286 203
62 101
45 88
153 247
10 55
68 146
255 48
88 224
185 31
27 20
156 112
261 181
272 32
210 96
74 246
129 138
179 201
177 105
143 234
30 50
225 136
241 288
170 203
71 145
177 288
152 61
119 286
163 185
238 288
195 4
132 74
86 298
254 85
16 251
97 81
165 187
239 123
120 101
269 65
225 222
55 154
158 6
20 138
239 290
42 113
120 255
121 107
86 265
34 84
83 183
81 39
124 134
224 231
63 186
238 293
100 11
282 46
37 149
79 212
88 189
282 105
19 170
96 163
297 250
269 173
8 18
273 293
204 148
23 68
41 162
19 69
86 3
288 256
254 147
216 118
211 71
85 284
41 80
122 3
15 112
112 63
228 25
8 232
42 48
109 83
265 136
217 175
13 207
294 98
82 27
79 66
43 14
32 124
299 275
89 92
0 87
216 276
189 202
166 181
297 98
276 110
249 115
17 39
291 237
89 48
152 265
166 277
245 68
193 221
163 230
78 146
97 237
195 200
41 183
33 79
150 142
240 229
263 215
54 209
65 38
275 209
254 97
31 169
294 180
72 178
260 109
53 81
169 249
87 33
211 92
288 241
254 224
110 72
225 200
151 132
125 234
165 149
212 186
252 295
63 274
46 116
90 210
219 290
64 192
143 134
152 60
66 255
280 232
195 158
262 155
279 66
54 116
283 261
222 130
46 244
230 171
136 26
152 106
80 143
63 294
168 95
286 71
278 135
257 1
112 197
299 267
177 21
171 234
229 269
163 32
36 1
238 49
141 281
15 104
211 150
164 23
39 289
141 195
78 53
269 101
139 253
199 14
83 255
22 1
26 247
174 25
285 39
158 251
204 10
12 92
273 70
152 116
231 96
256 39
191 215
216 79
130 256
63 146
19 37
51 7
15 286
121 206
242 266
251 197
28 199
17 21
116 10
39 133
124 21
250 214
133 165
84 107
215 107
200 129
128 68
233 103
268 8
272 208
223 113
211 188
112 283
105 48
288 282
106 188
296 289
46 281
14 211
159 233
70 60
298 185
17 59
105 214
10 159
63 18
224 226
6 259
119 108
182 33
88 26
127 128
283 176
76 274
56 258
30 100
129 95
88 79
147 243
215 8
202 14
218 178
201 79
213 30
236 47
261 218
207 87
231 250
259 294
298 139
115 43
174 189
229 72
145 69
165 253
134 207
297 4
4 182
217 172
217 229
90 140
111 243
155 48
216 220
159 58
180 100
178 215
272 233
61 275
137 123
52 154
214 94
232 144
226 251
122 142
126 83
253 179
212 129
101 276
299 172
210 102
145 206
261 78
274 121
275 96
70 115
80 74
93 12
180 38
290 141
216 73
104 264
262 187
209 91
29 212
145 132
78 147
147 271
64 115
173 101
229 197
103 119
95 184
81 193
277 222
103 109
46 67
137 35
237 21
116 175
262 103
99 188
266 125
158 147
175 168
184 217
54 291
266 293
239 284
16 166
190 69
6 221
230 81
207 57
137 226
247 128
220 197
231 121
73 24
58 254
95 150
20 37
58 34
156 208
288 106
200 30
275 100
234 200
21 98
116 263
152 162
41 110
36 181
84 94
289 42
157 150
271 220
79 106
73 85
224 288
188 224
280 42
187 15
289 37
117 77
109 216
179 211
189 34
20 275
112 225
261 35
185 191
156 30
107 121
242 196
65 240
239 190
25 282
43 85
236 124
273 127
56 22
286 168
210 139
58 8
142 173
26 260
11 169
223 82
267 116
117 258
59 128
117 132
197 136
190 19
227 230
22 241
82 85
74 257
273 18
242 149
2 226
24 14
16 241
243 55
119 149
94 205
214 275
249 132
8 68
17 131
185 202
243 61
128 79
288 93
165 277
264 269
272 279
220 44
11 222
84 216
65 32
214 179
284 194
3 227
226 298
239 248
150 149
153 227
186 296
81 208
20 28
275 115
188 230
8 41
165 81
73 78
63 276
66 108
98 258
25 34
173 0
299 141
32 67
89 279
263 190
73 21
129 110
118 268
210 56
143 82
120 16
181 169
243 215
246 230
90 65
210 229
293 69
45 186
25 59
264 163
124 56
32 224
13 241
58 125
211 169
109 272
253 199
4 60
159 162
32 117
170 57
73 137
262 1
23 232
113 79
120 111
272 63
5 44
116 157
58 289
12 94
294 238
58 54
211 89
274 15
56 206
135 293
45 134
188 138
42 156
197 147
126 51
41 256
289 87
231 296
28 119
18 207
174 109
161 81
91 90
31 95
22 2
115 280
260 12
219 19
255 87
31 225
137 158
128 233
43 146
59 121
110 170
292 224
104 225
40 151
279 173
41 18
237 166
93 215
299 185
113 17
96 266
47 3
32 208
46 38
143 48
53 286
254 113
231 240
116 50
246 207
25 84
159 139
22 208
122 217
212 53
115 169
134 56
283 170
269 136
254 132
220 279
296 37
272 285
280 187
134 143
7 246
180 72
50 285
292 77
62 201
210 35
238 276
83 93
59 244
231 45
162 132
230 47
9 93
175 293
82 78
249 206
236 299
155 41
296 228
135 199
254 100
205 60
255 174
133 182
257 3
130 80
48 138
294 13
37 73
280 210
132 83
16 122
51 55
192 260
145 258
177 75
173 41
189 59
242 223
104 175
197 83
285 279
55 284
241 137
203 93
37 177
287 271
210 17
218 71
143 208
84 52
246 148
161 282
70 91
287 115
268 227
106 111
11 146
6 118
178 175
86 38
296 96
107 113
268 11
84 211
46 273
287 30
267 114
295 173
292 270
243 178
160 285
213 59
86 284
210 79
146 288
83 275
277 55
263 129
18 264
23 269
110 71
148 85
46 17
213 122
250 113
117 122
165 238
25 223
53 101
8 15
59 256
57 288
22 116
127 279
94 50
276 136
148 38
278 245
210 249
127 197
288 71
236 160
286 180
93 196
298 89
206 288
126 109
290 75
48 111
79 46
148 282
172 85
118 224
111 70
49 100
251 186
16 41
47 252
6 4
103 259
272 248
27 123
187 83
115 249
239 266
183 89
148 178
38 297
291 63
3 234
251 26
42 21
267 286
72 197
112 208
32 87
84 1
170 225
127 67
292 256
225 66
170 261
134 24
92 258
280 159
66 2
251 139
187 238
37 19
205 24
222 30
177 269
99 30
264 64
35 201
131 26
38 61
243 195
176 36
272 14
203 106
144 130
192 131
135 110
175 4
244 164
216 75
233 296
210 192
241 135
230 149
148 110
30 8
293 149
225 205
19 116
271 292
169 91
78 22
19 146
204 258
291 62
224 256
219 163
172 268
58 271
166 127
157 206
20 244
276 75
144 81
280 71
229 145
272 68
231 103
114 180
207 175
119 197
251 112
78 67
164 71
168 66
14 74
218 88
222 191
223 203
273 175
15 48
117 108
94 237
99 31
72 263
91 70
250 107
168 255
37 119
69 106
5 52
234 179
144 262
223 279
236 106
36 150
198 162
155 34
174 105
83 124
135 253
260 226
19 177
173 234
56 94
210 110
231 188
194 88
196 287
46 115
175 266
169 61
252 80
190 202
240 247
25 127
282 32
164 227
224 297
107 180
91 154
101 131
9 237
3 248
68 227
157 252
74 128
96 70
168 205
211 36
118 28
137 295
158 208
70 269
265 51
79 273
98 31
166 215
129 162
58 170
222 10
90 222
179 38
233 48
146 110
177 114
258 241
72 155
134 37
210 258
101 174
6 160
223 92
285 269
63 212
44 252
69 42
15 283
10 1
150 244
283 45
79 89
32 220
0 290
132 0
1 254
166 242
176 72
30 206
249 15
299 97
41 178
30 168
57 251
254 193
30 191
91 201
222 108
107 33
102 281
218 226
144 52
192 241
47 119
58 85
289 28
2 90
284 13
27 144
205 149
246 152
65 66
176 224
295 66
52 89
234 163
235 191
21 172
74 190
292 196
170 108
228 52
240 286
106 145
220 71
11 279
187 217
211 270
126 162
139 125
276 211
76 214
