3000
332708301 451341806
278218555 396852060
277232748 395866253
294047073 412680578
248465158 367098663
294092138 412725643
333010695 451644200
310414074 429047579
323190714 441824219
284075010 402708515
327331932 445965437
286948140 405581645
241717035 360350540
286324647 404958152
261304171 379937676
270172444 388805949
245569405 364202910
289636042 408269547
282470559 401104064
333765921 452399426
290630122 409263627
313608274 432241779
271295913 389929418
334813180 453446685
333327743 451961248
286161257 404794762
333947697 452581202
333834345 452467850
325513437 444146942
306469636 425103141
273877224 392510729
290617407 409250912
279361746 397995251
246104246 364737751
273914036 392547541
338009417 456642922
246012438 364645943
253789019 372422524
279478952 398112457
326564048 445197553
289564033 408197538
334367918 453001423
261383374 380016879
262621090 381254595
302527196 421160701
252306730 370940235
306218631 424852136
328430218 447063723
253856207 372489712
314070148 432703653
321169902 439803407
269197587 387831092
334417085 453050590
261733203 380366708
257121948 375755453
257828662 376462167
330527271 449160776
261931072 380564577
312038699 430672204
279433404 398066909
323384174 442017679
269652453 388285958
252497659 371131164
311589792 430223297
247245379 365878884
263290387 381923892
302545862 421179367
273136593 391770098
281615971 400249476
296362484 414995989
295387796 414021301
275860724 394494229
291931836 410565341
303573848 422207353
333204388 451837893
248831485 367464990
266111382 384744887
258534620 377168125
282197415 400830920
320862089 439495594
283390794 402024299
250969588 369603093
299056300 417689805
301384101 420017606
279559479 398192984
327033854 445667359
320318098 438951603
243560851 362194356
291788331 410421836
259359589 377993094
318212147 436845652
273195102 391828607
255535411 374168916
266984772 385618277
273650643 392284148
339297023 457930528
240576139 359209644
318533791 437167296
285504361 404137866
259138590 377772095
274430145 393063650
315636887 434270392
309976657 428610162
331599994 450233499
260418498 379052003
318562605 437196110
323325658 441959163
259149099 377782604
272779323 391412828
277956281 396589786
243713700 362347205
318239835 436873340
273799770 392433275
332785917 451419422
324993352 443626857
298700767 417334272
256205274 374838779
308567846 427201351
296769597 415403102
295183618 413817123
325891146 444524651
284422840 403056345
316057847 434691352
313565367 432198872
283261194 401894699
250055373 368688878
321281183 439914688
239816869 358450374
267240543 385874048
327542253 446175758
334696648 453330153
302009081 420642586
276131606 394765111
310303050 428936555
274229425 392862930
319335701 437969206
244097781 362731286
295430001 414063506
288524439 407157944
268893591 387527096
283278526 401912031
279956656 398590161
254283897 372917402
329276871 447910376
276286786 394920291
301417400 420050905
317341628 435975133
305110270 423743775
307362055 425995560
282658106 401291611
258286479 376919984
271527337 390160842
336504359 455137864
312941131 431574636
259766723 378400228
274687682 393321187
241400004 360033509
243271883 361905388
321477516 440111021
324012147 442645652
298358750 416992255
260132617 378766122
251729006 370362511
314158587 432792092
292077521 410711026
261522762 380156267
327168731 445802236
290014912 408648417
325325070 443958575
266857624 385491129
325253370 443886875
263681648 382315153
303228081 421861586
326956367 445589872
271031726 389665231
305920451 424553956
317533911 436167416
301483332 420116837
326117712 444751217
298248494 416881999
298768947 417402452
304537450 423170955
287948712 406582217
267433295 386066800
255008631 373642136
325904160 444537665
301450950 420084455
287110708 405744213
267416530 386050035
289263463 407896968
259219455 377852960
281548225 400181730
303636712 422270217
251962194 370595699
314641761 433275266
304168628 422802133
303904116 422537621
275845899 394479404
284417994 403051499
283543584 402177089
271587937 390221442
285571266 404204771
336229684 454863189
273063863 391697368
333090022 451723527
268904297 387537802
290559158 409192663
309439943 428073448
275039282 393672787
254670655 373304160
247313329 365946834
302306189 420939694
298057041 416690546
248255529 366889034
269823216 388456721
256146661 374780166
307938971 426572476
306845129 425478634
300563885 419197390
265908599 384542104
289039786 407673291
298867498 417501003
264365634 382999139
248189348 366822853
247005776 365639281
297266032 415899537
327023714 445657219
298351159 416984664
270854538 389488043
273784064 392417569
321758957 440392462
301240617 419874122
312511561 431145066
298569973 417203478
255913688 374547193
284341412 402974917
288620023 407253528
260322631 378956136
269735299 388368804
323323863 441957368
315732002 434365507
336362960 454996465
336532065 455165570
306178533 424812038
304104578 422738083
328380594 447014099
326887583 445521088
329786811 448420316
258352511 376986016
253272964 371906469
305515855 424149360
301042099 419675604
322874958 441508463
249877115 368510620
324161507 442795012
269407056 388040561
314599413 433232918
261238162 379871667
328023002 446656507
339689786 458323291
251742021 370375526
270911506 389545011
309306189 427939694
331651468 450284973
251696545 370330050
268868318 387501823
316063200 434696705
257031739 375665244
249652432 368285937
338748635 457382140
321539363 440172868
283805337 402438842
254846862 373480367
255586380 374219885
300826868 419460373
293241475 411874980
330303113 448936618
277894904 396528409
293481863 412115368
266606809 385240314
276024455 394657960
337923587 456557092
336523944 455157449
336371973 455005478
276262734 394896239
294202863 412836368
298302928 416936433
325208755 443842260
324694523 443328028
264631809 383265314
304863176 423496681
246059840 364693345
311603690 430237195
313613760 432247265
261309201 379942706
334942428 453575933
324045796 442679301
309203793 427837298
331476888 450110393
316535425 435168930
247819344 366452849
325921899 444555404
255042563 373676068
324074251 442707756
336156295 454789800
255983994 374617499
287252348 405885853
286370485 405003990
317396705 436030210
278254959 396888464
251289117 369922622
290160883 408794388
268448528 387082033
264112626 382746131
275516364 394149869
307040092 425673597
319865139 438498644
329681936 448315441
272601409 391234914
299043203 417676708
317368327 436001832
266398253 385031758
256955192 375588697
242411060 361044565
295421205 414054710
240740494 359373999
314951725 433585230
313994917 432628422
287105444 405738949
334582024 453215529
249947175 368580680
265031622 383665127
278357832 396991337
314831797 433465302
325679322 444312827
260845121 379478626
255222185 373855690
283683869 402317374
296626640 415260145
306124368 424757873
304841543 423475048
302861200 421494705
254094455 372727960
291773802 410407307
262383295 381016800
278522623 397156128
327411137 446044642
319268702 437902207
314570322 433203827
260899308 379532813
330216091 448849596
292522417 411155922
261353146 379986651
335456391 454089896
311963597 430597102
317315537 435949042
310245885 428879390
267961364 386594869
288232149 406865654
298149652 416783157
306034848 424668353
315138413 433771918
339343673 457977178
285620257 404253762
274872143 393505648
308038738 426672243
260279255 378912760
327525556 446159061
330840763 449474268
332305404 450938909
282231939 400865444
303577153 422210658
260025222 378658727
285186470 403819975
287382404 406015909
284825968 403459473
336847210 455480715
276735551 395369056
331380794 450014299
277966595 396600100
249893906 368527411
277913543 396547048
333118558 451752063
327093454 445726959
290275047 408908552
257891458 376524963
303213774 421847279
307578808 426212313
296417979 415051484
242298258 360931763
279510079 398143584
254812889 373446394
300094795 418728300
277896318 396529823
292663366 411296871
325283960 443917465
315150992 433784497
322552846 441186351
315169909 433803414
267065401 385698906
244208678 362842183
332391745 451025250
288055895 406689400
242232291 360865796
336660905 455294410
260646702 379280207
248251831 366885336
267413237 386046742
338375512 457009017
330693806 449327311
334217183 452850688
289097991 407731496
309326544 427960049
303533208 422166713
244194278 362827783
287955749 406589254
259686034 378319539
269255803 387889308
258518684 377152189
331532083 450165588
315432907 434066412
311040941 429674446
281787543 400421048
306451707 425085212
339314858 457948363
272709221 391342726
303054331 421687836
338036553 456670058
287918011 406551516
259389098 378022603
264064946 382698451
270859888 389493393
325858299 444491804
249251475 367884980
276995586 395629091
285602197 404235702
330795804 449429309
336133906 454767411
339122667 457756172
289237175 407870680
277496096 396129601
264676288 383309793
266142910 384776415
314756350 433389855
248594942 367228447
338612830 457246335
287682259 406315764
311343762 429977267
268475299 387108804
320859927 439493432
334092206 452725711
303303328 421936833
321273865 439907370
331882688 450516193
331939049 450572554
327852712 446486217
256262042 374895547
281263612 399897117
304965011 423598516
319141187 437774692
247954148 366587653
272478477 391111982
263277858 381911363
338198683 456832188
276448934 395082439
263546655 382180160
289224468 407857973
314782755 433416260
290729570 409363075
244491826 363125331
273927513 392561018
329426986 448060491
335175050 453808555
242516022 361149527
280315976 398949481
296967588 415601093
327718515 446352020
244799022 363432527
240846104 359479609
240864378 359497883
313473464 432106969
324420747 443054252
241850864 360484369
258772278 377405783
316884308 435517813
288121742 406755247
312277706 430911211
303183676 421817181
337659695 456293200
258596393 377229898
273736693 392370198
329089630 447723135
244665585 363299090
271015170 389648675
301777232 420410737
314184585 432818090
283243672 401877177
314324513 432958018
328011676 446645181
264054206 382687711
290393457 409026962
295730001 414363506
262841727 381475232
321447469 440080974
241547277 360180782
306260238 424893743
287308403 405941908
245019071 363652576
278574320 397207825
323322108 441955613
298632807 417266312
256570871 375204376
334325560 452959065
339572973 458206478
289013890 407647395
269929192 388562697
276115226 394748731
264633694 383267199
328527213 447160718
338685966 457319471
321277858 439911363
245575308 364208813
322556005 441189510
307536845 426170350
299672597 418306102
329761689 448395194
313605252 432238757
268361270 386994775
329330352 447963857
313481850 432115355
280000709 398634214
266703278 385336783
318742430 437375935
265398637 384032142
329404114 448037619
281995636 400629141
310782134 429415639
245853736 364487241
316603631 435237136
263652740 382286245
307187276 425820781
265128901 383762406
266286323 384919828
306473517 425107022
268802236 387435741
257570900 376204405
305979718 424613223
282180213 400813718
249228354 367861859
329578009 448211514
241631795 360265300
272258106 390891611
278079291 396712796
293865659 412499164
249039409 367672914
287220249 405853754
250614571 369248076
326507717 445141222
250611675 369245180
283970553 402604058
284546141 403179646
266148517 384782022
325544357 444177862
301152965 419786470
285368440 404001945
314732934 433366439
243148907 361782412
282812436 401445941
296788369 415421874
240988581 359622086
276211197 394844702
288031991 406665496
333266415 451899920
273848476 392481981
303170540 421804045
292281379 410914884
304230880 422864385
245763593 364397098
314359190 432992695
312023978 430657483
313776437 432409942
289706015 408339520
243595273 362228778
308285845 426919350
306015925 424649430
278479596 397113101
265313172 383946677
289615158 408248663
284828652 403462157
270688439 389321944
285326102 403959607
335317949 453951454
329386297 448019802
298158669 416792174
263616324 382249829
242875058 361508563
333574521 452208026
318189636 436823141
300121058 418754563
321386895 440020400
332527044 451160549
257308383 375941888
327302663 445936168
249030418 367663923
331815528 450449033
246482964 365116469
332453648 451087153
297192638 415826143
285630998 404264503
333697613 452331118
242177128 360810633
295200978 413834483
266398116 385031621
283916178 402549683
314713274 433346779
282688058 401321563
313570242 432203747
315625183 434258688
298758507 417392012
262351653 380985158
297659038 416292543
263300427 381933932
280302870 398936375
276161809 394795314
294504868 413138373
244128147 362761652
334604780 453238285
243542781 362176286
245944377 364577882
266516108 385149613
279837302 398470807
320700644 439334149
339375759 458009264
338578282 457211787
289143765 407777270
295479018 414112523
244385324 363018829
270359409 388992914
314879910 433513415
337522661 456156166
336226879 454860384
267736060 386369565
273815438 392448943
297592975 416226480
324846912 443480417
284763716 403397221
318206503 436840008
263783873 382417378
242074076 360707581
241138212 359771717
291763880 410397385
322366026 440999531
250058894 368692399
273067233 391700738
289866560 408500065
250585913 369219418
325503300 444136805
266270488 384903993
272311667 390945172
308927516 427561021
243659054 362292559
335512468 454145973
287444545 406078050
310475582 429109087
329070173 447703678
324795028 443428533
250564664 369198169
301938592 420572097
332416976 451050481
321503048 440136553
307082204 425715709
336009359 454642864
315601178 434234683
294148670 412782175
254750867 373384372
253996171 372629676
262121726 380755231
314369539 433003044
244324945 362958450
244244748 362878253
293657092 412290597
319913792 438547297
246169003 364802508
240597596 359231101
260126963 378760468
318704770 437338275
265419566 384053071
327880460 446513965
319320034 437953539
319288494 437921999
269838182 388471687
332543115 451176620
253523884 372157389
260428735 379062240
286176038 404809543
273367122 392000627
265767310 384400815
304120669 422754174
307003065 425636570
270054175 388687680
258407220 377040725
303316022 421949527
274739338 393372843
320718556 439352061
284395643 403029148
240869465 359502970
297030981 415664486
261831441 380464946
243106839 361740344
324214786 442848291
242255035 360888540
276700465 395333970
310909935 429543440
297602020 416235525
337544870 456178375
245447710 364081215
285947504 404581009
320513347 439146852
241762963 360396468
315001914 433635419
306184835 424818340
338874500 457508005
306100757 424734262
308857861 427491366
336373126 455006631
332424076 451057581
286081446 404714951
279361240 397994745
246584728 365218233
287885885 406519390
313158484 431791989
241012558 359646063
330092570 448726075
291806467 410439972
334595115 453228620
322424610 441058115
276696017 395329522
337702421 456335926
311293535 429927040
267983898 386617403
333165934 451799439
281060411 399693916
303571076 422204581
255686168 374319673
260065067 378698572
313091495 431725000
255439853 374073358
329699144 448332649
284827957 403461462
254514298 373147803
288190619 406824124
283203731 401837236
258679878 377313383
307905394 426538899
254553497 373187002
335942555 454576060
333091727 451725232
311083902 429717407
239893761 358527266
267784424 386417929
255686963 374320468
339210877 457844382
303115195 421748700
321590605 440224110
244250598 362884103
250784984 369418489
265512405 384145910
279487361 398120866
284801178 403434683
248134423 366767928
318365423 436998928
271867472 390500977
290981853 409615358
263061789 381695294
254867931 373501436
329146222 447779727
336265136 454898641
328505274 447138779
250847202 369480707
306231795 424865300
252554433 371187938
298192601 416826106
337798579 456432084
277709243 396342748
298371146 417004651
303532231 422165736
275167055 393800560
281680339 400313844
323042678 441676183
297586421 416219926
321849201 440482706
281998784 400632289
323839998 442473503
325554079 444187584
313619499 432253004
246305187 364938692
335855010 454488515
320294810 438928315
336707526 455341031
269899377 388532882
274417944 393051449
241454093 360087598
288603638 407237143
289430523 408064028
242941684 361575189
263849871 382483376
251108246 369741751
252023911 370657416
339440029 458073534
280360962 398994467
294134385 412767890
305805210 424438715
259742319 378375824
309201502 427835007
331335633 449969138
303816103 422449608
261758323 380391828
330925739 449559244
260864276 379497781
273207325 391840830
320080203 438713708
330191246 448824751
333832725 452466230
246903778 365537283
332546441 451179946
298489428 417122933
269276232 387909737
301450252 420083757
320681355 439314860
336510475 455143980
329130580 447764085
296129514 414763019
277121478 395754983
305999335 424632840
315431388 434064893
253932032 372565537
248633857 367267362
257640691 376274196
316470979 435104484
291223853 409857358
332146781 450780286
268321034 386954539
241107255 359740760
274087876 392721381
315674258 434307763
307489224 426122729
274376314 393009819
297187344 415820849
273644357 392277862
268660460 387293965
320945626 439579131
244799409 363432914
309245601 427879106
309314025 427947530
242806172 361439677
339260204 457893709
243300917 361934422
272056003 390689508
240683064 359316569
259065953 377699458
313867709 432501214
289197578 407831083
288870794 407504299
259231295 377864800
251977327 370610832
259547508 378181013
292130543 410764048
251312101 369945606
304381040 423014545
306532506 425166011
318274097 436907602
239939973 358573478
290212032 408845537
303999413 422632918
304263253 422896758
257341068 375974573
268486596 387120101
272150648 390784153
313220522 431854027
294728264 413361769
298967115 417600620
336834759 455468264
263908636 382542141
246973909 365607414
327119061 445752566
307170732 425804237
335175401 453808906
292290642 410924147
301047938 419681443
293671336 412304841
267113583 385747088
294022921 412656426
331977328 450610833
316614446 435247951
334109436 452742941
295964810 414598315
253954117 372587622
328417716 447051221
300798128 419431633
332035497 450669002
279287101 397920606
322378081 441011586
275152495 393786000
277471164 396104669
265805709 384439214
269130807 387764312
339480589 458114094
287416480 406049985
269492035 388125540
263090324 381723829
240819445 359452950
284411017 403044522
293487802 412121307
263958191 382591696
270572910 389206415
315877006 434510511
301598874 420232379
331084152 449717657
266775727 385409232
247602782 366236287
264687563 383321068
290597551 409231056
326891738 445525243
335596678 454230183
289831718 408465223
324115208 442748713
247628927 366262432
269474038 388107543
321066586 439700091
257732900 376366405
283520423 402153928
263801426 382434931
320424470 439057975
285203148 403836653
271789630 390423135
287123481 405756986
267030372 385663877
302367869 421001374
271006698 389640203
261483652 380117157
253401699 372035204
291214565 409848070
297135486 415768991
279957979 398591484
316637916 435271421
251518989 370152494
288487042 407120547
318801762 437435267
326343881 444977386
283088759 401722264
241066575 359700080
299906602 418540107
273608488 392241993
286175108 404808613
291152337 409785842
258001425 376634930
312961500 431595005
279127403 397760908
304421998 423055503
281420187 400053692
332841359 451474864
273526670 392160175
315391062 434024567
270112959 388746464
315697720 434331225
292481901 411115406
251052849 369686354
324908287 443541792
334198442 452831947
264252082 382885587
338782579 457416084
336460196 455093701
261929873 380563378
322706176 441339681
312555443 431188948
301631558 420265063
319469052 438102557
265945623 384579128
253192492 371825997
242897857 361531362
335358322 453991827
266897323 385530828
246368210 365001715
267804595 386438100
284002231 402635736
265113570 383747075
300569714 419203219
244618326 363251831
296165072 414798577
255516145 374149650
287693580 406327085
262833861 381467366
327866809 446500314
246262549 364896054
258298752 376932257
329558492 448191997
287479311 406112816
308214076 426847581
282743058 401376563
336297286 454930791
293034555 411668060
263315367 381948872
284954500 403588005
242712928 361346433
295272616 413906121
288251705 406885210
292058042 410691547
263257651 381891156
327069612 445703117
301455159 420088664
325958910 444592415
272927774 391561279
249173789 367807294
339281453 457914958
297897641 416531146
256300094 374933599
311404045 430037550
295517516 414151021
248703842 367337347
317613530 436247035
317605761 436239266
266493482 385126987
281495526 400129031
322133479 440766984
303769941 422403446
271788148 390421653
272583078 391216583
285390147 404023652
312541338 431174843
254605401 373238906
293329374 411962879
262217912 380851417
240629193 359262698
328387177 447020682
266602066 385235571
298191552 416825057
315110632 433744137
258814077 377447582
319159221 437792726
249002189 367635694
274563402 393196907
249047484 367680989
282484277 401117782
265139368 383772873
288813042 407446547
298214283 416847788
280936354 399569859
298957635 417591140
260995955 379629460
278747652 397381157
330531293 449164798
265913128 384546633
304827538 423461043
317962510 436596015
259455435 378088940
259802576 378436081
294584491 413217996
262276751 380910256
250469839 369103344
256570028 375203533
313403092 432036597
315908550 434542055
319428838 438062343
267972107 386605612
291349767 409983272
244379499 363013004
311853677 430487182
248714647 367348152
337520889 456154394
323714895 442348400
268618410 387251915
328830184 447463689
313822933 432456438
301072426 419705931
318230091 436863596
299997956 418631461
255039231 373672736
265520906 384154411
309839384 428472889
243243894 361877399
248893952 367527457
259518267 378151772
304435064 423068569
269352884 387986389
316952682 435586187
286682398 405315903
331772695 450406200
283952342 402585847
333533818 452167323
291490945 410124450
271645794 390279299
261098207 379731712
308243918 426877423
301886361 420519866
255811608 374445113
326067844 444701349
271795227 390428732
265610327 384243832
263805577 382439082
299503580 418137085
331820721 450454226
295464856 414098361
282669059 401302564
314819438 433452943
297101532 415735037
278214238 396847743
282593442 401226947
253642643 372276148
280506687 399140192
329849747 448483252
313072305 431705810
312756380 431389885
317116314 435749819
329965034 448598539
310987031 429620536
302757758 421391263
323631378 442264883
296736893 415370398
261443429 380076934
256224491 374857996
324691854 443325359
256676764 375310269
334075314 452708819
317986402 436619907
275634456 394267961
286478690 405112195
248645052 367278557
289852081 408485586
252358641 370992146
254523996 373157501
295099907 413733412
272778101 391411606
336218585 454852090
245181608 363815113
336750636 455384141
301627391 420260896
299858106 418491611
332349550 450983055
310950433 429583938
282569453 401202958
327730049 446363554
299199026 417832531
251259699 369893204
327020378 445653883
241362341 359995846
265957802 384591307
274130252 392763757
322971148 441604653
292894675 411528180
311549098 430182603
292764320 411397825
268037269 386670774
325942907 444576412
282823162 401456667
257463204 376096709
269390200 388023705
253254468 371887973
291500464 410133969
268607123 387240628
272509191 391142696
316790970 435424475
326826763 445460268
283220113 401853618
299336050 417969555
278953238 397586743
331461250 450094755
268868194 387501699
304906957 423540462
299772199 418405704
321178194 439811699
257675981 376309486
316120268 434753773
289068270 407701775
303144700 421778205
245587186 364220691
306904339 425537844
321515270 440148775
278284106 396917611
338738816 457372321
306585441 425218946
287984374 406617879
282344961 400978466
319048697 437682202
273364262 391997767
290616613 409250118
319161438 437794943
298161211 416794716
316420094 435053599
333635986 452269491
270078557 388712062
301299462 419932967
263373899 382007404
261119725 379753230
254652175 373285680
287228833 405862338
289087413 407720918
334391310 453024815
257153540 375787045
286312554 404946059
334765163 453398668
323211690 441845195
260142468 378775973
249098578 367732083
263422150 382055655
336162385 454795890
264657339 383290844
313432591 432066096
263411606 382045111
301770825 420404330
333292233 451925738
309565917 428199422
329596015 448229520
292129446 410762951
276962335 395595840
287938186 406571691
272351505 390985010
300095236 418728741
255934306 374567811
266351034 384984539
332620889 451254394
332876700 451510205
250560341 369193846
300198861 418832366
317073493 435706998
296727685 415361190
330823725 449457230
277062291 395695796
247427619 366061124
264516405 383149910
314329744 432963249
329401600 448035105
253222498 371856003
267788352 386421857
241703570 360337075
275261051 393894556
305568925 424202430
249325911 367959416
247501310 366134815
254324754 372958259
333789010 452422515
280979359 399612864
243451054 362084559
337743001 456376506
244151208 362784713
302247211 420880716
269706266 388339771
262425567 381059072
310149592 428783097
320698617 439332122
270082666 388716171
319482551 438116056
319812662 438446167
286678240 405311745
246826317 365459822
260463255 379096760
251722610 370356115
284838525 403472030
248019738 366653243
253979473 372612978
279661420 398294925
334610014 453243519
283457336 402090841
256826808 375460313
279539931 398173436
256674587 375308092
325728850 444362355
315404708 434038213
289028480 407661985
307026277 425659782
302970013 421603518
301668130 420301635
272596801 391230306
338149342 456782847
257464527 376098032
315290638 433924143
278509696 397143201
332524113 451157618
270441774 389075279
311922250 430555755
243207352 361840857
264894685 383528190
318122193 436755698
289766238 408399743
254235217 372868722
319337287 437970792
305348837 423982342
306536499 425170004
316226565 434860070
259878919 378512424
317889901 436523406
274399568 393033073
338518393 457151898
281765240 400398745
289337223 407970728
253969256 372602761
321652735 440286240
306198495 424832000
267680066 386313571
275788200 394421705
288921785 407555290
241199451 359832956
283662962 402296467
269436495 388070000
333983156 452616661
274243932 392877437
254353084 372986589
270083050 388716555
315268135 433901640
288262145 406895650
305322629 423956134
307545169 426178674
319093460 437726965
262738346 381371851
326163450 444796955
281030358 399663863
312537991 431171496
267689900 386323405
256322150 374955655
260217803 378851308
314758453 433391958
265142080 383775585
308100816 426734321
286144050 404777555
254366847 373000352
295028267 413661772
278185701 396819206
265979986 384613491
278335696 396969201
270218055 388851560
302001386 420634891
277510724 396144229
318595409 437228914
245603379 364236884
261464599 380098104
278802775 397436280
338364066 456997571
266760155 385393660
309365747 427999252
300045117 418678622
327744938 446378443
282900339 401533844
291887885 410521390
256744756 375378261
292334664 410968169
250930266 369563771
299284769 417918274
321258324 439891829
269039020 387672525
304137799 422771304
290426743 409060248
310296825 428930330
277533809 396167314
240832623 359466128
260186380 378819885
246346106 364979611
336514351 455147856
270252296 388885801
274421046 393054551
312842604 431476109
318485249 437118754
308251540 426885045
253651153 372284658
273282691 391916196
288875051 407508556
259160034 377793539
309735582 428369087
286683647 405317152
330129437 448762942
259385343 378018848
269294606 387928111
248363239 366996744
336927508 455561013
240611648 359245153
292515798 411149303
321297496 439931001
296965558 415599063
290249851 408883356
303804236 422437741
337856547 456490052
270166500 388800005
302819744 421453249
274578834 393212339
332907867 451541372
241642259 360275764
271197687 389831192
242235417 360868922
240750933 359384438
291148074 409781579
318739051 437372556
251675092 370308597
319043050 437676555
259593369 378226874
271058205 389691710
253773797 372407302
290953416 409586921
326436623 445070128
301432367 420065872
248268988 366902493
256022390 374655895
271275486 389908991
273136768 391770273
287467891 406101396
302929120 421562625
261057003 379690508
276776843 395410348
248284678 366918183
288580088 407213593
282509490 401142995
309462047 428095552
333757259 452390764
300484875 419118380
249698580 368332085
272432900 391066405
268961220 387594725
264258495 382892000
255425890 374059395
243260061 361893566
248416682 367050187
289884628 408518133
321846076 440479581
330724972 449358477
321305766 439939271
254742366 373375871
255381881 374015386
290868459 409501964
256105341 374738846
329951718 448585223
262665852 381299357
279125450 397758955
301081016 419714521
310653638 429287143
268057001 386690506
325279221 443912726
315462686 434096191
334117090 452750595
240406362 359039867
335880895 454514400
287928955 406562460
318540216 437173721
244794730 363428235
338180457 456813962
322640528 441274033
304142816 422776321
253158848 371792353
303220448 421853953
261796028 380429533
253520476 372153981
294836271 413469776
291383762 410017267
331513635 450147140
334697989 453331494
332109701 450743206
315461619 434095124
270097460 388730965
245897324 364530829
337380727 456014232
285973310 404606815
263756103 382389608
278993021 397626526
302865073 421498578
293081727 411715232
331068504 449702009
246938457 365571962
321875371 440508876
313632848 432266353
337661180 456294685
250854487 369487992
311686297 430319802
265445963 384079468
268236864 386870369
315651986 434285491
251337072 369970577
244665787 363299292
249076667 367710172
282362639 400996144
247900517 366534022
319372350 438005855
242614105 361247610
323513832 442147337
314344196 432977701
325964853 444598358
277004251 395637756
292299984 410933489
334239364 452872869
297610903 416244408
265944935 384578440
322655295 441288800
298272547 416906052
258413282 377046787
299517914 418151419
309243958 427877463
327501293 446134798
331651871 450285376
249855803 368489308
271329647 389963152
263981608 382615113
320577683 439211188
250679364 369312869
325986331 444619836
302211603 420845108
275014628 393648133
282882514 401516019
247624073 366257578
266135800 384769305
331556368 450189873
302484654 421118159
244350148 362983653
288383555 407017060
326727928 445361433
262808014 381441519
240969672 359603177
321244991 439878496
250446441 369079946
261191291 379824796
333018304 451651809
330104116 448737621
320914747 439548252
244723303 363356808
334923006 453556511
248252888 366886393
324881591 443515096
281096822 399730327
282788009 401421514
264055379 382688884
315732339 434365844
247445644 366079149
304260866 422894371
315037942 433671447
293724726 412358231
296681914 415315419
260181521 378815026
328991510 447625015
325237162 443870667
274107877 392741382
329224826 447858331
275631102 394264607
253675936 372309441
256963974 375597479
259879817 378513322
245357572 363991077
275640951 394274456
272091234 390724739
273412653 392046158
329689061 448322566
270786536 389420041
260680403 379313908
315323899 433957404
245960715 364594220
245585801 364219306
306171406 424804911
283854878 402488383
321065297 439698802
337715009 456348514
249450082 368083587
257970705 376604210
251804297 370437802
329168020 447801525
242599974 361233479
302743278 421376783
274741995 393375500
277731460 396364965
333122556 451756061
253936986 372570491
247262806 365896311
289435236 408068741
317893520 436527025
328226552 446860057
330143326 448776831
279609117 398242622
279440459 398073964
250506941 369140446
337080456 455713961
293637899 412271404
262157861 380791366
299938866 418572371
264125250 382758755
279051102 397684607
303916841 422550346
251719271 370352776
300408058 419041563
259211287 377844792
288722062 407355567
258663373 377296878
256711771 375345276
328021301 446654806
313663502 432297007
270443422 389076927
264433273 383066778
303377909 422011414
267717515 386351020
264651862 383285367
316722855 435356360
273481991 392115496
312341302 430974807
308519788 427153293
280700016 399333521
269000031 387633536
255844428 374477933
257514681 376148186
282624349 401257854
316924203 435557708
244366712 363000217
317088624 435722129
321498792 440132297
330885312 449518817
302924441 421557946
257266230 375899735
254523054 373156559
311924255 430557760
298383450 417016955
252437853 371071358
302184804 420818309
337067800 455701305
264094311 382727816
260241763 378875268
308820882 427454387
240969814 359603319
287822034 406455539
305568282 424201787
286201430 404834935
273665314 392298819
262549666 381183171
274443705 393077210
251058290 369691795
242532858 361166363
275870374 394503879
316074620 434708125
305596593 424230098
326239303 444872808
297192995 415826500
268206684 386840189
240839683 359473188
282158513 400792018
326981005 445614510
290019010 408652515
336325796 454959301
313333931 431967436
304395323 423028828
254849428 373482933
279859947 398493452
309094690 427728195
268276817 386910322
267752466 386385971
284110697 402744202
260973378 379606883
294505116 413138621
289823113 408456618
330325817 448959322
246094236 364727741
334507976 453141481
239895913 358529418
271854729 390488234
279620920 398254425
270241775 388875280
279013695 397647200
270281235 388914740
267927462 386560967
326240211 444873716
245530582 364164087
314640042 433273547
316197191 434830696
257219185 375852690
298579443 417212948
260258126 378891631
259552853 378186358
296570479 415203984
285245434 403878939
305437198 424070703
297640302 416273807
264804543 383438048
307268991 425902496
251159174 369792679
254560645 373194150
281948748 400582253
241259679 359893184
273952236 392585741
242081654 360715159
332759937 451393442
329493757 448127262
318104926 436738431
306870023 425503528
265591989 384225494
268348330 386981835
279828123 398461628
264164256 382797761
325620992 444254497
274654026 393287531
256977154 375610659
286094307 404727812
319395232 438028737
339469039 458102544
286507488 405140993
286553537 405187042
319470597 438104102
296752014 415385519
329024938 447658443
329348689 447982194
291925731 410559236
284915359 403548864
326381926 445015431
247495382 366128887
295680305 414313810
294731179 413364684
321554784 440188289
240804840 359438345
257729503 376363008
298311634 416945139
273964816 392598321
318700594 437334099
301587820 420221325
339692419 458325924
272128078 390761583
252871398 371504903
325614271 444247776
274171111 392804616
326994226 445627731
338175397 456808902
319895213 438528718
282843242 401476747
295738236 414371741
279091060 397724565
262855320 381488825
300466163 419099668
254861152 373494657
242159674 360793179
323296750 441930255
268213318 386846823
329804056 448437561
309175308 427808813
331304344 449937849
318673915 437307420
254132775 372766280
308571802 427205307
262476005 381109510
251221355 369854860
298679230 417312735
280411958 399045463
248529586 367163091
285278680 403912185
256403302 375036807
305043562 423677067
261886089 380519594
278752204 397385709
326431791 445065296
280440713 399074218
306515786 425149291
300794117 419427622
244340756 362974261
285544486 404177991
288750832 407384337
288757102 407390607
285624910 404258415
268328267 386961772
292167932 410801437
279962318 398595823
330152040 448785545
307495311 426128816
328276995 446910500
244855514 363489019
252246053 370879558
314889627 433523132
267625105 386258610
303464415 422097920
296938765 415572270
256302993 374936498
329199889 447833394
338741456 457374961
314172488 432805993
245781885 364415390
248670397 367303902
317827069 436460574
319193672 437827177
269354957 387988462
307906482 426539987
268288190 386921695
278007310 396640815
241817641 360451146
326361961 444995466
302535466 421168971
250233399 368866904
311060573 429694078
336037798 454671303
274064109 392697614
269907221 388540726
315036224 433669729
267922577 386556082
285174825 403808330
324359157 442992662
320013273 438646778
296205438 414838943
285889225 404522730
260166825 378800330
335592870 454226375
315786893 434420398
270358288 388991793
271211592 389845097
313109981 431743486
254376949 373010454
263654707 382288212
298590755 417224260
315404827 434038332
299875291 418508796
263203284 381836789
310372155 429005660
260887295 379520800
315587345 434220850
281287063 399920568
262137174 380770679
250031553 368665058
305633637 424267142
244980152 363613657
311265773 429899278
318332679 436966184
267003038 385636543
306672401 425305906
288459251 407092756
252489459 371122964
326045092 444678597
333033310 451666815
262530869 381164374
296023123 414656628
307085784 425719289
320547311 439180816
259913271 378546776
328954278 447587783
323275572 441909077
335169655 453803160
319955916 438589421
320438533 439072038
245089907 363723412
337347748 455981253
315175822 433809327
258638616 377272121
242075740 360709245
335640842 454274347
311523904 430157409
325868419 444501924
278644457 397277962
302990285 421623790
266368074 385001579
309825149 428458654
296677918 415311423
266800055 385433560
318960821 437594326
302787038 421420543
274271573 392905078
334227975 452861480
301664503 420298008
265575005 384208510
282998451 401631956
293811734 412445239
289847128 408480633
321217658 439851163
269845583 388479088
327998473 446631978
332020670 450654175
287214492 405847997
239755264 358388769
300706290 419339795
280212739 398846244
334608267 453241772
302462663 421096168
263636580 382270085
260377807 379011312
250213210 368846715
257885138 376518643
303164399 421797904
247427502 366061007
241381379 360014884
321570782 440204287
305989401 424622906
283325628 401959133
336416688 455050193
311539102 430172607
280793731 399427236
257059546 375693051
316982850 435616355
245651546 364285051
337339762 455973267
263063317 381696822
335810591 454444096
339308423 457941928
313255515 431889020
277049442 395682947
289575811 408209316
296011292 414644797
290412898 409046403
313007273 431640778
257630373 376263878
321016356 439649861
249309267 367942772
323227502 441861007
298408890 417042395
319190042 437823547
307797668 426431173
322877302 441510807
332999511 451633016
311698369 430331874
328978306 447611811
282842989 401476494
315830138 434463643
249849073 368482578
294440943 413074448
273328662 391962167
304912557 423546062
326813400 445446905
329330455 447963960
250879535 369513040
300311139 418944644
242315435 360948940
284737468 403370973
242236662 360870167
255498640 374132145
313443955 432077460
255645947 374279452
268182608 386816113
265606064 384239569
334989391 453622896
276762820 395396325
281611299 400244804
278210333 396843838
288170660 406804165
245723475 364356980
250343337 368976842
311374544 430008049
304458481 423091986
257121586 375755091
320546107 439179612
253092997 371726502
309203414 427836919
318760523 437394028
246611443 365244948
322566634 441200139
253821714 372455219
261577484 380210989
320001878 438635383
282506438 401139943
252240727 370874232
285693109 404326614
292320516 410954021
328504963 447138468
294661281 413294786
275590298 394223803
248637225 367270730
311329416 429962921
298807884 417441389
263686998 382320503
306801292 425434797
315316995 433950500
286037050 404670555
256763397 375396902
333239604 451873109
247233475 365866980
272640956 391274461
319686646 438320151
319494457 438127962
326825887 445459392
294567308 413200813
326266495 444900000
252311303 370944808
311456260 430089765
269613185 388246690
279655547 398289052
288253885 406887390
281042301 399675806
324565833 443199338
299295287 417928792
326108987 444742492
248963165 367596670
335076315 453709820
293230146 411863651
296706187 415339692
250384107 369017612
241037875 359671380
308414789 427048294
259045344 377678849
334021660 452655165
258045409 376678914
274206899 392840404
252324611 370958116
241652150 360285655
241467803 360101308
273818516 392452021
304482660 423116165
275297347 393930852
280246354 398879859
282724190 401357695
322498395 441131900
259890929 378524434
326309709 444943214
286256826 404890331
257969462 376602967
259466932 378100437
298780309 417413814
286795794 405429299
336347473 454980978
306548897 425182402
313465212 432098717
302956722 421590227
312667718 431301223
243658890 362292395
278269528 396903033
320544420 439177925
273371139 392004644
271950206 390583711
261609650 380243155
322526940 441160445
246919436 365552941
332320463 450953968
318491944 437125449
330597253 449230758
333404896 452038401
318556387 437189892
254404296 373037801
322049728 440683233
291760975 410394480
246820223 365453728
259955409 378588914
251083092 369716597
295686739 414320244
333229948 451863453
318514464 437147969
288132807 406766312
304683052 423316557
264000054 382633559
330146832 448780337
242183878 360817383
250811880 369445385
267337770 385971275
255689057 374322562
336070968 454704473
290179698 408813203
262567444 381200949
282995545 401629050
286311809 404945314
252476376 371109881
274609082 393242587
333539583 452173088
268251653 386885158
246543191 365176696
270727324 389360829
243822549 362456054
307632037 426265542
269627029 388260534
273850504 392484009
242193167 360826672
282019555 400653060
333517532 452151037
262450258 381083763
304842689 423476194
291010993 409644498
316786661 435420166
247391312 366024817
338899461 457532966
266094903 384728408
317488001 436121506
280073447 398706952
284360069 402993574
252442494 371075999
331963740 450597245
281110846 399744351
321694548 440328053
305403071 424036576
320249526 438883031
294207960 412841465
280982917 399616422
281693494 400326999
279459615 398093120
288009200 406642705
318391102 437024607
250410579 369044084
275310499 393944004
255526912 374160417
245422149 364055654
299033930 417667435
324270914 442904419
332790738 451424243
274342425 392975930
284098103 402731608
266063486 384696991
239828648 358462153
282504637 401138142
310677841 429311346
249719307 368352812
240212802 358846307
270633651 389267156
261064040 379697545
252618961 371252466
288833750 407467255
313346301 431979806
304276253 422909758
296713469 415346974
295572395 414205900
295879472 414512977
291729235 410362740
246448542 365082047
328635045 447268550
325266456 443899961
300846336 419479841
266450674 385084179
285978375 404611880
329629432 448262937
260707316 379340821
247494811 366128316
335951355 454584860
335394098 454027603
290968792 409602297
322071006 440704511
312906350 431539855
254957323 373590828
313080717 431714222
328107719 446741224
291155544 409789049
328891187 447524692
261552525 380186030
333150231 451783736
304599088 423232593
329445844 448079349
306292291 424925796
310067847 428701352
301721926 420355431
276146957 394780462
284336978 402970483
277465981 396099486
281746571 400380076
256140562 374774067
259167393 377800898
281995416 400628921
278281323 396914828
259986768 378620273
287416581 406050086
293412276 412045781
280761599 399395104
321027953 439661458
286816844 405450349
276616791 395250296
304313217 422946722
322197122 440830627
241490615 360124120
326231597 444865102
310341765 428975270
249012716 367646221
251901623 370535128
314489777 433123282
323016542 441650047
269334112 387967617
328058410 446691915
301452880 420086385
283993735 402627240
298580173 417213678
252765242 371398747
272756768 391390273
271696043 390329548
308517451 427150956
289137010 407770515
241222352 359855857
305042169 423675674
279278923 397912428
264626041 383259546
328264733 446898238
312145132 430778637
311157118 429790623
325401552 444035057
302674310 421307815
287657914 406291419
270961981 389595486
248360648 366994153
321924266 440557771
306603744 425237249
254652507 373286012
278395137 397028642
304000177 422633682
305139558 423773063
289067574 407701079
291951018 410584523
281838881 400472386
332809726 451443231
308443885 427077390
288048038 406681543
334906220 453539725
332221777 450855282
311934048 430567553
255299970 373933475
279950863 398584368
257876198 376509703
245564831 364198336
287265601 405899106
240118305 358751810
302867655 421501160
337902505 456536010
287301014 405934519
298752836 417386341
316388262 435021767
258150943 376784448
300480722 419114227
322989129 441622634
325789962 444423467
242162479 360795984
321335808 439969313
299152275 417785780
246844123 365477628
255078484 373711989
261037899 379671404
283889391 402522896
269636953 388270458
292695906 411329411
281297789 399931294
288516043 407149548
337001309 455634814
302987084 421620589
261085592 379719097
250148809 368782314
309649960 428283465
301613105 420246610
308176891 426810396
270925174 389558679
284637517 403271022
259039785 377673290
241602159 360235664
337655420 456288925
334010666 452644171
277976926 396610431
339045407 457678912
291609757 410243262
266237583 384871088
316988878 435622383
337346409 455979914
287516185 406149690
320044711 438678216
327326521 445960026
253807832 372441337
252689819 371323324
271594107 390227612
296156545 414790050
325627734 444261239
273174017 391807522
278980518 397614023
290101660 408735165
285274376 403907881
333706714 452340219
266117987 384751492
249499417 368132922
331988397 450621902
306819527 425453032
325739003 444372508
339562548 458196053
275949313 394582818
284687952 403321457
329026496 447660001
260159548 378793053
274159486 392792991
266275693 384909198
268483862 387117367
271630345 390263850
288512672 407146177
282238492 400871997
297730711 416364216
248202988 366836493
273538120 392171625
281069987 399703492
303078099 421711604
243981956 362615461
327557224 446190729
330992917 449626422
336088492 454721997
301930225 420563730
326667956 445301461
331367256 450000761
313612618 432246123
305664559 424298064
249500392 368133897
245047824 363681329
321572822 440206327
240259985 358893490
323104699 441738204
275409741 394043246
334042615 452676120
323692039 442325544
314742369 433375874
317774726 436408231
256527907 375161412
244838797 363472302
285036509 403670014
243397823 362031328
249576232 368209737
328396616 447030121
314795027 433428532
248737097 367370602
315960281 434593786
324697290 443330795
323328775 441962280
250023564 368657069
293941951 412575456
306598779 425232284
272765376 391398881
271249226 389882731
307046018 425679523
287563873 406197378
257281122 375914627
254046737 372680242
303299357 421932862
327667645 446301150
333801046 452434551
329925863 448559368
280519042 399152547
292912695 411546200
245407149 364040654
243733992 362367497
246078356 364711861
334854354 453487859
283207534 401841039
312876940 431510445
334974799 453608304
253140059 371773564
332627281 451260786
309364284 427997789
322407997 441041502
312258466 430891971
242671803 361305308
305860854 424494359
327700776 446334281
240766261 359399766
253885627 372519132
324165900 442799405
288465706 407099211
262130894 380764399
299991185 418624690
269288120 387921625
303454240 422087745
319258390 437891895
337867690 456501195
273091656 391725161
297222043 415855548
258976621 377610126
334215997 452849502
328893368 447526873
293670306 412303811
303647318 422280823
286220783 404854288
302089126 420722631
265052686 383686191
252018696 370652201
289917731 408551236
259339603 377973108
240140700 358774205
281229380 399862885
257448094 376081599
247988639 366622144
265523115 384156620
289147927 407781432
315718956 434352461
277873312 396506817
335683688 454317193
277613832 396247337
266140626 384774131
329986220 448619725
260856881 379490386
254169352 372802857
263131195 381764700
333374746 452008251
240185340 358818845
338410467 457043972
255857815 374491320
284061859 402695364
251746634 370380139
258646981 377280486
261381504 380015009
240204551 358838056
278711399 397344904
257063471 375696976
286247932 404881437
318839145 437472650
283018638 401652143
290948791 409582296
314329569 432963074
334865408 453498913
243410193 362043698
289390029 408023534
321812889 440446394
278040661 396674166
248676973 367310478
326575114 445208619
319612803 438246308
290982003 409615508
248150673 366784178
295291227 413924732
309856796 428490301
244242651 362876156
312311526 430945031
270994266 389627771
268568455 387201960
302651151 421284656
240909711 359543216
245521191 364154696
305034010 423667515
308134652 426768157
307123736 425757241
314202972 432836477
322255212 440888717
286499620 405133125
273887640 392521145
319864809 438498314
255880355 374513860
268025883 386659388
331190302 449823807
292628388 411261893
335642753 454276258
247707471 366340976
306722828 425356333
326947748 445581253
316317348 434950853
268879848 387513353
244168652 362802157
321761299 440394804
265395897 384029402
241350249 359983754
284427513 403061018
298706155 417339660
300260120 418893625
250385191 369018696
245283793 363917298
289905226 408538731
338816595 457450100
313287060 431920565
319992951 438626456
300388952 419022457
254552109 373185614
318817753 437451258
335644956 454278461
248458105 367091610
240739689 359373194
292036175 410669680
272351798 390985303
301009936 419643441
321773006 440406511
321806204 440439709
296381371 415014876
322848567 441482072
284497123 403130628
295087718 413721223
264698555 383332060
270141472 388774977
314523061 433156566
260347342 378980847
314086075 432719580
263556716 382190221
264558060 383191565
285482288 404115793
319718525 438352030
248906676 367540181
271082352 389715857
272136818 390770323
314426537 433060042
318804430 437437935
297574500 416208005
292682360 411315865
295818177 414451682
284865198 403498703
272258805 390892310
337444236 456077741
242775636 361409141
326238487 444871992
319421713 438055218
328841365 447474870
263090616 381724121
252014780 370648285
321867411 440500916
302598155 421231660
315860739 434494244
302694736 421328241
316588790 435222295
322304171 440937676
261091339 379724844
307471220 426104725
339081675 457715180
257055256 375688761
266460248 385093753
293352446 411985951
311853026 430486531
247796052 366429557
242733311 361366816
338328775 456962280
241814325 360447830
331850976 450484481
294750353 413383858
279441781 398075286
271121045 389754550
247778178 366411683
267967822 386601327
241832615 360466120
247374092 366007597
268222665 386856170
302555452 421188957
306394514 425028019
275427023 394060528
288141980 406775485
306981251 425614756
254683136 373316641
284496381 403129886
291933284 410566789
292494309 411127814
334411640 453045145
261222923 379856428
272402902 391036407
337049990 455683495
333821465 452454970
316778208 435411713
337145833 455779338
323428916 442062421
257803713 376437218
263540154 382173659
322069669 440703174
300933281 419566786
280932024 399565529
280973686 399607191
283034896 401668401
296451973 415085478
271602792 390236297
245498726 364132231
289691230 408324735
284672889 403306394
261811386 380444891
249308237 367941742
281631994 400265499
328576374 447209879
306861138 425494643
286795715 405429220
242489913 361123418
289918635 408552140
338909513 457543018
247592823 366226328
307490488 426123993
308614957 427248462
273093452 391726957
287250736 405884241
282581795 401215300
273425941 392059446
279277648 397911153
253523368 372156873
319179208 437812713
311436442 430069947
293018828 411652333
296874249 415507754
321684968 440318473
254708267 373341772
280964404 399597909
330637422 449270927
304353322 422986827
275201086 393834591
310160930 428794435
291261149 409894654
288217569 406851074
338800028 457433533
286390337 405023842
327518550 446152055
247580968 366214473
328551845 447185350
269428248 388061753
333017237 451650742
243202012 361835517
268837844 387471349
291230484 409863989
263307477 381940982
245102067 363735572
306940978 425574483
288879333 407512838
285929822 404563327
324459453 443092958
330501556 449135061
309627805 428261310
267194523 385828028
258578128 377211633
271811873 390445378
332912000 451545505
276364301 394997806
255743234 374376739
246405499 365039004
316710511 435344016
248364173 366997678
280004644 398638149
310668383 429301888
247964436 366597941
325133268 443766773
272363456 390996961
260241774 378875279
245457588 364091093
269176759 387810264
309677953 428311458
330298912 448932417
254495011 373128516
272379707 391013212
305520160 424153665
277537337 396170842
288566289 407199794
331856967 450490472
305957977 424591482
240024281 358657786
278977248 397610753
304731352 423364857
251595771 370229276
306886266 425519771
329977844 448611349
330684942 449318447
280831747 399465252
329024013 447657518
329983147 448616652
326309489 444942994
289455446 408088951
339680146 458313651
275363687 393997192
328884195 447517700
303596103 422229608
335316883 453950388
266469759 385103264
241415179 360048684
279288485 397921990
272064920 390698425
269888720 388522225
286328451 404961956
330893154 449526659
253418776 372052281
241444363 360077868
288203266 406836771
274816446 393449951
314921745 433555250
283702793 402336298
296021579 414655084
306090768 424724273
294392558 413026063
337814931 456448436
294816093 413449598
268668977 387302482
259166592 377800097
297027678 415661183
284434792 403068297
285588087 404221592
254399729 373033234
257365776 375999281
276141026 394774531
308013656 426647161
304985586 423619091
337111030 455744535
243318172 361951677
294704366 413337871
286579602 405213107
299055354 417688859
255873508 374507013
333824727 452458232
317128378 435761883
318809706 437443211
278939476 397572981
311840288 430473793
275627057 394260562
248260822 366894327
296069907 414703412
321236164 439869669
312057970 430691475
246502897 365136402
296533753 415167258
245513359 364146864
256092341 374725846
272999724 391633229
299260497 417894002
253596972 372230477
263597140 382230645
264459100 383092605
274925558 393559063
240476851 359110356
240804881 359438386
305902455 424535960
270632214 389265719
249241290 367874795
240899243 359532748
284044493 402677998
312459548 431093053
304377528 423011033
275289838 393923343
240089591 358723096
287630278 406263783
270674272 389307777
334849639 453483144
315846118 434479623
264181743 382815248
333821185 452454690
274034343 392667848
277952448 396585953
291766998 410400503
251277307 369910812
278997875 397631380
242686461 361319966
283822629 402456134
271059256 389692761
246932568 365566073
285976563 404610068
276944254 395577759
313000048 431633553
277700092 396333597
303440764 422074269
257664305 376297810
335174813 453808318
271415129 390048634
306662433 425295938
288223329 406856834
272280131 390913636
315501792 434135297
306020458 424653963
326974050 445607555
323706575 442340080
250501422 369134927
275596942 394230447
259739574 378373079
250334253 368967758
290759332 409392837
243167942 361801447
313603749 432237254
250256561 368890066
335371947 454005452
339372443 458005948
244258123 362891628
253053543 371687048
303437730 422071235
331132608 449766113
296587793 415221298
337673960 456307465
318465109 437098614
285806489 404439994
243825579 362459084
289828963 408462468
296025378 414658883
275124998 393758503
240897196 359530701
299956178 418589683
241632602 360266107
275024042 393657547
284364482 402997987
269525134 388158639
278230132 396863637
335310279 453943784
290683625 409317130
274769256 393402761
291932285 410565790
335630221 454263726
276156922 394790427
329453400 448086905
292411187 411044692
338416177 457049682
253832119 372465624
295484616 414118121
313682573 432316078
321150535 439784040
309233982 427867487
268547113 387180618
241529139 360162644
256631737 375265242
269326324 387959829
285886031 404519536
275898132 394531637
262402945 381036450
254813265 373446770
290333915 408967420
318597459 437230964
299219150 417852655
319139714 437773219
311093904 429727409
321665705 440299210
286715194 405348699
322190221 440823726
274497383 393130888
320961661 439595166
285907491 404540996
280963637 399597142
279011962 397645467
250261554 368895059
338394911 457028416
256257223 374890728
293847120 412480625
316481536 435115041
278033728 396667233
254571029 373204534
242872859 361506364
332264624 450898129
256635615 375269120
272056176 390689681
297107411 415740916
279867438 398500943
254032780 372666285
255018665 373652170
284865820 403499325
306733956 425367461
259904634 378538139
257617727 376251232
316557289 435190794
274939993 393573498
300312666 418946171
295172353 413805858
273729592 392363097
295208509 413842014
278865145 397498650
324377451 443010956
271438216 390071721
315897251 434530756
272253973 390887478
307013582 425647087
281779925 400413430
309530404 428163909
332409055 451042560
326551363 445184868
327483379 446116884
272510448 391143953
283133250 401766755
271130389 389763894
302237870 420871375
252161215 370794720
309772152 428405657
309665016 428298521
244123627 362757132
291381859 410015364
281655170 400288675
312021493 430654998
335336491 453969996
298086171 416719676
285373043 404006548
336541218 455174723
258406725 377040230
257144893 375778398
314791966 433425471
337865225 456498730
265062293 383695798
284441909 403075414
273023133 391656638
304930159 423563664
285126733 403760238
334775508 453409013
322728033 441361538
302161757 420795262
270304823 388938328
308147091 426780596
319334169 437967674
284717098 403350603
303555848 422189353
311478745 430112250
281499974 400133479
247819056 366452561
254986327 373619832
329161934 447795439
258496496 377130001
257304536 375938041
309324135 427957640
333745383 452378888
296041888 414675393
257767391 376400896
323551126 442184631
323909152 442542657
299069935 417703440
309679645 428313150
329438829 448072334
259529229 378162734
273724907 392358412
258151269 376784774
281758384 400391889
334244609 452878114
291215645 409849150
244093062 362726567
290029923 408663428
330850777 449484282
316459278 435092783
240159591 358793096
275963598 394597103
254469073 373102578
326323659 444957164
289045339 407678844
278507162 397140667
286879048 405512553
329725129 448358634
322314719 440948224
312595497 431229002
278550385 397183890
250714274 369347779
258492272 377125777
321295031 439928536
337391008 456024513
337208020 455841525
242245299 360878804
334481276 453114781
328699224 447332729
267011764 385645269
288036670 406670175
318315838 436949343
306510330 425143835
314022963 432656468
247247174 365880679
329831727 448465232
246299489 364932994
259757310 378390815
245271376 363904881
319857830 438491335
270124613 388758118
290426814 409060319
323943795 442577300
293384776 412018281
331900467 450533972
324373736 443007241
334615829 453249334
240227310 358860815
286073924 404707429
334736484 453369989
259977466 378610971
263255081 381888586
298730502 417364007
327799769 446433274
304387232 423020737
314412240 433045745
268063704 386697209
300556418 419189923
281979526 400613031
312113764 430747269
298202723 416836228
269368377 388001882
292417722 411051227
336430756 455064261
330319266 448952771
316213046 434846551
312968677 431602182
296337746 414971251
268951522 387585027
330303155 448936660
326076176 444709681
275834526 394468031
247229885 365863390
290748109 409381614
336437689 455071194
284078912 402712417
270148193 388781698
240285246 358918751
257749537 376383042
297091968 415725473
246516261 365149766
267582130 386215635
293753603 412387108
298407922 417041427
293762378 412395883
312471778 431105283
307716330 426349835
260414755 379048260
322374009 441007514
252932028 371565533
277784265 396417770
329576725 448210230
309609329 428242834
274608862 393242367
265629202 384262707
318924965 437558470
252907323 371540828
298364980 416998485
273976190 392609695
323837306 442470811
267994339 386627844
339325566 457959071
244579668 363213173
270826483 389459988
326203880 444837385
337100849 455734354
339103746 457737251
262049243 380682748
251188621 369822126
300994368 419627873
256180081 374813586
316206401 434839906
273160579 391794084
322918670 441552175
262563434 381196939
328817987 447451492
259019762 377653267
253231117 371864622
295479665 414113170
286474504 405108009
311667013 430300518
321577143 440210648
324838984 443472489
297307787 415941292
292980767 411614272
323640397 442273902
314256240 432889745
254452502 373086007
281040738 399674243
282323256 400956761
248769125 367402630
271778127 390411632
295256631 413890136
332051042 450684547
243840512 362474017
332104543 450738048
316951578 435585083
246766948 365400453
261341263 379974768
331287568 449921073
338239628 456873133
269932039 388565544
287206299 405839804
271453402 390086907
