3000
250000000 250000000
379922586 101284093
421368361 285540618
160024834 163574530
410822696 111467857
249926449 250000727
474730273 116225463
249640021 250000297
250099769 249999905
307655418 111754272
466001331 39152300
278901634 80528412
250126278 249999246
138840764 41005293
340443129 384800214
439151128 154355789
250605097 250011547
298269123 491158839
67012757 142978660
250129102 249999810
249993623 250657175
374497405 91538371
192291345 163028065
325507594 492192619
102963505 366722702
37075116 95704080
249612800 250001160
291314714 41522989
250155917 250000077
125767633 406581238
74273842 18654376
250663512 250008854
249999428 249678524
250656515 250008491
434726491 449338569
249992453 250699777
249999226 249696586
133328913 331916620
130128227 189104302
13811443 254868301
249995844 249443426
64443610 462118974
80908486 195759722
250286247 250001127
250000027 249883149
412852221 447911770
180690202 367607039
340525761 319543347
250115660 249999286
84068898 63508435
249893929 249998543
249995138 250410194
105227405 166423593
249994269 249381707
376840970 352573676
179156008 152319175
425110497 226087188
108962167 442258593
90469734 377242873
250032005 250002969
249749483 250002993
237263566 244384897
249324015 250008639
458278778 83427423
56876269 314338419
250628988 250009670
78476000 423180220
1682182 279601845
249492797 358240969
249826072 250000008
249998770 250062908
250000871 249711547
249462267 250012403
249998181 250311189
250163957 249999743
250072550 250001478
434626364 386739433
249630587 249999693
249999858 250084518
250425920 250006262
249994568 249407496
315053144 164703763
249819211 250001183
213086677 353679273
137834165 187988768
434907708 243206528
250336116 250001742
380998412 167337212
13660333 50261812
249994041 250594289
249998761 249961081
443996655 153044368
87318439 391525730
249998361 250326979
249997492 250534956
249732491 250000943
249995086 249592224
318388939 85948872
40312596 325676129
136537212 321022712
175799005 37311897
249935116 250001408
263190785 446564182
250431862 250007178
286115068 412695200
286239327 312366997
211471821 281097558
249449987 250011533
249999677 249703239
239310594 216563596
249999078 250088008
249490772 250011936
250000513 249896613
250619300 250011006
213841683 59326243
288587013 486659403
250379085 250001363
396698812 375965027
249569225 250004145
249998574 249861082
433698147 390849501
250021778 250002338
249992098 250696952
163284002 494327489
250277515 250002547
249997410 249630004
180085586 155410237
250193396 250001314
283235174 349907769
250000572 250183598
249999863 249886841
249589301 250002133
250454874 250007710
249996543 249538249
249996567 249625239
249304694 250009548
473388029 194677227
8601242 220927744
246177703 469019851
426422677 179597050
398166278 71196544
181741645 263230830
190513830 295952370
424804980 303848595
129207735 470337497
420137782 187626632
74578126 151997000
63466031 284634515
416527973 498837756
250606885 250011511
249997066 250525428
17924969 346168868
249385327 250011397
250395251 250003131
249560230 250005932
115644175 71831066
265541393 152058709
311213815 395794950
249997397 249514179
249554048 250006442
249997352 250237322
249999572 249700456
206964122 485082645
68026935 235270212
359305632 460777026
495455001 265687835
249999481 249749521
249993483 249356061
433954428 332820866
394986653 61792155
250412783 250003787
60710495 30646230
250540316 250011554
249735796 250002240
250150173 249999017
424916019 301217120
249996537 250510567
249516603 250009319
434470725 236777882
420658672 108190523
295283602 247417241
250080316 250001270
250650783 250008077
250001091 249796103
120291127 371861682
249995491 249553037
303134424 43415354
420190301 332215084
234003849 273440185
462819166 376529546
249845883 249998995
250317145 250000815
250377846 250001166
116907955 407122589
250000695 249732739
250387670 250002974
250218515 250003295
347197303 162691626
477853835 337006578
400239311 55918672
249995117 249416751
250000265 249881659
185926024 419926911
230661786 257991035
211603221 276384144
249427652 250012556
323158637 205147718
118347977 260240965
383631764 126435224
249992150 250706122
17764535 319244402
249313211 250008823
249380544 250010650
32220469 326963021
474017058 216897931
194544140 410916204
321620761 73991765
250000463 249737573
126226900 371178808
249998243 249690907
37491468 379901909
250613055 250010749
249997287 250142765
249823527 250000231
145296086 57241184
249326045 250007789
243970064 488791350
272770432 468095797
191046602 328373709
249996730 249634684
119012294 352709086
249994753 249581805
249999138 250220956
459318730 358556313
257782097 27036422
249803670 250001224
249998251 249864901
276430389 382060420
403048385 51134200
484613913 49887266
175384651 185266316
249319564 250008388
249996290 250368314
433601582 172881278
366246619 339506451
249997640 250521688
134366719 109297555
249978635 250001611
249996867 249636323
249994762 250394418
125262664 260122245
360579788 288891657
211465820 69962082
18576847 26492362
249719929 250001421
249887294 249999410
249994719 250395925
167469123 193864545
249992662 249351028
236563017 172469206
322401463 171422874
249991829 249343805
250354156 250000330
249994623 249583847
249637492 249999622
249672370 250000988
249999198 250321652
264349849 298050977
211509934 131104945
366184432 467643738
250597785 250012475
250314593 250001015
250698882 250011768
249997013 250508795
250288433 250000921
250223666 250004610
249668064 250000964
2672008 104984970
422168957 143024028
294076712 408459641
249995901 249469677
228348059 51828484
249987629 250001385
149881818 355718772
249833375 249999633
117953829 100884299
249992496 249295576
249996634 250356910
208737788 334428178
249998021 250309643
249997019 249631385
114626106 61704025
192526615 201280585
116823752 338552333
249685362 250000198
246847616 223721447
209750973 194999667
203095714 307220518
243679489 192591630
250370668 250001210
249994359 249415575
430697592 192739872
250209752 250002262
24955085 74368753
249947166 250001168
456718559 48112720
249995374 249554770
487033027 171705364
16136918 348802570
249992322 249297982
315653122 274318364
125638265 437164610
291822960 373230247
249809903 250001007
286815828 131996980
249631632 249999782
249998439 249847283
52001557 435552554
250001328 250281692
310479451 256378008
249998160 250122934
250000126 249981836
382074897 37082843
246046730 241019051
250332721 250002055
289127364 254928572
250001282 250282774
249478892 250011996
499965760 312397684
102215586 329619913
6636679 147862538
66629709 334232897
249998097 250249705
250386224 250002956
280587709 488294788
310231592 121142135
249452294 250012356
249993764 250448862
150525122 483957831
250182893 250001277
249992374 250702824
249871300 249998418
116678204 480406460
5706245 26643370
199657301 397614746
440823470 83466763
250339030 250002310
343010450 341953178
132215918 336376033
249992311 249337653
249586960 250002016
227699116 376910101
176219422 207698067
250403922 250002260
445836754 227950925
249997995 250030189
207126522 88907192
1440516 78581449
383084888 445533680
294169041 172234355
159439927 60366357
249994812 250552288
249998447 250152479
249998365 249775547
250087894 250001252
441082519 459165250
353726271 452794326
249715301 250000475
249999872 249931474
250082806 250001570
249996250 250346740
249998045 250035087
249995557 249469093
402491784 453426085
340267116 357527962
146027361 215355941
371192619 257655650
249464647 250012537
126911632 415687427
249999478 250112540
250570446 250013544
249785088 250001834
249999635 249833373
78526151 377246360
249824591 250000533
249816363 250000217
249998878 250090268
436024260 423078064
135694145 369905252
295669716 477623678
422907646 393931392
249997249 249482643
250555098 250012134
250284333 250001507
250348389 250000857
249992095 250001535
249776221 250003863
453552718 83438827
249992171 249347451
375993987 281512427
249998701 249876329
145993010 315478725
250346523 250001021
249993731 249365675
249994036 250591846
250528716 250012710
250707512 250013172
250000890 249800926
249997296 249651794
100844604 460198817
392713003 211500078
250502684 250012070
125650289 113709215
250409854 250003024
250652811 250008091
249999967 250191071
249545594 250006740
250294850 250001314
249618892 250001290
250000819 250201643
6879232 315622299
380195972 122437532
249564822 250005570
249997797 249502643
426153584 443097558
376148210 288722653
127019479 55202127
250691239 250011845
310773061 8803469
249996723 250365829
250253278 250003318
249542991 250007153
483786206 186478165
249999729 249680029
250001100 250286274
250674609 250009455
60568588 307483908
250281743 250002313
70406976 362125840
249997713 249762881
293016529 101880177
250000308 249809714
84444705 202388434
167030863 141202861
313516426 487018824
458335373 261706588
249998898 250255560
249485352 250012728
249358091 250009639
221291670 167997925
315032609 425803418
250705111 250013139
451464542 435294318
201648619 307996032
249885619 249998681
249997962 250529604
249633431 249999759
348478999 330345342
249994728 250560990
249994719 250462471
346003169 109278210
249277967 250012337
249721585 250001949
248104041 349694202
249992006 249300034
422655414 310254010
431911641 115502319
250393920 250003348
144424228 211107823
249994997 249423981
249995359 249440973
120012973 268091965
444987635 422165058
250000026 249742404
214862095 38979068
261641286 7085145
250120990 249999762
249998673 249859233
217714466 495796166
249991831 250716041
249407693 250012811
249994858 250557012
249992390 249308432
250493849 250011959
83807786 110783464
60102868 240077162
249999556 250195154
312047783 436726554
5207777 30869228
61984455 453377001
50207190 193303857
249315483 250008655
249995007 250387913
236407781 239022466
96238522 404871722
166014629 455440279
366278044 422306494
249998535 250252045
249997715 249768955
250423397 250005581
127848633 77656618
363969374 380627919
430444227 444345214
483271939 176902207
250695915 250011957
249999038 250304866
112177692 219734565
279674492 75297177
249397283 250012651
155020006 99864818
249997278 249509732
250070789 250001083
249994139 249385845
249994815 250440517
25439607 13899155
284923485 475324674
7188989 486158722
420349048 363907180
308827702 413860793
249929282 250000480
249924130 250001188
370805981 172956527
499523517 10200069
161859969 45178939
400091213 446618814
249474027 250011491
32578868 258264788
249997135 250240727
419993893 415937589
275609466 249700054
488105601 411037484
249992581 250643923
250527417 250012811
273888399 210520202
379926652 351071803
20411597 155234365
250390484 250002986
250000780 249793290
202918306 116533012
249993438 250636868
249994714 249560488
267722802 281581787
249995210 249586214
249996799 250512817
40119800 228963837
59018927 440973677
198441094 184706806
434775993 405051190
146168922 464866072
424909463 383941890
9228929 485785125
250297800 250001362
353024362 334290804
249998770 249842930
249999770 249785352
424055510 359725540
488663707 44242411
250001644 249714132
128481118 177191818
473471718 227278780
249998391 250154865
22278908 449063767
402279080 221021370
249995764 249540042
250352743 250000801
250679260 250009790
249996743 250507415
270111633 309537285
239162073 220489817
249996958 250245926
249998797 250073075
176685078 179360322
199721744 45675622
451163841 454955813
85180805 70899974
352287381 418397392
447882648 440475722
43725146 25941825
249996577 249647745
343991181 163686724
384838301 272209929
250103289 249999389
293895698 337345891
266470870 469556502
367615345 57772668
249827632 249999962
249999058 250002510
23466225 453446866
201943501 151348005
249998403 249869111
249998874 249975270
249503126 250010928
14019054 372114651
249996915 249627261
236501193 364661935
181119032 477865496
249996459 250345943
249992432 250663402
249993999 250589991
249799048 250001170
123315388 6295669
46717789 219276140
249993849 249360713
7311496 29513068
135455204 176870016
382969175 68267594
481827520 392994460
170955437 209484084
249480695 250012533
404694592 109048607
320998483 160299857
301808378 435439922
97520497 342098228
249707206 250000342
249995269 249409959
193504700 394259015
353984072 499970285
249992685 249313291
378119329 81727117
353371072 266866641
249495922 250011710
2990455 120202378
26771217 454195707
249994458 249429298
310464361 461640029
249757565 250003029
344827514 313279035
249998723 250297575
249998514 249949820
258709708 152225205
249995102 249461262
249534605 250007441
224669510 499378464
250484344 250011534
249595680 250002890
249999845 249888209
443716132 97572330
333012529 28021370
196390632 437202630
249993142 249334810
459576805 175805547
249736802 250002120
335062127 290068855
14187221 30583287
249996269 250362597
176750409 109877284
249993037 249333731
249989338 250001630
424402398 223766993
70557198 298148417
384709735 338123189
110944598 276472384
249299490 250009940
244472114 77998050
8140464 385463002
249437177 250011167
250341467 250001523
201238617 199337738
249994115 250434863
422323195 12089869
192757501 476238831
60911886 476031630
296628502 196227482
249725076 250002432
219656544 338144733
250220759 250004087
463575377 315935449
269370097 233532683
456810507 240547004
249371429 250009765
202329764 364303075
139688264 411528431
295174249 471449776
249992408 250709396
269510353 360878082
472756539 22569567
250000053 249807971
249997957 249490253
231904683 183824181
135958959 167648663
249993263 249392199
249994185 249382461
249995107 250580011
212758258 447556665
249746170 250002832
434218167 380121187
445339070 375038693
483458964 340790846
386665441 324341898
369898081 406849618
249991574 250677808
249997685 250139523
249995292 250585296
311102701 29386309
249430536 250011776
249993386 250658758
308438247 120091846
250148787 249998949
250001506 249716386
229309422 436610000
64764111 479606255
446207730 409288233
412042326 153775365
470807056 273068224
249998276 250531380
434519456 272012716
252560544 246648712
251720046 111289204
26878821 495861059
249998897 250162669
249809197 250000825
249995839 249617435
158291290 311708818
10561259 160432329
249994952 249424538
250247512 250003068
249802150 250001748
250224804 250004334
298162462 445981751
140996774 155475419
249717199 250000693
464591915 109468878
184133400 300208192
45054455 125388946
295514278 168272537
250132364 249999014
250643090 250008016
342322084 47605401
403643232 75630228
250001482 249722052
485716728 424944633
213504271 443657845
249481074 250012716
47387635 42480621
250668714 250009408
406839001 182053329
249548898 250006304
249995493 250471907
249993843 249362815
249994883 250582067
40394919 307000298
83745844 429626551
249821061 250000511
337624832 359122406
249999809 250115137
249999377 249922923
165337108 373460059
249552736 250006578
378156715 434373670
249339780 250007494
421149886 466650512
273243077 379420107
380135226 491705350
249999053 249694861
249694043 249999871
135515436 482777462
250000151 250182123
255153045 382917565
130693263 466306382
249993828 249367938
249999829 250260241
402392496 306086707
393105568 153152865
441044338 91752049
249305483 250009329
263514636 209678217
118329856 50961083
249995147 249584475
250000552 249708850
250631836 250008062
445479150 313100058
9644085 150904173
249998681 250122071
289574467 378682330
44187014 290347863
249991939 250711145
249348103 250008555
7771202 337226042
160740757 145156910
250307029 250000635
249999165 250303383
333982906 160752395
288007595 35956860
282838737 221534
332115685 396494610
428808800 229750204
249995141 249466379
249997371 249657979
249704026 250000992
343636448 258819578
224210280 491712356
159173800 498096344
249999219 249965497
249576302 250003320
94175437 139603020
274605413 497161465
237041723 421457330
448847235 379939687
55207084 312505839
249774249 250004121
197511472 484368728
232789836 368240235
361338815 306262714
250168843 250000591
249998569 250091313
249997084 249653940
403002176 324618019
249995424 250470056
250000498 249734698
250467256 250008962
244102391 48161191
406618574 240098934
182878731 480004490
131954067 272723854
249620380 250001426
249995899 249442845
249996392 249534726
250001238 249726270
497473201 111293446
237165730 96205411
249614362 250001146
436527601 414003539
250624311 250010307
249993637 249358563
424333446 380570134
286884644 182555244
434179671 194579727
102689220 56808189
77967304 227717391
248915424 483373225
323172911 456610777
249998086 250044390
250000852 250200450
361942680 323190276
249937499 250001637
495405326 172973715
494881284 79981012
414042399 413683199
60776906 489820419
66223786 169495961
97219167 152428990
249991682 250718968
254251582 332596125
39097352 178588803
46333759 316375352
250057056 250001694
93144797 435221222
497852473 377817931
224029322 196972119
250649764 250008130
249999308 250323268
249643769 250000553
35125074 15592088
175455239 475312901
249996855 249532439
250040078 250002398
250122938 249999170
322046003 248555090
430061840 437239880
249847227 249998495
249499897 250011679
128015163 380130478
249655932 250001616
250528315 250012639
79229530 400336442
250077373 250002283
93977010 336054128
249998716 250329630
249999289 250218831
115812844 368010971
266930589 456005871
473863020 214592671
178693093 196270286
250186001 250000961
249997266 250244004
175091960 269299081
206616607 498386354
250274727 250002943
250434955 250006693
250516882 250012774
432688272 236628644
482092270 264158794
249998280 249487238
250141328 249998724
249698949 250000583
316745767 202012504
313331888 390259643
224097008 495556697
374325707 494334040
195892973 425525802
250178908 250001210
250187810 250001208
61245928 126320873
249642020 250000282
250609484 250011278
402097913 481070607
249590418 250002190
224266142 260983303
250462362 250008082
250143407 249998819
115375014 72070612
432797533 416566050
377578742 370542874
32661138 16764195
464234456 181110540
250368692 250001286
249612004 250001270
249996006 249595428
249905609 249999571
447921982 278331251
249999253 250111369
287591728 438177977
44874104 248903763
250533515 250013585
249748418 250002750
249864334 249998818
302556142 235243224
249949222 250001366
249388428 250011256
249998722 249673156
250000458 249794840
249998482 250027576
249513807 250010217
249993594 250621608
413386368 379536649
249996943 250514453
6168582 249899844
249992559 250646373
199960478 410144560
116332973 392449213
354219931 211583683
446734991 155239857
324981929 437556458
249994073 249435191
298279211 427266
249964808 250002776
4264723 491749278
264202806 19513982
249999379 250022355
249994141 250438041
249998098 249863200
195328434 65618579
84137939 98193345
443841748 250659939
250000957 249818137
82589270 208128751
220628888 10296005
436623369 151395999
70893396 80111682
249991940 250726310
249991112 250671040
115234921 177248927
279831055 136534222
65019517 132930003
250568325 250013939
249445051 250011313
311297383 327637310
249993240 250619310
249997251 249515361
250054009 250001801
88559941 23019276
250001109 249728691
249999847 250106975
353402938 107071837
249335859 250007831
416416360 237068336
14390964 346789034
138322469 282123444
27579796 209187721
38353042 63458097
86576360 77632485
249361886 250009934
238601155 309036012
250459743 250007657
358979553 49896926
134199181 360597196
250000301 250206759
249489127 250012029
450604389 140770303
235939210 150912872
249999619 250171949
249813887 250000667
279222803 285389865
73033246 30534435
249523116 250008002
494584862 277356148
249999350 249943988
249994786 250614500
249779342 250003170
321037907 441988528
249998636 250316972
326178623 366094996
195093150 14480532
249993524 249374206
249996510 249529412
250036878 250003156
184466931 445147117
250660689 250008693
249997963 249953551
278025521 107817418
249699377 250000651
290903279 49877661
249998329 250095707
338818118 287754245
249995704 250583364
249405507 250013471
105146145 483032282
37023828 309688548
249997072 249643246
59861619 228432590
295288508 442053223
264788605 238610997
250509296 250013198
325550842 94949895
249839649 249999251
250007681 250002535
249999229 250006525
249994469 249567283
249373847 250010559
249500970 250011642
250581760 250013698
250687400 250010872
36437545 405272370
249995552 250553900
430407261 464925711
310805768 15880361
250629998 250008934
249998071 250134661
249992546 249311658
405540151 226999366
249561806 250005706
249996532 250544422
249996231 250378629
330868506 140948595
415066098 400312069
249284228 250011514
473344508 202570998
249997845 250540225
275091116 479624898
222042406 434074887
249994633 249578737
95644083 422494286
249993955 249405729
126875147 253623598
139558849 309402113
209124757 325257979
249999934 250176638
249996811 249532943
51483321 467555194
77203500 67312476
330280293 297187232
249998452 250137024
81819556 32660081
249511461 250010671
427696990 207452391
249997240 250141136
249996185 249638569
250090491 250000557
249995120 250464778
56142224 377744229
249557859 250006453
162905814 208448466
250000102 249827492
405342442 178740581
250190862 250001024
249688764 250000386
42358357 231218758
313985382 499757660
137282747 297236198
343658865 230507318
249993470 249372406
249488196 250012244
249996017 249622193
267184417 19725199
249995606 250001040
250000469 250102209
177147888 464306645
388424740 360848340
104510654 493050112
250323717 250001623
404205967 119153224
333380321 254348281
411380145 312421808
249951615 250001563
249993247 249354027
189293110 181901088
250201347 250001383
250231717 250002957
403134301 294188300
297316328 29670530
250565743 250013325
249835552 249999324
317863367 126389602
12557105 111995515
249997662 249628204
14075176 385836059
249999340 250081100
281224361 471330088
382289134 462006876
22059144 358132386
249555418 250006334
449747908 31931315
361798809 128374380
249994096 250415394
250106344 249999170
249712243 250000175
346908651 216621007
249998005 250336771
249999096 250004530
250000176 249786746
470683430 467948633
249998991 249946783
249410698 250013058
261981134 49738105
249992548 250644096
236590226 185949157
249460641 250012367
249995294 250408126
278285685 381430658
249996595 249480589
249998164 250306304
83484596 41722454
1952223 201935419
250495161 250011943
347249763 58602393
34576928 125291354
249995484 249558428
3589012 41531877
249538909 250006661
249780845 250002663
249530756 250007170
250420953 250005057
186258512 91666382
249996824 250370728
218802081 36888710
249993535 250598653
434854513 494774834
259800984 146412694
226161928 497458389
250000231 249745735
411401940 468965655
249997532 250520434
275689741 139676487
198628411 178101245
464913592 469583972
249992571 249329463
250242541 250003139
223006711 319233572
169065369 117061532
353706298 181171393
42636674 388260606
430496549 236295862
263256179 177308919
250000024 250209052
250000363 250268815
351365388 357909986
249999132 249998100
158747480 62991643
249996087 249614155
249995666 250480552
249759078 250002670
249998777 249777609
373087906 387449178
386776968 221607242
249739527 250002903
274618281 221589396
249997886 250131026
249992273 249327119
337009665 16643093
184142963 47593637
249995301 249446441
250000016 249898816
249999101 249844133
250444107 250007051
476799097 59960341
468902099 244398889
249997353 249661205
154285084 189912669
250433633 250006447
250192039 250001445
249996110 249620054
249998485 250075543
249995605 249549965
249999582 250120204
249999034 249940102
481239493 76314158
465955838 495495352
252344427 136818627
5250560 359420726
249365824 250010152
249997841 249503315
228725005 268376550
173761604 89094003
318841360 219056386
425201862 393982302
249972525 250001619
210425764 246774358
124499839 66979878
249992422 249349716
250000379 250187159
404902767 53169941
249997134 249660414
260910880 23699467
411087642 345577520
250407174 250002316
249992917 250653369
249788273 250001985
235517776 160850652
250206024 250001036
196137505 453046328
273313848 235956422
391934067 441454111
249902317 249999695
107307856 354838372
252220838 415249163
249993269 250623375
32683027 6634568
344740917 124284113
136147545 202914058
250000126 250197680
249995516 249608018
468444586 348279467
249439633 250010981
249993781 250428701
34543362 151858019
352552869 112136750
250175706 250000866
161289988 284182805
81591241 407791064
57091992 301832524
249997948 250051950
342178643 479397294
355265269 320959671
204160621 347203729
250289814 250000490
249995361 250549673
351900207 7039695
474751241 457966277
249993641 249387553
250023698 250002360
379326997 456378815
249428988 250012754
86709468 454906342
250001085 250273969
249997111 250350433
249999873 250175815
312703662 469778785
249994920 249412388
46997564 405317974
249998407 249959859
249994255 250607335
281185897 452633026
420900667 164756921
454572292 342147138
249665579 250001315
443593792 31289142
249995911 249543825
250225670 250004502
310128362 427441486
250000129 250191757
249997579 250232611
441366061 261669862
249995645 250545781
249907297 250000041
283129362 412459922
178848813 33478543
498028160 477264398
250000005 250267969
250447829 250007225
399897516 261440625
249995503 249612235
249996962 249528050
249998804 249973392
249997725 249853137
472027626 87759011
249997855 250234901
406166286 394645131
78557062 179964747
374203162 289304448
249955981 250002285
249995410 249475480
249891347 249998475
249482147 250013343
249996880 249510752
255977278 11832369
249875820 249999210
101814181 176551576
250000218 249985838
250066656 250001586
247278901 147111532
249998543 250092505
249996231 250353015
243857898 28281459
250330445 250001879
339113893 467379123
436878812 96755962
249995665 250488381
449051448 98735123
249702032 250000884
389080020 170336038
249998842 249968742
249992734 250631070
240086903 317681669
162285565 227732555
398877338 497691639
249730713 250001687
70446801 1268025
239891598 24647808
350661595 90987805
308134191 166608260
200766032 233533576
292947441 131962188
60283129 321574167
249993993 249357933
30854700 368848945
211192573 470504339
309273042 146439877
258918448 191187817
285034617 275912137
29593027 441531921
250479182 250010270
342794896 287288284
343548385 343357706
192156216 499253664
250075305 250002087
249634459 249999895
220963732 92665350
242379908 285386538
375273514 448169904
77681198 150477592
495855508 199964093
294568382 75405735
142104560 196145148
405963811 101000605
63184109 140244622
249660522 250000850
249997248 250542040
249899399 249999433
349703930 216111007
250052954 250001722
250000374 249810536
207801650 272174376
249994404 249431774
416858828 394888754
249998234 250149502
10697378 261728529
109824192 417463123
249399394 250012474
250375527 250001703
249994905 249571257
249994465 250615795
250515071 250012721
123051897 368167669
413994768 55761864
393665103 474992464
250059720 250001958
250249333 250003241
250574427 250013903
250000077 249915327
443056739 39146447
249997471 249524661
249998975 250167269
175617243 320287168
131620565 50743845
388358343 433760303
141061219 22172043
249412965 250013213
105875782 430841846
487723132 295028205
451851617 73561959
43514851 54806843
250000581 250277937
249996094 249619414
249997188 249516866
249995079 249610383
249995256 250584492
484360175 362550300
108136930 31413755
67313052 208833743
252311494 234658475
137512413 341162406
249995107 250475337
150435327 79094662
249994376 249566114
68321043 267166435
401074484 312040704
44922693 177263677
481671371 166559907
250235970 250003402
279583953 491511923
249993516 250655524
51935431 51488871
8063923 97588946
464079067 42485618
465360574 426192304
262127488 343479488
119064738 346273072
117769138 212361726
250472170 250008302
249592898 250002212
159179067 277320937
249650267 250000757
250004481 250001273
89579853 64951105
249999420 249778950
281574291 458384293
249998299 250039093
249998962 250011254
187232235 329579477
249992141 249322671
329800516 123978061
135091870 109533255
249998326 249665308
249999404 249678776
254767058 437738574
406364368 337605810
249998430 249972092
249709630 249999772
100446066 26011124
318491766 317998944
391903745 17595294
250357527 249999911
110424070 195147381
249357078 250008798
249997885 250147339
250000304 250202426
400084040 305694791
249742777 250003189
249993527 250657579
240096392 44567403
249993975 250571159
245472148 361450617
249999927 249996719
249999193 250019037
269348676 240490917
250506927 250012401
249942311 250001027
378361511 295901555
192371235 499303032
65187436 350999707
249999167 249688973
249991153 250724185
249992831 250650593
250402955 250002377
249359105 250010447
173529870 335294659
40557355 362277126
249874196 249998970
250308353 250001017
249767861 250002893
249995121 249462169
250578674 250013514
250572382 250013500
249967522 250003000
249999844 249920798
249992143 250680223
297695738 39582493
249994257 250611775
249994735 250557523
250677539 250009823
477873470 318353202
270846250 346112414
249998668 249494560
250301647 250000901
491105237 68898768
424064544 207664994
250320275 250000575
41433646 116291533
319615352 207833105
237536511 313880429
249993993 250638321
3683682 461535818
131000293 137680041
198851052 202960045
250566401 250013347
249997026 249481350
410976832 411752689
249998963 249877735
249994668 250398802
249998781 250078611
249888863 249999191
250356513 249999913
249289129 250011693
158989798 433294780
249999137 250325329
249426043 250013227
249997698 250247982
132457814 35810059
66514868 142190088
249327853 250007781
76769316 449134471
250532331 250012703
176791960 419223965
249998883 250069359
22409069 126267220
92054857 473887448
153932744 121822715
249995335 250392287
249354172 250007986
63710431 100626238
46020060 301426133
249879551 250000173
251654787 195677033
122753844 285193815
249994904 250556450
282057615 282948397
329543881 320327965
250000578 249813976
246598160 39962358
249997639 250337967
250093650 250000386
250112520 249999498
250304330 250000138
250641967 250008831
214228419 410148815
249997341 249854737
214577975 40073095
250505317 250012649
289966315 409218099
427871914 470712495
250441507 250007281
249375083 250010379
167334853 194991
249995215 249457809
297352432 380268693
249991620 250667240
97745262 69066615
249998377 249957633
249995841 249618119
44004636 460806255
366623555 251598395
114942546 302491622
249997142 249649610
250256216 250003854
110764333 408631955
249342086 250007458
369873932 460413852
249394935 250013069
249932129 250001331
249999268 249926050
67339656 223913069
249919441 250001201
229851070 243339074
444746481 435622663
422270467 51953970
487955586 120686341
249567268 250004742
307807568 17854357
283064878 201813319
249302670 250009994
249518704 250008794
250171171 250000397
249994720 250602684
250684407 250010791
499193259 45572132
392022317 348280592
249950595 250000919
434399678 66812523
191317692 367948432
249996521 250495731
70190340 226571383
67606740 105851155
375439662 144143677
146845321 81367034
147532612 268659622
259142897 206175365
272597057 114752117
249994897 249572615
29968098 417732458
249996130 250482950
249605393 250002345
249995925 250382709
498716881 353963993
272266108 95786732
249296853 250010825
249984983 250001073
412876387 413924979
287449056 322562634
249993140 249319524
249994534 250403848
250415602 250004826
249996897 250344443
249580740 250002038
299074871 301098501
249958941 250002307
249578614 250002810
267141977 346668091
250161569 249999997
249583150 250001480
249999124 249928052
188662886 247762028
299793917 147080553
232246550 92687543
249996771 249633509
363467652 279959437
466511259 239351631
171969956 168722487
250404860 250001998
238441864 241934212
411611446 228791220
455639173 280605969
249998334 250041700
249993109 249314569
340256711 17564769
483887011 476130879
13790029 180471041
249328911 250007447
250228943 250003813
249998972 249910556
304866016 400227684
250499471 250011925
250588164 250013426
249998124 249767150
250625629 250010875
412234457 253390981
237671306 68482230
283282939 190740913
249995345 249603225
250015669 250001289
145908170 443835012
6893109 468077729
249996078 250486168
165082848 8738322
317463218 311101354
249992642 250664614
249992603 250625793
249995121 249413301
249999767 250189251
249753718 250002686
250637171 250009115
249537187 250006845
122747560 164863763
130306475 345912831
250438609 250006703
194077735 186392647
127375615 483084664
249994804 249449508
249992842 249321400
269112946 491752969
318652929 300142135
249815412 250000888
249998070 249495720
375336197 48418261
249991758 250695604
250000784 250000784
490660694 444048847
250634657 250008767
115376547 289315947
250299807 250000691
341563784 246963539
1343261 33858094
388554044 473109310
249997101 250342785
249997007 250372971
250212617 250002691
349275816 197457664
250001005 249819389
249999312 249902700
249996839 250501787
179087346 142143669
438542931 455417835
162305603 325457887
249996359 249637995
130403023 80068543
249997089 249500991
375390918 423172503
200285812 364716481
249662434 250001200
249997688 249505020
249995718 249472122
377259997 471912042
249999649 250100667
207802853 327423617
463948510 247542309
249998294 250334030
250380662 250002258
411679596 145994766
249854091 249997987
230246939 401019261
321133874 2003993
65833207 235776745
249995006 250456152
319028349 210516910
249996914 250543314
250203425 250001887
249651800 250001284
353278346 175358416
249996103 249541823
84219727 103921234
80784856 275138234
494090897 223897573
249848607 249998061
459594537 40210967
472818732 154778938
63000423 287791558
249999843 249980403
68648363 69454428
360263761 370544446
250435587 250007039
388987289 223265492
116206975 482246921
372229997 329263080
367308745 483353469
249991727 250714291
250000450 250105064
249995326 250383686
240447194 178157548
35701359 48593124
249998111 249856851
129527626 314790827
390965523 192793306
249998777 249754333
99007773 470860458
249609213 250002119
224052874 178680128
85557479 450980686
249332001 250007621
250665700 250008492
36052982 154497858
249447356 250010144
249450394 197492011
249432464 250011848
249999431 250015521
250000772 249815528
301946137 487249862
314041661 34861456
249991358 249345000
249999820 249991148
21072191 87240497
248083921 315289492
135856088 100828743
347649010 161169904
249998721 250164979
46952017 114926119
213670218 57294116
249615399 250000765
250595909 250013377
8367074 405201105
250000041 249747679
404141998 378468698
249995672 250477788
338445573 465611941
492079358 75499969
461435645 376432487
424473727 78555912
249998919 249839981
328091150 447593382
411898321 204708590
249998253 249848415
187019998 191518230
249992475 250685647
478950821 195359625
249998658 250060092
249997495 250124613
249458289 250012601
348602235 449761166
495872861 53692058
250598842 250011770
250560255 250012765
249752317 250002601
249994308 250563632
141322533 364843755
249999065 250264383
214558506 408760981
381790930 482524176
424516175 487236875
223778073 17894782
69818509 327627738
254823238 64004729
38917482 101691952
249999273 250013029
287852481 257800479
249765868 250002914
249308620 250008976
250626159 250010485
250029735 250003397
18972406 395691763
165142669 212396541
102618440 194833057
250000677 249919441
249996932 250498946
278809725 391178845
225718934 222350642
148115307 137515893
250350049 250001217
249997796 250049940
250138324 249998884
352392678 57142706
306132531 191117192
249999272 250257324
249996318 249476690
250658961 250008763
250538909 250012445
272488928 119606012
249622990 250001186
284406980 421793544
249909069 250000459
37440957 465249397
423463427 84862291
250005803 250001569
249995537 250547263
10939009 484304639
339009985 21102595
249900952 249999152
249993356 249391050
332057178 55364536
250181039 250001235
250078447 250001993
249995029 250402239
249999850 250266294
122025495 66110849
164204492 480859084
249998875 249692481
77971446 341346671
249998467 249874699
249395452 250012970
29556679 56536904
327779049 11972676
250010487 250001815
345399611 55370281
250217256 250002838
250000006 250213718
209148987 261587154
250447038 250007708
250000039 249826041
300089227 138922373
453295206 333801438
175698273 322165670
210410590 445823395
249992924 250629636
250611812 250010748
249390367 250011697
367252089 15180904
465733140 381111995
448422042 463236579
249842613 249999087
250541381 250010877
112592998 112983293
180950896 192825572
202064231 159673078
250538681 250012457
250016877 250001353
249877019 249999679
266381312 452842519
10277935 367130034
250000049 249917305
323877341 299319401
249994676 250454112
317515265 332755033
472003428 64458422
249919047 250001071
249995322 249597286
249998360 250231812
362480420 235813974
401538665 188019544
349921649 163144481
250044341 250001599
122839027 416859475
249998495 249756423
199002143 299616155
30688591 124150165
326842899 270107792
18403531 79425497
155001617 143991249
249744834 250002886
21167837 317833601
285468661 374769334
260171276 195898455
309796531 73426866
111597245 189301734
179530226 26475985
249998742 250055934
249997625 249519303
230443726 292720882
241675386 490998534
250238051 250003219
415371321 37227284
249997415 250528611
113646008 367987677
249992109 250665785
24484954 184432902
250449822 250007368
249993001 250660715
249343937 250007989
185824179 194254462
38801526 262426411
269114958 347903096
71149835 443952600
249992423 250688035
249999940 249831688
296057224 382349466
249996890 250000342
249993287 249378533
108721292 278710660
249997041 250340817
283177736 322629365
37855647 151314674
349696837 147521811
250362299 250000253
249796187 250001007
249677863 250000317
250681836 250010394
271196913 68486354
250457560 250007920
249995025 249575367
233672361 239149269
471087928 264566650
493986456 261748084
470597913 242617920
207850524 458233523
249998204 250064496
237813746 405258173
73430045 454333547
381831688 496948869
394584593 18631468
214531352 32055251
65887147 254890902
250377345 250001289
250595038 250013218
109668776 57631041
188056340 45378784
249992133 250690421
249657391 250001167
29182828 277068643
9220942 462185363
250693453 250012565
249465988 250012388
455695328 164400287
200605608 404455290
250111129 249999493
250563707 250013243
249999388 249941626
72110917 245671915
240131929 482350252
249991550 250676174
105933469 167818739
250489997 250011675
409880747 434047805
136841247 463695428
205173016 359038236
249321865 250008099
250063802 250002080
249994414 250587850
454941541 29729837
390509934 128736661
123897264 318675318
249992733 250628029
249994583 250423781
275779821 161696174
249991631 250673375
249602903 250002559
72849230 144521917
378869969 255890913
249999262 249995028
249997504 250128020
409464747 258836401
250119196 250000590
249402646 250012592
110348446 361144692
249995843 249546203
322738792 79419794
68347891 497246824
250398599 250002643
250060816 250001884
201214462 451570723
483783735 482679694
249425542 250013202
249944291 250001483
250263558 250002586
249946568 250000888
90583927 13125325
249996561 250512349
249999570 249780514
250530351 250012449
249856562 249998400
250280393 250002627
249994294 250568284
249999121 250253453
139000549 462787453
250100758 249999558
249675107 250001299
291575166 242774043
250344106 250000962
321884400 499854980
58639390 211964718
249998972 250170462
120259647 355655643
249999244 250017714
263545961 138514546
249999275 249977937
250000337 249883963
249882320 249999604
479084822 131800004
249993049 249394843
273881229 413990445
402503876 196938583
436582686 119099066
73202120 649159
149404072 138471901
213146664 340583756
249999982 249825142
249994744 249589886
250028420 250003008
250000336 250271310
250000218 249805028
3521302 426249663
491663453 328244174
30171036 227580278
250477309 250010211
81031358 432145591
249676996 250000956
249828493 249999983
249992016 249341818
249635244 249999510
250025894 250002290
277093366 412181652
249996080 250360346
308247601 362788251
249406047 250013443
365801396 252514644
249762652 250002622
249999423 250116707
168510979 278667309
249997863 249483625
249996935 250504737
250543384 250011036
129177145 107445676
250133815 249998917
444167312 200970350
157236251 182653808
30499938 300523320
47499489 210592576
200160516 205820248
250173201 250000591
358761907 246874339
291401654 3763653
486053019 422386985
99880471 358122343
445467617 171145182
249930435 250000911
342337067 474860490
249992963 249351797
132982547 107351058
64408608 359991299
249995869 249615463
326307016 157226303
250159184 250000246
249792521 250001549
250430560 250006912
340690518 345987706
373947319 19469193
249794420 250000878
479328470 444180665
249318166 250008602
118695349 416792566
249363508 250010282
249807179 250000845
249997808 250048132
249998726 250313562
249521467 250008287
332617358 391702302
250640034 250009006
46589236 359350325
250000941 250279121
286481871 344501586
192175386 175338033
353985302 64793569
249574636 250003834
395789813 330640064
280750001 412745262
195644049 474551846
221709571 402158257
250600388 250012162
199265235 3728495
326769156 431889386
249996453 249623729
249469554 250011934
249998602 250226244
225622205 171287601
249455182 250012658
307723656 43554496
478754841 409889418
249998157 249497333
250986353 432333800
25223383 220008264
136489883 71750536
250226504 250003686
211077380 387317871
249993924 250573308
435386507 433107575
466732647 39547024
245964242 46894394
167064466 43285285
44051660 345424347
334418104 333235515
249999114 249837542
465114115 112468531
435073336 295171113
65836913 101430279
250701047 250012409
249998547 250057263
2082928 273615004
17996292 496457514
249997395 250144831
249532552 250007184
220722131 173632570
65756652 170821768
416283372 242156483
249998340 250067542
444616287 174844520
160798863 453695165
343388356 315600859
249998958 250121618
359981089 294573661
250085918 250001168
249993892 250616720
10603695 335027289
101281900 340962513
112799174 76763015
240670933 384366377
347153713 243427800
67412497 174897032
100942843 237946070
250000804 250276866
249994949 249464445
250647527 250008307
249423164 250013168
249467550 250012342
316218331 78229186
354130325 139722016
249999202 250229074
230729236 179197351
250000092 249790166
250496542 250012368
327534227 136282973
295201528 174893527
249994031 250601427
177066571 309678312
88107477 380433755
57279672 416066208
159666854 373291979
111491960 204733845
485362978 236910774
332719320 305028235
249996554 250364704
12467602 106629905
249993780 250596140
333280421 154115556
46847251 174285451
269144846 355396478
249831667 249999961
409086226 240900609
250000763 249811925
81162659 166187208
250340897 250001505
175767264 86439493
249999265 250262641
279566552 109938631
158998936 175215178
489147247 146938392
22587027 275897216
249996286 249478384
250360901 250000357
498140324 445034588
162100450 225543347
249997844 250045558
210963252 26862857
249992928 249335720
249836990 249999666
271928977 326495769
249999984 249900120
249994735 250406507
249292499 250011705
249416636 250012628
466939426 366403708
201889043 356993370
249508658 250010672
32418091 447918630
249279504 250012536
250234418 250003444
319501575 262524368
249999073 250080583
250049913 250001219
102400658 420033385
249995319 249593657
249434216 250011400
249852692 249998170
477806773 348305516
168292434 241821310
249844601 249998633
41810767 137412234
34937077 251248300
249998487 249485595
21572347 79529645
249991759 250721697
250414518 250003846
17278088 282656363
248619220 8165650
480232403 432478904
295628845 72130873
249996721 250348347
420267740 114703731
249994588 250425840
250557509 250012213
197350844 229018558
277708805 385316813
446939574 217181197
408454893 151901535
250526763 250012525
117046282 211877499
250709839 250012919
380351449 90146834
249992979 249316451
336173851 493478104
249998406 250052726
200881003 20894778
249994724 249562818
322672944 70692630
403038714 78480426
250215775 250002345
222269698 148466096
249275261 250012811
275490814 431788324
160644856 165919072
249999625 249828851
148711614 271786979
249995533 249599577
250272440 250002614
288578196 127843794
302170801 146129036
125806514 383958856
96431636 365058218
381549830 316586226
353147708 163186905
273620761 323767863
249572653 250003905
494501477 194535081
250089149 250000733
249996417 250377463
52791015 389662886
379483573 441471759
148297754 97633040
244616877 292231967
185600437 493007346
300214912 298360626
437105265 243702332
249997454 249521876
315998092 194211843
250107916 249998906
60244495 103764064
287645318 350475301
180872989 106987354
250452769 250007129
250373094 250001766
250400728 250002692
250644102 250008042
51066834 126585825
249996521 250492931
250000743 250186219
249999947 249738975
108864492 330920038
203791905 492127414
498060275 78449547
249346277 250008285
180832479 372992985
297963877 363449057
250321602 250000974
332472737 380519541
249998395 249850017
249992544 249305430
249993335 249330803
250000560 249792048
422477012 49663900
431668216 216256604
250595509 250013111
182113654 62442062
249733616 250001580
250251103 250003355
249995913 250380251
250545890 250012050
44905636 46136208
53981253 348151787
249997652 250236844
254755528 480232875
250428807 250006525
250211118 250002606
393318844 437879226
443762683 33521514
250464591 250008869
378881383 47201718
249999909 250193575
250001533 249723767
221750937 330572044
170991807 370768892
305361372 104311853
111598101 478441806
249755607 250002345
249648732 250000358
249996924 249512750
249993435 250640209
249448620 250010774
343363841 249186276
249911345 250000275
121470943 44514365
187265428 461404158
127840996 479011169
172479820 309990560
250295291 250001007
69309164 204647488
249994498 249569814
249999123 249937401
250240051 250002833
378830993 277605657
406166584 160874450
201530792 195677048
249551222 250006320
250001113 249731287
242501256 138856427
250667420 250009088
249998433 250230705
428531262 119625700
249993284 249397910
252247446 315603730
19453211 445772132
249993935 249400385
78090217 72997795
470212214 456344320
499337386 85286782
170058242 240458627
429186413 59763985
132102403 189555384
278959952 462420329
249424088 250013324
250623103 250010541
73350544 53287951
249681984 250000320
249998672 249962576
306104004 467595576
254432811 430313405
232537705 228150278
249994283 249426221
249997122 249645180
249811602 250001086
84328903 250001863
277121462 394962924
250875922 21693260
249994241 250575481
250139818 249998558
249601164 250002370
226337553 43365763
15797898 212544420
105153226 78645414
250000076 250211938
285287873 74592010
24479958 12159504
177399815 480107004
104273265 169316114
44753898 247618390
78915092 40958018
258733249 374056168
296865155 485590118
249679786 249999972
250616684 250010596
249616936 250001274
275560199 383927291
250146801 249998423
249790373 250002235
57518594 331931431
125767831 478745522
249999928 250173864
249294494 250011482
250002329 250001297
42899511 413386498
250083851 250001107
251204465 459871136
303788209 227948182
401003770 422975915
250000741 249891731
55512799 144490994
249896936 249998676
249898054 249999072
455824785 196420243
249999651 249705367
250230950 250003546
112112114 3454212
348512979 390341512
249992613 249376939
329783551 194278099
379466357 410670468
249446288 250011002
128934642 53854659
81891507 226206867
192140600 249585524
249336895 250007865
249961961 250002755
249472413 250011669
28121171 391621749
249526338 250008454
250649211 250008045
250189938 250001100
250508201 250013047
249515159 250009853
249995061 250613195
385989094 245385154
381443638 190166062
194840849 456791836
250000408 249889414
249996514 249656570
205081801 471612070
250265432 250002542
249998319 249952269
228196897 320310478
249997960 249955218
328903705 474494340
14454872 84853351
157534117 488138544
249818034 250001060
249998377 250161053
145441611 485414972
249994874 250467710
26668683 69614243
427169367 353690935
77325551 197206919
414528890 83688019
249998359 249492529
22229982 3291126
249770230 250003682
103585413 223197889
250654255 250007897
249994988 249420250
89673654 23985540
390903902 62706030
249993953 250451359
249628190 250000214
249541816 250006712
248461046 467974696
331352719 497104695
178471642 352301049
250473331 250008915
249993843 250446237
28998894 435921984
249687566 250000574
345492685 254731004
222179578 232675824
249995292 250459454
250474601 250009445
493798217 394557115
492374844 7648828
346437569 413625402
40753144 198611833
362850687 53640772
249995618 249441794
249995591 250384857
249995640 250389694
249282128 250012066
249997158 249764590
249804824 250000422
249320284 250008364
210318487 281960357
250470373 250008707
250550729 250011849
420814627 186657621
452677106 168680314
250199231 250002071
467698490 74193757
480787400 122653903
250047974 250001924
249994804 249587974
344659298 451894701
77702744 35640260
338340640 185395080
249868499 249999015
424785897 337498240
249999222 249905958
249999734 249930028
17803317 497763390
250374444 250001720
330771493 69827626
249991893 249302301
249998557 250042277
162666940 98709185
324434380 495630287
235599375 398777704
250327351 250001785
249994851 249437949
174624017 91743864
106308790 259255428
418018020 283483173
183705280 182796412
249997942 249772812
73839180 105981602
249999124 249674234
249998039 250151151
1882661 140129835
249996795 250517959
249996178 250358308
458310534 214604436
245628795 271142005
249996413 250491107
236065254 445511457
249994874 250613746
483676756 481482494
70088695 203815249
249998375 249871343
86594203 414783338
347541162 256222644
249392757 250012471
164683356 289329165
250000542 249707006
250382870 250002464
49313941 264058109
103612233 180603276
249994195 250609563
250116504 249999626
420973382 269049467
384060423 210581119
249994268 250431742
376102620 485620664
14849998 391956550
249975714 250001498
373285807 298133973
249862972 249998326
350789912 91501072
6792773 9358397
162525688 140036634
64339531 363287562
344535694 322237434
250258201 250003705
43948146 422965870
249334231 250007907
249997555 250047503
384643286 137166133
249992684 250681508
250645569 250008147
249920395 250001905
299220851 414456401
262102194 116698731
250267489 250001689
458696531 358109992
158753900 120614370
249995598 249548434
250000139 249699393
249954148 250001862
250096703 250000091
249999281 250216027
5292107 495724741
249995538 250555600
52961945 47408540
202165755 414595259
296353770 477571469
23751651 404833900
249497822 250011852
464360183 470885315
250322685 250001781
176594727 200624857
249993937 249402787
249958061 250001781
250001393 249894219
249394218 250013090
250358615 250000251
250002088 249719262
295738294 125369647
249998780 249668114
186352381 244646124
118279346 211783631
1820208 211271221
250000728 249823030
250151521 249999405
250200311 250002151
289850427 95827197
219290146 100536070
44569288 217401165
259062168 122321065
26288528 186723178
134950449 344412182
249383153 250011167
249646715 250000037
42466483 91733921
99705343 472569962
249998887 250319073
250275468 250003050
391700991 489088124
250000810 249815770
249750751 250002359
185977105 282412966
186796597 347681814
135464310 176701527
249939790 250001224
249914919 250000485
249998196 250157798
249994924 249462576
16788055 257709839
430098474 498585386
249999388 249994242
418313192 473429918
250131433 249999019
223287074 442667577
250000081 250290223
432520194 473631100
249800496 250001320
250492240 250011918
249999250 249677156
249994439 250443033
250525481 250012589
318029577 233408654
286465520 423325214
16644185 285275681
249992897 250647001
10023879 266698568
263891822 117439899
249999131 249912489
249996502 250354764
191015293 409356543
259167171 271197087
189633377 247229384
410923560 359115794
304699160 83458129
345322480 307478936
249286882 250011092
250622019 250010295
204270175 495875673
250518139 250012309
319367950 175296115
176379918 72752086
2648143 258429502
249994901 249447411
249997425 249526599
249998991 250222819
268554606 369092685
249995336 249444872
256594771 150729451
250553236 250011898
348114975 167102677
249723560 250001740
249998596 249969560
249861533 249998123
72407046 21111237
249999820 250099854
476527717 117339338
216266025 65778723
206736066 473865458
250561989 250013129
4577902 194982284
361657009 174769931
249921987 250001817
179081709 241549990
53197348 270548317
249453615 250011963
216935125 2337214
250481539 250010713
389176924 263230546
249993903 250447745
249994290 249451326
218712743 157777224
481560951 299530639
19612035 477900554
250046074 250001662
87320950 283723317
249998503 250036471
301522705 156329112
69247008 477817311
357728688 127290109
271157388 23753153
221601025 464161433
249994062 250444978
281358780 430898954
459695550 192794407
249726869 250002931
206142813 287488714
249998797 249670231
250186391 250001147
161290861 317236835
249999265 249934195
250544335 250011383
134830335 30108697
250303272 250000632
250166253 249999991
250592408 250013624
355231301 228798345
250136484 249998992
249999344 249948112
249997701 249507087
249998497 249846381
249996936 250524312
461066886 231643211
34152993 325192792
249997984 250132468
397785320 375744941
56081738 183643586
354396992 363125386
251591119 487488222
250183902 250001082
250001567 249729783
249994611 249434087
249992325 249340329
249999599 250296565
249624951 250000915
250110219 249999225
249994862 250411320
249369618 250010366
250576275 250013645
283971020 239081552
250260535 250002913
250012939 250002013
153764412 461948782
32162677 493243430
443442588 462316016
249994853 250559567
30399870 361125173
468648676 152988126
249994056 250604002
249377351 250010541
221010101 360581580
366467303 288548158
21689433 48905111
249527788 250008018
431294415 274781809
249998093 249770689
112568645 258593777
250334312 250001294
131517147 420447777
249997873 249663499
100948095 202716756
250154112 249999144
249993469 250645189
249999618 250070816
492666907 347468457
218932620 352080582
249495496 250011514
479012557 247875358
250000878 249799340
367938345 58082463
392154074 193627335
250042901 250002157
332421473 442377328
152111922 91418303
250207347 250001729
249865672 249998812
285259888 349989478
250000711 250288643
18842812 103344484
249505990 250010938
423370985 490957885
250001029 249802869
66005021 159876837
310095245 2169732
249982802 250001272
250001173 250284667
100391069 326709197
381234422 455515912
393911404 256239137
249998118 250331018
208699444 233920150
355230119 399653094
250196498 250001308
378598765 329219291
192639371 496742157
249981059 250000903
250520076 250012372
302009912 347140598
456704318 393409478
250244937 250002865
108985009 321201083
332310266 176233482
249850488 249997924
33135036 2428151
363785844 155992320
250120038 250000538
249999458 249751710
322173118 447823755
249441850 250011174
249999558 250109886
249970001 250002195
249999284 249753192
60673850 110918888
312655219 360961204
109806608 405015664
249998112 250537368
249608094 250002148
249997903 249758501
302576259 51399192
274710273 229883857
250371767 250002113
249999781 250081805
250384777 250002845
250487102 250011524
43055554 464245497
249991854 250692210
249992656 249324940
317614558 219788838
249996776 250483696
328300386 397101128
249598278 250002412
487484488 18892894
250121733 249999361
234567788 444410073
250033746 250003646
250584537 250013521
104095156 191659166
250536524 250012928
376841505 152588517
249419682 250013118
249999317 249682987
375241303 290398749
94698631 258327443
249991567 250729117
417191761 346420182
249999696 250085262
114362157 438567299
249859667 249998239
249998636 249908702
249997862 250532586
249995201 249412803
249994747 249455867
67862100 263560689
226054023 453108755
249993266 250634014
249999447 249924357
250000688 249820884
249991183 250669719
249484501 250012863
208603944 426339696
382937563 216225068
95800920 340913550
213438773 172631191
249999592 249782920
165676856 330838028
369890487 311925771
249994264 250412594
250672831 250009723
249310552 250008840
497588257 469424147
476574340 136932677
250523261 250012219
249994341 250418537
482520309 428665238
249998449 249866035
250269801 250001845
249366608 250010038
246268830 383884298
249993897 249379893
180428760 35894200
250069416 250001018
296573758 85423706
249996954 250242418
127394795 350881613
249994841 249453503
414352290 52437173
249996001 250361437
249993285 250641333
114330569 52613395
249916347 250001007
249521187 250008107
249998012 250133366
249998966 250008406
249996857 249640257
431811929 407034909
245749954 262270891
249994627 250578393
250292389 250000687
249999970 249989044
428320302 331402572
250001027 249803867
457049951 240253229
249585426 250001884
47904409 101757475
249415444 250013254
249999545 249835331
269254517 365363914
249476743 250011467
250311241 250001047
10053797 416416655
399931912 252531285
173209492 175640717
249763739 250002931
366694533 193239913
250690172 250011632
249999799 249984275
306065806 113119286
250326618 250001728
240228219 138518157
384259848 101645889
249995832 249556502
250020012 250001722
227031049 3987910
22051843 18293357
250583909 250013495
22938860 278948829
249772057 250004329
249997977 250529815
265212752 165155228
381180057 100366297
362944362 404049833
249995079 250459975
243984204 259750272
309225594 466068610
312168248 265688151
157818756 3187737
249995932 250381298
240581893 196685076
249353831 250007935
250038465 250002369
250363933 250000671
249997585 249760367
249992190 249303552
318453307 427292254
250512208 250013818
191580911 139175138
249782790 250002332
155817543 100745566
249729233 250002117
249883924 249999252
249691608 249999748
69745220 376152121
249626755 250000659
264411569 33938878
250000246 250205066
442927134 129266404
249999432 250301066
353157602 140709246
249994776 250421794
249993036 250683472
187942422 48101191
35624910 117645877
127126771 256165681
315925444 418082786
249995631 249605059
249993497 250000793
250366593 250000959
249998944 250300218
250000334 250179784
428809010 57243153
250567206 250013382
227030694 322865708
406619061 108103848
250549110 250011704
250603176 250012026
249997975 250033453
333358390 491042705
249653902 250001448
249350822 250008584
249992016 250730742
250671495 250008963
249999970 250293106
270693848 273316013
103610363 57422166
148533501 325614378
249344324 250007876
249994913 249577097
250417715 250004767
12362107 257314248
309340590 354499097
249547238 250006674
249670482 250001396
249493639 250011149
111803722 99385608
249999612 249880112
267271398 449579576
363395403 417373720
15244788 139043234
249999364 249784144
395998559 213770640
249996841 250375037
395682053 358472899
250497872 250011744
249695797 250000015
444651398 64712337
249999166 250024950
345998113 406242081
249965557 250002599
175227499 450078680
249996327 249531171
250702465 250012873
443636984 445655185
128871422 375915142
337568971 43174906
249999569 249685991
114368564 332259918
250174843 250000845
250040975 250002427
249994733 250566081
250338017 250001869
249992966 249369192
46069364 120751384
81815468 64218648
1878388 135686838
249999297 250097497
174050593 258513345
497806564 470581845
249997877 249499487
199497267 470506518
250591062 250012696
250514195 250013371
250000565 250184419
206903596 498495929
446370422 240841783
177076141 383231208
249993931 249565383
63457145 478360767
306901443 242222345
