3000
193797516 260436794
190974448 263259862
222394723 255618095
219966427 161429093
417762215 292545524
115523087 410915678
262729599 357585932
475940780 463152669
194539485 225903831
117626558 262313340
153118755 265297889
419928484 5191422
195440288 206621684
188911493 200092889
146830877 271585767
13320669 23844302
381678606 169019682
364140338 339764038
59630411 314591292
200846920 271546512
191128255 263106055
222785828 362262599
148801005 269615639
238500892 248645088
194700069 265399661
148690627 269726017
340430292 446809749
160229653 258186991
154248637 443919345
223657031 168599326
154592664 263823980
199057559 230421905
156042947 262373697
275635074 20706037
6866395 493486435
336764306 67865125
274547023 118089469
80440870 414390838
221409435 256603383
423231699 62851759
197423601 228787947
418832559 288653287
45276815 393014446
424241410 156913529
149824690 165902870
71981830 398109374
109229403 146338382
143656183 13383867
142519158 298376483
237959576 249186404
73971130 301437170
306464572 491402727
154169539 264247105
52691690 421436281
148119804 286607841
282838725 468022825
344293710 190998133
285973412 73551873
345395319 272410771
232976967 495453324
47960688 458263513
187734668 198916064
121424717 258515181
188494005 199675401
205504533 276204125
201428108 232792454
6985873 71946164
186905795 318901401
184718941 195900337
54016805 108977792
162763362 255653282
264821002 88150412
375159108 82388227
235491654 181932182
162388927 256027717
122990412 256949486
330637272 20267226
155287062 263129582
451052271 188693587
237295388 249850592
186677014 197858410
21140393 277300680
133457529 343330247
195287821 206469217
228720237 32317337
319521152 372557101
87041861 456719662
196517205 267216797
162099805 256316839
220604409 257408409
331277010 433061261
120938790 259001108
389900156 17123472
88629185 340193537
205663383 276362975
194810848 290266264
178266261 193704518
297718413 492982275
200077393 231441739
23903594 257054926
205193884 275893476
203167221 273866813
188366305 199547701
296681029 492186155
119612447 260327451
193579033 322226407
439226296 389189204
102539646 63518607
162524524 255892120
304182157 158447940
238729191 248416789
17247428 128328047
194642940 127363808
194576256 225940602
367734201 268579227
454061832 152449136
222211272 255801546
379695241 73521144
57630682 368185838
303201006 317487494
378639139 173757808
251804853 296626338
195506381 226870727
331042609 400939733
121686512 258253386
328789598 146312006
126873911 253065987
194399829 289855245
244576422 30312801
153892969 264523675
344677538 39024800
357092605 421422859
230889368 485544973
183690791 64456221
140716623 238924308
183305904 363257730
265760328 197549904
303861035 106819636
205379361 276078953
198052191 229416537
206982873 277682465
208317961 210803688
199069883 230434229
188151826 320147432
193868555 264568147
160632707 257783937
271555806 412298525
192069169 203250565
149782419 268634225
184719403 316715009
280182925 297531537
370002962 148011204
207169438 277869030
150060091 268356553
234253561 252892419
188379910 219744256
351113753 124191854
151206954 267209690
101464825 252864223
487696278 83776620
216093602 261919216
11506839 312219182
45661314 194435799
158541271 446937858
234005877 253140103
258886587 197047242
397819470 54586853
218669982 259342836
121398473 258541425
295284883 385319556
199919468 231283814
118923730 261016168
178144086 187571850
230676903 256469077
185748115 317743721
189536215 220900561
218456195 424677947
444729695 286987949
147528508 270888136
127268753 252671145
126987501 252952397
290864811 360187594
194551838 265251430
205457463 276157055
402471093 44033019
257441590 417117493
189823577 221187923
99012678 104498697
266168290 325181354
376423501 191767636
120962699 258977199
235214322 251931658
77629178 316019151
151387481 204572892
194418990 265118582
189819964 264414346
319920802 172475567
296917511 317501584
292712969 300986745
214025255 409919573
337747375 233517053
186430404 318426010
286568148 106701680
122321896 257618002
148435917 84937875
464694956 244290962
167376123 84441363
307717033 228354235
127362390 252577508
128332342 23754656
495835816 123377606
496221581 98036439
108476130 149133510
419584969 252580789
154085344 264331300
445119646 394694346
456470827 497700346
158170178 413114700
188407107 219771453
116962565 262977333
80326796 381016678
449164910 494147638
201974639 233338985
96232638 81675868
162646664 294986757
384605688 185992273
196196944 266896536
157005096 210742924
38659030 414001827
233347825 253798155
414096521 496141147
193501192 204682588
192951087 261283223
13006607 280337055
190618396 263615914
198907370 269606962
47890330 72231150
432111760 218566877
235657440 251488540
216764498 261248320
14359887 18878541
190781063 201962459
232403585 390267699
156755886 261660758
159949259 258467385
297696940 121449781
132826082 146816287
126195705 253744193
463669220 195161932
87345083 96801365
122402374 257537524
402718256 274198254
170406512 176940304
140509819 324446368
180018622 422731105
235331997 251813983
387521991 115246368
83979355 142954417
308096515 335233488
438716021 147268595
28882456 446419242
386437986 389738271
332663847 324222006
104903462 473793130
417775020 466421978
260293909 126763485
187704759 319700365
127487685 81538253
205188678 34579374
219906472 258106346
128963212 250976686
221362702 256650116
144560150 273856494
111198224 374338694
195708909 291164325
428203879 71105021
426252023 498534358
84048288 206442774
210185763 280885355
257994992 36729615
142710972 275705672
237605086 34696429
120101340 259838558
308984672 346627596
152825053 265591591
125343551 254596347
413568368 215420916
158125817 142174431
146254430 248858215
193875430 205056826
155091320 263325324
130477587 249462311
190095861 264138449
151629713 266786931
121129933 258809965
216313856 261698962
155312301 263104343
355768494 147026253
190065327 264168983
224592577 253420241
16297121 424689763
218931610 55469775
203083995 273783587
149387095 327582360
119376148 260563750
26723692 343180167
213160601 232954734
153954550 264462094
195490289 290945705
486176892 101912845
405383423 302956227
185578650 194048466
188025015 320020621
151423643 266993001
48756816 81515378
130412377 249527521
188672893 199854289
194911846 265611438
395478552 192668823
193825905 289281321
73843553 281686437
304779623 237720300
66551665 430875872
200350041 271049633
249346919 104466425
125373779 254566119
124929596 255010302
353617480 49834124
50152771 26117911
261970108 42511704
186568599 197749995
142997231 245301924
197772843 63874600
42280869 89231490
303148500 465306380
191266256 262968054
165534122 213137741
438065352 431919927
373991279 84150845
192052397 262181913
215531056 31348101
49773769 187251864
232248481 254897499
202254851 233619197
237996617 249149363
411757751 359602241
14544723 52815422
98682660 16634137
193681590 204862986
85628879 254489570
201871099 118634877
233694263 253451717
253292154 295303173
221025034 256987784
195447980 206629376
193812003 204993399
185654467 217018813
378546759 114179181
187548238 319543844
236594041 250551939
173143059 252193013
235329630 251816350
196090594 227454940
232957228 254188752
381700409 333756921
234236009 252909971
336402123 233855770
187305546 319301152
485028338 3484112
190697050 201878446
243341389 326398401
97988280 460313089
93130855 460107119
200055600 231419946
149004155 269412489
243550848 187315778
188991182 220355528
185975694 197157090
306208858 422072200
30719875 468154587
416942416 388499363
417400571 283064382
246023367 451067870
206346162 60827552
185146627 317142233
155918219 262498425
120236823 259703075
411321761 488967686
345754397 400022541
210775195 446513173
202577168 233941514
193432400 429463306
188055147 199236543
116324276 263615622
189506567 220870913
280817388 472840144
219657941 258354877
190434891 263799419
287098992 258194970
318149649 101393817
196077875 227442221
403881301 362260335
142826573 275590071
114716240 209222800
399109957 124304994
187756885 319752491
185108311 38014784
186069658 318065264
124431371 255508527
300733276 58992320
182686987 193868383
74158405 476757086
230258961 256887019
238098577 249047403
357366718 490571901
266909807 155334714
86563780 221370446
209572801 366991349
186436756 318432362
36871284 417131108
220554334 469715569
188998108 220362454
192858172 261376138
200390497 231754843
184379251 195560647
231382845 255763135
4350387 107026874
491886346 138247999
130043207 249896691
163101063 255315581
127938527 252001371
475486783 16898333
126643149 253296749
190153304 484578890
344502796 161261820
292680598 31408645
126979532 400852268
65645492 245099273
474031601 158902233
119567513 260372385
206738071 277437663
117036884 262903014
196528134 227892480
122668624 366670459
400334116 97933053
191041702 222406048
194384022 205565418
261971951 246585391
129211613 317136413
127015214 252924684
488154349 80734946
211952098 245612015
47477181 319258751
192211216 258184356
160775421 257641223
102405373 88847856
161536172 256880472
264165798 350660743
292307653 462908588
173537286 282890262
186328473 197509869
195206242 290661658
128413758 251526140
190027583 201208979
224367248 253645570
26209679 236540493
259445853 123287104
87942649 66227988
203076683 273776275
190661642 148935563
244456345 37685190
191510191 222874537
183196527 194377923
221648719 256364099
362898504 476039726
89064069 277153374
120155355 259784543
85457417 106824825
157403567 261013077
109446734 160868433
218449435 259563383
318575214 127191858
192787219 224151565
200177305 231541651
117974630 458617115
118959073 260980825
201582056 272281648
112613118 207224385
321923543 123977751
421545285 83455930
37583574 492164317
28219446 273983480
438393588 300346127
121168092 258771806
379762096 265703884
200788266 232152612
396932459 134382850
197757052 229121398
183307834 194489230
143554039 274862605
2061116 47302290
224527395 253485423
203587816 274287408
345352959 242948427
234990475 252155505
122359802 250850868
108708392 394950626
194044212 375984952
313219275 457342991
455723596 351029755
190122483 264111827
192611491 223975837
148343611 270073033
197316722 225047166
121108859 258831039
89351494 442444071
362132789 92232464
189998137 321993743
203448575 234812921
159720915 258695729
144458409 273958235
192663804 261570506
7033038 234273288
469606179 419821641
360518256 220640689
358115905 265397310
71319041 207073864
477100203 464863131
125690087 254249811
187166859 198348255
156244657 262171987
176333668 156948236
1291113 297018775
13607660 97403367
185402158 196583554
187781709 319777315
69995243 206804289
219680580 258332238
199620043 230984389
32895974 452569217
417895176 102717700
203396060 347480954
320062142 74026751
129305921 84771355
184446163 316441769
196492163 267191755
249530602 17446738
67664076 4198781
187887373 319882979
149826037 268590607
486256585 90061311
307949857 489852418
370531895 94235829
237829772 249316208
192924411 204105807
121990042 257949856
186560143 197741539
143802292 252944064
195470736 266170328
202923310 234287656
16831790 21196166
227563131 330187212
219524328 258488490
234901855 278633781
300722397 57737738
421990940 353382413
237416689 249729291
314982214 3580073
10837148 357810565
192977383 261256927
45129667 130547195
128370260 251569638
187389440 198570836
374339783 440452477
495699355 431133343
148931037 357639907
461288008 467006757
295745118 492568609
352019616 54539851
203774845 274474437
192860901 224225247
201492339 174097550
462304540 480906230
216936190 220866049
147878827 270537817
216972643 261040175
193688514 101968867
90943967 175427834
21079464 208293245
261475167 182313327
187717347 219081693
204988990 275688582
472044948 141755277
190512994 263721316
438971747 263970707
130571818 249368080
51522916 404183505
220547883 257464935
129241012 250698886
150529888 267886756
230386971 256759009
389662328 277084598
201451308 272150900
222506556 104326256
434780753 478306821
472974060 1353623
281242992 232358555
399454713 247295864
201659255 272358847
254037783 218994775
77328225 326305941
129520869 250419029
193233031 261001279
196451056 227815402
201064227 232428573
371187815 472518245
159597328 258819316
420925580 157618323
203321771 274021363
488594012 70611957
190665095 201846491
297538308 369832000
71296094 158121206
281407749 388979277
467039390 493769881
386405730 327718191
223398246 495067076
69508521 162649438
217995149 260017669
191932501 262301809
197422345 228786691
186410518 217774864
231757601 255388379
209330381 280029973
412685589 158901026
220197726 257815092
192294548 261939762
193981846 225346192
253466184 408228066
192258699 203440095
406842961 436244921
448192275 334980194
497754758 55664512
189857640 264376670
225026122 158884770
129331537 250608361
250048734 213880439
156913882 261502762
426770326 240492216
155713068 262703576
268957289 155221690
260429644 399245058
476776911 151375362
327239176 118041695
124792637 169716551
479448753 58894942
233846611 253299369
184485956 316481562
352086470 396861617
369114070 3224835
369496835 370270753
216691244 261321574
207260581 165544454
322764379 75633896
163742653 55705178
47808210 180954454
160660299 257756345
125143111 254796787
123146722 256793176
184869462 316865068
191667721 202849117
484509313 379309770
63612488 145857689
185619615 317615221
191308826 222673172
148124564 483755209
129204403 250735495
232255979 273229965
203037269 234401615
216784217 261228601
359814480 1961545
236623483 250522497
190026046 322021652
325703442 110671540
186440874 217805220
202441495 273141087
486090833 8383969
337562862 15661021
190212056 434104064
187111300 319106906
116878656 263061242
201396938 272096530
216350928 261661890
189186087 200367483
195047360 240965526
237982292 249163688
195133905 265833497
187410825 218775171
236391043 250754937
163004128 255412516
196730320 228094666
201396099 232760445
160849773 93743295
220605643 257407175
317322421 339288280
448314449 36589533
193922135 289377551
205730459 433018829
192185882 203367278
128565898 431049361
203130195 273829787
409830729 259240129
183032113 194213509
6479527 184938710
187071938 319067544
148577053 269839591
27466386 47336180
206935182 277634774
118576523 261363375
101632859 345998940
5775017 488241378
218619924 259392894
22244867 371782871
54605014 2261948
195442235 206623631
403227814 185543948
127107021 252832877
152866660 457126623
152885260 265531384
122032546 408055443
324246104 84996390
139408212 279830732
123333589 256606309
117913495 262026403
400017672 487518108
29103083 167689885
241986087 269638495
364781335 133528129
126366059 253573839
207788638 278488230
245968174 270071708
209372054 280071646
216669315 450603368
160814320 257602324
120024571 259915327
200529344 271228936
239391957 368907919
194253428 264953020
159971883 470067616
457887843 256397102
8469135 127155984
224160712 250447893
209862306 280561898
75615960 138010911
202740098 273439690
431020019 65099068
324171990 363494987
202055549 249373326
200489013 231853359
190876100 202057496
202517329 273216921
145137221 273279423
152222553 266194091
189211013 220575359
414674953 116477197
164891993 23769732
155342243 263074401
86432141 215548690
333418410 42146482
152662142 265754502
234884523 252261457
196858206 228222552
300763458 59691844
235581244 251564736
243210836 125225960
183708559 194889955
90464727 419258991
184499664 195681060
135419450 7157485
142894002 275522642
199862142 231226488
388788574 491529409
135860885 253281606
306706834 301789890
381866752 86716862
134156832 161961053
116131345 249095536
196482998 267182590
200678031 271377623
144993882 273422762
47290656 370809379
206454034 277153626
455827781 249337458
200635377 271334969
196009790 227374136
186676391 318671997
425094819 231625274
472945083 64735683
294786924 318593031
409718730 466889052
116206976 263732922
223885888 289791155
152443518 265973126
185781363 317776969
191356050 202537446
65739886 273097437
198828248 178636603
117980239 261959659
194509280 205690676
217293968 221197667
200796382 232160728
191535586 262698724
218983681 259029137
201587244 232951590
46748733 409372099
125347906 254591992
456670262 337716738
157237258 261179386
523262 320852747
254862940 152170064
303448163 18834013
196568286 227932632
451435325 488539103
127190925 252748973
192326884 261907426
118360114 261579784
91730641 340973774
350961767 326098664
162277648 256138996
189554812 321550418
195923369 252247323
10243386 438362920
216015165 261997653
248985331 411109600
90884192 371217170
19847270 294514007
252668796 382495882
12213071 399952811
196637288 122037426
162803453 255613191
210740660 281440252
483845625 158837020
196566802 227931148
223986957 254025861
200930808 271630400
187507222 319502828
192880431 224244777
120015635 259924263
111211654 269267795
371190548 41811566
211321761 282021353
71855709 132724568
187738335 56052393
462802574 233754418
200175335 270874927
454906644 442650682
218344656 259668162
227639078 392620334
235331204 251814776
356043461 106756988
236593528 250552452
199329357 270028949
156161350 262255294
451716446 256011108
187600470 319596076
133263656 369372687
152491276 265925368
222955009 6943330
143600868 274815776
207340479 278040071
406043598 251905859
156981075 261435569
342558067 122926429
182942214 474409213
359235175 214550619
199390709 270090301
198487043 269186635
197073110 228437456
155279326 263137318
209049769 210789512
252608336 238265986
196461612 227825958
22136505 491946604
146211809 272204835
102060777 129129254
187371431 319367037
495408420 77703630
186298086 217662432
174313001 259109342
126252828 253687070
201101283 271800875
130217532 249722366
46405489 322725966
183692350 194873746
209089292 279788884
195095881 206277277
106964112 23822191
50082417 455425409
190945336 263288974
399593524 311986657
412623559 380174776
121125804 258814094
158926664 259489980
373045361 314779456
297248883 3774335
154325271 264091373
130416285 249523613
154930258 263486386
78845449 229977418
159894134 23898364
158257034 260159610
188023503 199204899
61508604 192719047
13477426 397711814
183776545 194957941
418037925 404777110
233348900 247556152
123609621 35835641
85823560 191095881
141021299 446236181
302053912 341642530
141982745 276433899
398565403 386884926
75991597 72829646
187522483 218886829
29641797 326340482
157251357 261165287
203139286 273838878
101757254 369898076
231819062 255326918
189383199 200564595
130530630 350102031
182827159 194008555
437407669 318055764
110586192 19081699
193053589 204234985
78856379 331377050
237186952 249959028
133746081 441477003
123938007 136551124
392943261 438078933
207306893 278006485
83971741 446497961
346812553 455312593
189722260 264512050
117917222 124137973
395862957 5728021
380772401 381437110
218415669 259597149
60844751 351979836
236492720 250653260
118642062 261297836
118430141 182590048
41842264 416015267
233340410 253805570
307049104 134745469
203535200 27654058
231591874 255554106
282410834 328171637
342314069 311940846
154598435 263818209
161979654 256436990
195985626 227349972
288572171 462113775
260252937 371624701
135136275 300197795
444495105 281614280
465297193 333348032
186800865 218165211
199331079 230695425
145551209 272865435
73898564 358752060
113050208 230551068
232371160 254774820
412214304 444860476
411747541 127026569
477841800 157218713
187368001 218732347
453549586 53189724
496815498 171118711
221356295 256656523
176573114 390266723
4708970 389856
157175753 261240891
191628793 262605517
60908039 415442990
290987401 359439837
479603847 107258534
152386689 266029955
116479647 360064687
214362446 484601233
146587194 191743143
216406644 261606174
43272421 481896542
186391594 318387200
116738642 132351129
195738467 206919863
155017069 263399575
223564615 254448203
223278498 254734320
162623798 255792846
222728095 255284723
220859264 257153554
196764256 228128602
241380054 397229468
154663631 263753013
69300223 220894743
402503989 358262717
293153911 5617536
130178450 249761448
265053064 482554507
117312842 262627056
323192983 29077325
208312868 279012460
84941987 221209967
213719287 78622424
193831491 205012887
196742371 228106717
236902531 250243449
115762427 150672616
425050838 378286521
200053547 347390978
276349926 359724668
190774319 222138665
232185188 254960792
155125146 263291498
154771219 263645425
203590549 234954895
402038417 58134850
368666748 8172786
45311554 394548789
195036582 206217978
214975154 398588487
379090796 345907453
487106560 37916029
485314486 354433140
222342473 255670345
123405923 256533975
184590366 405873281
121314873 258625025
371043410 298032677
190503218 163395702
195700648 206882044
200085545 231449891
198982307 230346653
369762765 147492065
36149006 475417907
112205501 57665857
205171063 275870655
166650792 454843057
192129154 223493500
48116263 404843709
234067106 253078874
193599629 204781025
194211858 264911450
123801157 256138741
445069332 325109339
453026127 438339892
342330586 310717243
317511700 137416856
471668252 310410739
77349069 395390216
45910818 361164336
87104857 480506356
44008421 141150094
198550820 229915166
64701029 332899965
307474082 214558084
143897246 480501358
386404762 267194249
220163384 23202924
197529881 268229473
216432559 261580259
126204909 341605191
296765985 272705641
32236242 132189940
266112459 364157465
87119947 379655743
404797436 301393121
148999886 269416758
223220339 254792479
184465586 195646982
96402173 339040777
166640623 316714076
452794288 225324860
231915688 255230292
189453564 264780746
22054765 443871069
194903641 265603233
187012713 158569004
232033777 399601368
490316446 187897743
153846384 264570260
394114407 274273796
61232871 161357042
217051986 260960832
259462205 261809889
160853221 257563423
360595972 39001360
113561513 97823238
99700162 244879766
176537810 84079613
408670069 69911641
206779239 277478831
204240681 274940273
207007481 277707073
158968512 259448132
160495412 257921232
440712444 87033529
76305270 109020840
162711425 255705219
353742141 472074661
254232943 326290454
22400060 460389775
187313626 218677972
36960474 469850781
212495942 84045141
457139830 183206084
200794461 271494053
203209353 234573699
187707214 219071560
475847861 183106101
193317216 260917094
197744528 229108874
142329222 276087422
377393611 231304617
376314870 447787478
207494303 278193895
57309234 32382930
202164315 174658073
199122905 269822497
99414598 395601363
232628987 54742796
216265021 434132821
118308123 348064492
8583919 66329336
161842778 256573866
204855960 156003844
193771532 289226948
154350665 264065979
479874474 467775894
122802080 457023689
144749426 152520202
191664455 202845851
201047955 271747547
282998210 50412136
194086798 289542214
187916933 199098329
53207468 236963093
129882015 295400738
93156061 186510899
124971888 254968010
427062124 330281362
185732185 317727791
184074571 195255967
202699981 234064327
117148688 262791210
233338476 289468293
118136698 261803200
147833386 270583258
493249784 306157859
257732807 239435728
336134617 351487747
196337462 227701808
339255933 351025895
226120425 410397999
275813467 238686308
147187308 271229336
180490058 76879049
203403434 274103026
194681677 265381269
97600038 364337286
186512323 197693719
154147332 264269312
159929811 108613219
73135959 301023918
276705497 362316334
196414985 267114577
193771892 225136238
157928071 71895636
151848490 266568154
155554156 262862488
185221431 196402827
151001826 190588825
477410160 134950379
156502212 261914432
303505240 99213481
208422374 279121966
189546381 264687929
205559656 276259248
299855738 174516913
404464769 161514028
135719552 414603509
207795521 278495113
441186827 252591646
70457603 90401085
195740744 227105090
149365394 269051250
231636030 255509950
226767779 17410000
486452803 315812932
207288907 180098489
148834261 462600521
499321419 367515483
363032924 294105710
88303944 413766024
156542588 261874056
135410232 171104436
1323493 33464418
206179753 276879345
231903782 255242198
254261214 198271684
200211541 231575887
393919103 303961057
300662210 92274755
193778567 215352468
194701640 290157056
119253097 260686801
310943060 261052976
210353702 281053294
212071545 485621048
237616634 249529346
116828923 481132229
230715503 202478881
28714540 371939109
122103610 257836288
193507519 224871865
161600458 109211044
203603410 234967756
200180373 231544719
134705088 377518266
233519967 253626013
117206307 262733591
462409957 389079152
194016615 264716207
191536574 244241208
200452378 231816724
107484371 105741136
293892647 68526598
126928813 414017920
130114636 146632756
316745681 482202031
462441627 297305853
410247975 384114254
142674810 275741834
121739605 258200293
161802636 256614008
220037856 257974962
409037638 167796208
238650114 422823997
286167717 72676565
219897875 258114943
198245342 229609688
239614620 104282303
196829404 228193750
188149337 199330733
144209416 274207228
201005027 232369373
493944716 135434782
202392463 233756809
136817073 145136150
152140056 266276588
25087779 473873599
319486251 314943092
197336149 268035741
438847886 356367334
156479243 261937401
159730560 258686084
341221067 170833282
193468246 204649642
269219830 319402962
197573533 268273125
349789602 244342343
205032876 275732468
220407623 189252121
80899763 1903786
463488684 151839521
229860104 79894324
116583527 113455345
342503873 388344720
372738932 242314934
424959548 233991922
240448769 98883435
421833245 368609615
23807315 383374755
194987990 265687582
320252526 176280037
119096004 260843894
123620068 256007048
469373276 107091916
216054951 261957867
194182638 289638054
93975372 293169655
201889710 272589302
122111693 454565064
127158916 252780982
219563199 258449619
465294079 10539818
209171767 123403597
359955309 388343853
75990396 242510490
185512148 216876494
191294430 202475826
201370438 232734784
152536761 265879883
295126180 423974059
486176957 460946942
290868424 34695369
125196741 254743157
160468368 108835010
200189784 233458092
233978982 264155984
144034412 137459193
334253246 499559005
465771182 327942939
116582953 263356945
146064372 272352272
103296279 293381926
195794985 227159331
312225318 351776319
32345077 194558457
379995870 74726664
352176549 178344300
194383551 265083143
428011380 393114108
117135371 457099770
489648769 338608584
223242529 254770289
146270924 282850647
57828884 5121917
143013691 275402953
215982789 222935302
192563311 223927657
197334556 268034148
160161815 445666466
195660842 227025188
199622585 270322177
111284762 424431095
223880546 406605202
195918398 291373814
355283022 90183389
208294641 278994233
240231879 453047423
56652700 331491242
145609402 272807242
191441047 262793263
485280067 215956024
145092569 273324075
193246671 224611017
190351754 221716100
162537586 255879058
119694025 81204471
151458864 266957780
191954386 262279924
232514426 254631554
434293183 192469653
408774478 498179788
193181641 261052669
162138305 256278339
31962172 292222087
195686826 206868222
201429287 272128879
185545834 216910180
233087687 254058293
399224558 370989644
158026097 260390547
487620321 334276694
249978318 79554277
302291093 244537629
188133262 219497608
359605712 129671116
218312551 165563737
201852647 296529713
113899721 23203823
188709680 199891076
77889380 236717581
200289985 156545873
187718061 198899457
187805914 319801520
148227448 428831713
335983599 65440750
196137433 291592849
250953967 136179780
185900142 197081538
158954959 259461685
188469275 320464881
479315887 152035355
207395440 278095032
156780297 261636347
149939517 239779584
186240728 217605074
205636912 276336504
429581140 123383183
24540388 339771275
200073595 231437941
337326086 47502253
128055877 251884021
17961356 294620599
194656948 205838344
223602819 254409999
466125025 120592190
142333555 276083089
269686060 127353337
235769119 251376861
162853323 255563321
199894826 270594418
154097381 264319263
260151265 414902947
467035500 14357865
401629270 111102679
85456563 455615419
392805252 115731233
209296059 341842789
80979189 316645679
147529774 270886870
147992370 270424274
188758699 320754305
218572458 114175608
189257449 264976861
211388014 100563468
417221425 304235129
455770023 349278456
224376258 53533304
129186592 250753306
191536968 222901314
227973735 138416589
37749145 30733225
364940498 25411073
191706244 202887640
162485505 255931139
190007069 322002675
96331723 434700060
31732206 348538797
188221702 320217308
190095458 221459804
308361231 288039577
134127184 52673019
237790870 249355110
398302490 282684161
486657458 169525860
30408355 412166708
345120198 153034085
152066926 212889418
120041437 259898461
345723460 497691760
126395860 253544038
419041684 149332976
237941678 249204302
199329629 270029221
160006930 258409714
473804196 43006895
97204256 7802293
203096310 273795902
196731375 228095721
195087137 265786729
187819142 199000538
187487956 198669352
151297407 336921101
43520561 419834789
141907838 276508806
245416264 484536602
199036349 269735941
130655537 278344543
304073486 363590527
495183811 435562759
254732592 246376963
143169081 275247563
260325848 440359432
200321489 271021081
200613020 231977366
124092007 174476403
191056536 202237932
193144769 204326165
169443879 200857449
196014101 227378447
116875705 263064193
6817678 236056381
236896816 250249164
219520544 258492274
128780852 102532540
220951730 257061088
383405427 238950381
121403505 258536393
7835377 364576683
21767565 415271122
181065319 275701402
449695347 187336820
222144225 255868593
325152134 465007322
282321412 397922787
118633185 261306713
15758691 434958865
183181969 194363365
126800703 253139195
5433562 498423164
122551127 154406888
152097403 266319241
163625517 409059888
117579850 262360048
337706621 496655822
195669158 227033504
119216949 260722949
191951134 223315480
215598321 262414497
191735967 202917363
459629095 64778033
353169499 240170311
130497577 249442321
118355622 261584276
185854427 317850033
235019821 81642459
199783036 270482628
125376872 254563026
149730905 138237959
144859914 273556730
276099682 179184986
123933877 256006021
193786026 289241442
249873093 159393474
201600198 232964544
149714379 268702265
185822992 197004388
200853170 271552762
211355362 282054954
157019194 261397450
194093930 264793522
46403422 419370514
183274726 194456122
198513963 229878309
195422083 226786429
40405596 420687497
192008750 223373096
317995303 195697860
470177992 31038066
100796564 443124107
166478168 198820694
449244760 348979816
260440296 30889077
143801198 274615446
18231848 6945085
445089256 460878532
288419405 482388264
186255810 318251416
215776832 262235986
163426616 254990028
183047342 194228738
388155780 258448826
234841918 252304062
238053546 249092434
192316151 223680497
290819743 73189698
427636624 15164077
322448976 466425848
209362186 280061778
215139853 397175229
173276739 414809726
149785738 268630906
109289555 423351032
186279208 217643554
144610742 273805902
126411212 211461636
308370562 148002068
218627027 259385791
139701820 467575335
191608412 202789808
432529900 313194168
196242327 266941919
350427596 456102255
472668348 343468704
187854894 199036290
302035466 358286940
119714582 260225316
189590985 264643325
18532807 171994388
200748596 232112942
146213876 51476912
183478474 42267187
201465814 232830160
129835017 250104881
122900884 257039014
263975511 327679533
478060626 312404085
155500319 262916325
122694637 380330507
220817749 257195069
411893816 433817000
170307620 31168113
211989575 285288641
148473602 269943042
496354048 139219999
100604550 435428440
160141288 341622378
355745277 235822919
145958033 272458611
205021944 275721536
230459526 69409083
195395822 206577218
189939060 321934666
126551259 253388639
464974145 169975285
216291456 178623130
195691203 227055549
200827768 271527360
94508449 164371006
201263313 271962905
196310389 291765805
191721944 202903340
202732265 234096611
161083631 257333013
235565446 251580534
123972146 255967752
196501432 267201024
284622243 366315399
268833581 256398726
382670266 430276777
300569756 258812552
301002913 195234562
158558923 259857721
468548112 102249666
1763857 395149970
233789579 253356401
161480614 256936030
147779155 270637489
238457176 248688804
202625592 273325184
61025732 415091185
199607379 270306971
235991773 251154207
20380602 298460030
72154360 109028530
463201367 496342094
155175053 263241591
368888523 216911527
300101485 166977269
164542172 400108099
192008225 262226085
216076833 261935985
130633900 209271299
178380703 188075216
324630256 121570269
88519503 298992892
194933048 206114444
189500763 220865109
188167421 320163027
10865000 270457183
1034174 11379621
65399325 211732850
324908512 203118101
196730081 228094427
394288655 143380919
186139242 318134848
193261563 204442959
127093160 252846738
221692182 256320636
262363957 452660847
155459066 262957578
238311671 343789715
45671527 186761785
270072988 476012428
181581011 290047877
426659655 232141556
193239735 260994575
143834071 274582573
237255964 249890016
375153732 420063015
100319929 256144499
146045339 272371305
447552608 248733119
202867132 389523504
177211014 424773255
31264311 243111335
346397200 491882213
206789727 277489319
127629065 252310833
217494920 260517898
389373227 141097165
187161875 218526221
147946835 270469809
18302471 459785789
155435331 262981313
236815285 250330695
324508944 423166394
203311928 234676274
161080228 257336416
73951987 140977253
122335304 257604594
302531405 41989557
193656078 260578232
189189192 200370588
223411368 254601450
42284455 492334270
192266186 261968124
24183057 445182932
197855736 229220082
220877651 257135167
199501220 270200812
156832527 261584117
238510837 499864184
198533288 269232880
148062468 270354176
141920769 238872248
314006878 384763986
299075630 259617261
262355899 349412241
190566473 263667837
199117230 230481576
266546694 62341597
394876268 382958961
149904382 268512262
72101368 365104917
188732576 188406840
81439558 149249703
342879394 298321320
127322071 252617827
133241639 78639189
277355452 94798378
199299265 230663611
90812744 173126566
98251297 75431730
148222219 270194425
183754547 194935943
121927962 258011936
423516107 444651122
203190636 234554982
200419884 231784230
183469421 194650817
109150226 429062135
203568736 274268328
121370600 258569298
159561352 258855292
151411787 267004857
120299150 259640748
170730476 333391057
194954007 155044099
200380123 231744469
315646742 335452937
204217782 274917374
145547847 272868797
188388112 30893844
191801563 202982959
257757662 142662935
194090368 225454714
186159393 318154999
119811772 260128126
339435442 204763378
479086425 255690799
155667894 262748750
184251605 195433001
403680140 382737299
6225340 448707725
384574659 444948223
190051874 221416220
322693193 117462183
194560888 290016304
418494400 129539703
160494597 257922047
471553646 246521243
152081898 266334746
222177362 428061851
194223872 225588218
216821566 261191252
163090042 255326602
148303385 270113259
337672228 158138128
400337344 172899470
209957842 131152236
199379033 230743379
61330867 363832688
141814355 276602289
173157582 423029703
343473182 113430987
40183747 370170450
219124555 429682575
185829110 376367578
121414279 238495057
36276687 405659140
210343618 281043210
12712318 192213530
215612867 262399951
230707225 256438755
474655785 265755045
218241713 259771105
157976938 260439706
231530916 255615064
232964818 254181162
193886636 289342052
29919811 35060351
111652447 363738431
218876283 380618262
221853410 24907777
201829113 272528705
40641445 194264498
210155139 280854731
194627986 168843251
121589584 46837540
145578763 272837881
154296619 264120025
189098467 265135843
143720136 274696508
412808065 328609562
397165298 413999140
194999753 226364099
380591528 432623664
170815374 164377497
463353381 54007520
116491984 395351929
126708685 253231213
122678283 257261615
233501861 253644119
123631054 256308844
7533874 323318286
198862241 230226587
461461170 45946482
102265530 356338980
192163622 262070688
18191723 175715785
245647091 352011662
174921845 218429277
159929990 258486654
39351677 71481605
412137321 369270507
191440680 202622076
176473797 97503210
354298493 203947845
417209925 49767532
279781906 53163799
233139039 338820757
63980120 330819469
258024525 53736389
153820807 264595837
233203383 253942597
243708698 17588154
188249988 381177721
398479012 299155608
364087348 377793212
117215885 262724013
338108235 490006380
160181958 258234686
187754911 198936307
222891710 255121108
130130227 249809671
124041898 191416895
310567457 443342188
346953791 266774887
69747878 333503262
73949228 157574486
192893071 204074467
31540747 447882447
197414321 228778667
464666195 22392846
467215126 362364608
232674942 254471038
185429439 479074060
221422228 256590590
376695097 61509813
248599414 183222893
218007442 260005376
165992376 477257404
142539937 63322141
187243389 218607735
212770509 118462063
19064555 251161170
48539364 28879623
158766315 259650329
187594909 198776305
95313836 220175045
230823666 256322314
205914782 276614374
237127606 250018374
67081598 64173130
59561125 234488553
199560956 230925302
127003364 252936534
216179679 261833139
8026775 460847171
218175575 259837243
296429273 7749236
317085388 227844402
189495133 321490739
368884743 79632430
194081939 205263335
302231948 58588694
464953769 200531631
107572655 209767025
155761153 262655491
3324971 29570672
242483001 264239471
191967215 223331561
462071882 77136185
187877378 206857765
252035228 20950142
152319944 266096700
205286563 275986155
192989320 224353666
50823704 193422631
219246995 224432605
232176524 254969456
188777735 320773341
115813563 422109032
189894006 221258352
345932332 170024644
379159764 284731952
196916886 267616478
255766917 313913131
98780213 95479688
182622828 193804224
133200564 345958607
8223265 238103569
229650114 166038624
187286980 319282586
493594185 97369910
181594847 236892569
238166841 248979139
188040831 320036437
152010921 266405723
121394181 412553035
186714037 218078383
125987491 319229603
208089311 403540307
193944209 205125605
127002416 252937482
498679437 445897417
278000653 151993266
16988709 294526900
402201879 41461084
118515307 261424591
282405702 10132624
205172512 275872104
393557040 358913678
188713350 220077696
419661317 195838652
168662332 9516732
130514828 249425070
186500559 318496165
207057417 277757009
496014336 426831060
360203220 107708926
169880080 248543002
487965417 198199474
78192673 229011092
186487433 197668829
160822680 257593964
130525143 249414755
105056559 430962809
186191116 197372512
231762423 255383557
183413492 194594888
186951974 198133370
197227468 267927060
121163747 258776151
89538214 58052151
210316374 281015966
446455904 133891106
189409905 264824405
193680705 225045051
420001616 224309032
221315822 258256421
191092075 263142235
196422448 227786794
403497751 484624570
261579983 12447549
350028864 34908444
425953157 310535278
317019206 449924963
117573062 262366836
206967988 277667580
120322552 259617346
193128560 204309956
457848220 300337853
192829768 224194114
252341582 56047768
151029038 267387606
153450732 264965912
482500228 478468572
196247115 291702531
352360310 284455796
193700263 260534047
408800437 81301440
163226169 255190475
195505285 206686681
200399067 271098659
187557913 218922259
358467882 76296394
155084812 263331832
211149766 281849358
347313360 282082079
220247362 257765456
205517294 494595041
155277710 263138934
193286347 204467743
409962328 290575307
408078976 433567942
170010891 476290125
171909819 420995602
270306058 332270036
28045683 473596342
120173226 259766672
200052706 231417052
196676238 267375830
376748663 166924481
155636179 262780465
158630164 114921731
321713139 361246097
72477303 284261030
155662457 262754187
197280376 228644722
478165967 45881566
185317569 196498965
402999495 108710333
185978774 217343120
243110041 280653778
191240690 202422086
378595935 267841155
197022467 267722059
75326693 481170999
203562846 234927192
190412912 201594308
224358602 253654216
192001612 223365958
238212992 363335949
199450736 230815082
125636938 254302960
396447117 321586399
104081013 216400866
199119416 230483762
308777236 103736391
409142927 399628372
196851441 228215787
256846978 198408076
180755643 106274633
197098104 267797696
497964324 347022796
425214909 2703670
190857231 202038627
154904890 263511754
188531451 320527057
419212824 453106367
133084283 78993932
405608264 38588730
143274968 275141676
191879342 223243688
317556976 209925582
429109785 485202990
263336904 13543215
218760611 5255836
266980120 394698541
161712756 256703888
205300904 276000496
143524700 274891944
148359695 270056949
100939868 280907886
192460531 223824877
186771040 197952436
365370396 91214589
312163515 273494324
199740046 270439638
143751403 274665241
363987613 318338662
192301129 203482525
13364634 382621875
46207763 128688273
241895477 36659860
365925175 158520833
498917827 320297341
388015404 260793649
233461151 253684829
26087951 469849264
104855237 447510739
86949182 453967019
418463065 383036003
217576328 260436490
217647654 260365164
418360137 375156216
319143678 187030451
325904369 498008029
408501462 417859783
183697572 194878968
234969356 252176624
192850263 302667561
220939864 257072954
327022297 384466613
394955130 149618318
222816484 255196334
192458372 424493969
439727941 433464469
117100576 262839322
126977782 252962116
199593121 270292713
284131152 408594691
203190949 234555295
185279602 196460998
67177661 161101101
200810559 271510151
106548557 111163799
191084825 222449171
301539486 60440517
125612027 10059136
200018754 231383100
212444943 284310421
374799930 258611606
153821501 398197250
150564487 267852157
234555874 252590106
192650465 261583845
401118793 301816158
72922251 92158467
160034207 151144703
151431393 33490333
248520022 370217680
181285472 109791134
199760686 270460278
160161870 258254774
185512727 317508333
241703388 389939111
263560453 250157814
218010980 260001838
83358461 369273256
141922278 276494366
254527840 260819868
201847839 233212185
367409981 218024666
199434375 270133967
193526149 224890495
119657906 170091723
157421209 260995435
204758734 275458326
219468455 258544363
158630167 259786477
194956089 226320435
252016535 399584180
160896430 56105921
196166488 266866080
366851381 461027111
150846561 267570083
220811060 257201758
16668854 172608587
161548523 256868121
375859217 289592593
378533617 271506422
99633091 173117958
477350038 296105204
71332357 207618037
196952043 228316389
209120491 279820083
197406010 228770356
385092634 77511903
205473007 276172599
198379108 229743454
411648396 275238457
195963134 291418550
280061708 8424699
426272814 171944762
202251029 233615375
340424844 266416008
122004584 43404288
122084322 257855576
363626850 289120143
105173885 482898905
110782616 201442571
169446093 164573971
338298443 331403071
313241671 30676743
202369468 273069060
194368491 225732837
187341345 319336951
194871711 265571303
210530797 281230389
386314151 237798890
123253816 256686082
192919414 224283760
469507427 47775682
127715890 252224008
205896805 276596397
471118273 180699558
367676648 14343889
219292759 258720059
224491019 253521799
71936208 295885546
317728783 237473797
407058531 376546687
206817666 332464227
423074737 464347302
152350057 266066587
261834284 472055885
116294666 263645232
203452833 473376631
211348293 282047885
209649352 280348944
192493098 203674494
189220323 321215929
237576352 249569628
145354623 273062021
351291299 41536694
30463944 103675474
185367708 196549104
325033510 380431326
302149627 382132905
211391819 282091411
299964642 41758854
162382587 256034057
195961721 266661313
201273104 271972696
225830419 381652942
269330742 68251959
483116651 371140201
189339323 220703669
185656201 194126017
192226790 203408186
219736061 258276757
473371925 196072157
466013891 364864924
189410948 220775294
203541548 165382478
147472320 270944324
463581558 361056976
124817760 255122138
190155479 221519825
207107230 277806822
147854309 270562335
256858883 263902472
496095145 159130545
199540954 230905300
116335726 263604172
198253054 268952646
445321021 92862149
153919515 264497129
342361434 441508781
230918353 256227627
192739896 203921292
200113988 270813580
189740454 264493856
372004687 57164106
428700288 216317089
203298455 273998047
163143461 275897935
497614870 41060508
200983580 271683172
188280276 320275882
465228942 272585325
346854096 328034636
142464096 275952548
135048574 474415629
46556800 55719867
185395953 196577349
183505113 184195933
236014418 251131562
145401041 468516601
191602718 222967064
210402349 281101941
34739728 433408108
418008494 404610806
196813253 267512845
279488506 143181958
237858784 249287196
150525914 267890730
202233789 233598135
424781887 300662788
149547142 151042514
434618339 407899435
155442064 262974580
247495080 255964896
235442110 251703870
310752461 52524570
231478656 255667324
195815259 266514851
185981929 317977535
201938188 272637780
9946617 178713292
396628138 117002117
16682077 180516221
194989503 206170899
62799916 226125301
357510790 397540358
161885087 256531557
209151211 279850803
103255998 140156104
205220065 275919657
291268976 423290365
352913815 166732853
293154409 312528016
112370910 266492323
195281671 290737087
305887558 306317984
147798096 270618548
195082301 290537717
190212383 322207989
362179035 307933753
144447916 273968728
355491956 180903997
348419370 285838910
122650648 257289250
126369097 253570801
286728786 104870929
155845754 262570890
234668215 19452010
202573657 273273249
123325866 256614032
449123234 257368377
315048078 92247336
142170815 276245829
194254353 289709769
195906429 227270775
423770257 111017615
153726442 264690202
156655733 261760911
243030582 169207515
196427001 267126593
402504075 235371636
118740077 261199821
186326629 318322235
168574866 166359646
476059069 104443033
2367750 292369751
191346852 262887458
223252703 254760115
204446119 275145711
185111493 196292889
348808799 352954476
236857670 77409218
127196906 252742992
201303182 232667528
195821736 266521328
127153373 252786525
297210619 343208792
194154418 225518764
152337233 266079411
46810323 206553391
158655578 259761066
94669464 339431911
335198650 488989814
310650410 23259667
298155507 287294864
126840016 253099882
229017682 261569860
196776669 267476261
402794176 423092614
368125894 16767556
194248783 264948375
461566320 457940997
285379202 122826846
364523966 150227649
139335985 219139894
200266051 270965643
104439333 154239280
157068434 261348210
223013440 254999378
15853613 46529387
180577988 335020922
233757646 32361508
456949599 261994242
128716670 251223228
210680682 281380274
203455808 234820154
300071183 368568913
63646030 423382446
43511622 207527140
240999933 60359453
470747839 23463410
431029365 370069529
189057396 321053002
147022943 271393701
446018763 315052925
253893541 353984710
313784358 402196746
190664365 263569945
222337962 255674856
78797294 278407789
195100176 226464522
144501836 273914808
348967912 58298733
249861208 470954296
184938869 196120265
148400017 270016627
300491765 251468900
211298547 281998139
262261291 174604129
319836268 473046919
371382190 283047596
189773230 321768836
137888617 322880276
190693298 201874694
231993685 255152295
50437143 73598736
198492427 378297179
25128069 77605461
195282492 226646838
390146158 379936995
116818343 180206143
374622704 98524810
231622943 31582535
174908481 120508462
211415170 282114762
142299577 276117067
190343783 263890527
128735517 251204381
233458337 253687643
185969584 197150980
194897259 290352675
230259203 256886777
325663341 258014791
201589115 272288707
188362701 199544097
192668738 224033084
150235332 268181312
231955208 255190772
216696295 261316523
188233004 199414400
260218393 446080469
120049147 259890751
303055102 150878410
193160403 224524749
195297519 290752935
226393758 412954941
202232350 233596696
386127141 85822561
100791642 300736224
100456002 315438225
272312701 224366169
203341064 234705410
199267191 269966783
138793085 332001681
126021104 253918794
169678869 401619243
190725703 222090049
155261746 263154898
357338776 301736754
193058519 204239915
158490709 259925935
195840871 291296287
445830463 350319581
493195108 281070110
120040881 259899017
184318910 195500306
368096791 87061216
184733404 316729010
128243811 251696087
307120800 28041101
124404911 255534987
57406940 316904240
187318651 198500047
344315451 236427053
466970489 76543626
230724828 256421152
249538918 444922549
224020548 253992270
180582829 241900730
396845054 429260347
238060372 249085608
194375108 265074700
126229319 253710579
193378460 224742806
128105643 79246167
6993444 61892385
22103864 294033946
195249728 206431124
190277400 263956910
124819945 255119953
360554198 179029733
142179113 276237531
192729814 203911210
81855202 18665816
430477831 278030550
441329201 76381659
148546600 418969928
394728946 360929155
205557440 108321291
198259930 268959522
189391292 321386898
97346211 213469587
193216591 204397987
197216575 267916167
30666277 369035895
274886648 96781072
202290345 272989937
170319910 496297752
248828652 229035506
185225384 317220990
237977997 249167983
329335178 146900466
208588579 325050416
21482455 2960268
414030696 263911055
330434216 55978225
237695945 445231979
147885892 161337594
103184831 246883168
61567701 109554509
65289628 87649757
332430012 41748903
200064176 270763768
246473816 246850878
228801010 323067974
253634598 309520815
162595008 255821636
187998861 319994467
219978387 258034431
70980271 77846616
129525027 410184694
234992057 252153923
81753522 14852572
123940293 255999605
488116640 462497027
93424178 433270919
186462730 197644126
100948350 499641033
198719782 269419374
202732888 273432480
41754493 195309416
148395876 249116835
279428467 139315818
133814488 434547373
189303122 220667468
215551395 262461423
158559442 259857202
182424230 410706426
235110158 252035822
149055488 339247672
337544350 203802561
436403367 97725337
44337242 332846858
142423779 275992865
147300741 271115903
189425141 200606537
187598083 218962429
495206611 300805180
221058807 256954011
148172167 270244477
209808377 280507969
200681465 232045811
149995728 268420916
202435486 233799832
168099408 478859121
335070050 346947654
31615408 182316328
297181483 107661693
116299291 263640607
286967587 339528908
342242513 251059782
195438246 226802592
120270459 259669439
335374709 99425191
196321407 227685753
154673722 133004772
96711837 20827600
18472910 462770540
42339707 496143632
128285331 251654567
325132036 367443800
131417858 308571629
61396012 377884511
195859797 266559389
187485432 192225718
191862490 262371820
247062959 40143369
249776480 270072821
137277866 489328655
76616249 337361185
88650395 437125674
364877577 215340750
166029552 265540242
241152477 296884856
82442905 251861986
49413775 79508484
200823113 232187459
158750798 238573645
494488620 10122129
216700588 261312230
197425259 268124851
155405290 263011354
122634081 257305817
125333459 448688965
155869142 262547502
126322488 253617410
398501585 9839178
116979933 262959965
247731345 255728631
363843035 234117032
192622259 223986605
98709748 44320548
159694346 258722298
268029376 370238761
422191490 354989615
223409343 254603475
93497953 250816639
84099587 373686096
375425145 360976006
224192749 253820069
190574605 109816674
97463448 168549702
402117804 108846680
119512370 260427528
219723325 258289493
196249585 266949177
411143328 211864089
12657965 47012903
199597424 230961770
225485073 492525497
405571179 209847443
195831605 207013001
102363748 17277229
470704256 488528118
499508115 391779500
191491814 262742496
246027285 320745718
418058550 63631044
158960072 259456572
224351738 253661080
325564412 20746969
233767097 253378883
208317143 279016735
192794869 297065602
187588713 218953059
101928988 302859641
458908700 115242716
388608228 149333486
185312333 408269812
137426913 496349831
187198896 218563242
193252051 224616397
163071498 255345146
190864820 263369490
185473180 317468786
293961785 441996306
301659087 319459963
127889087 252050811
158041780 194330807
486165932 470257064
240530454 23380709
422987239 297052830
123249173 441039779
118070945 261868953
179046639 306113429
154408584 94783207
367542631 124685893
382714217 260005348
427552927 133979680
468983059 324336383
219075745 258937073
237455246 249690734
149541868 202436235
257296959 145961749
181566787 143981370
217053153 260959665
187365462 319361068
377482191 382806863
118148764 261791134
430909549 466773572
198632594 269332186
286901428 188501804
125776795 464309059
195820289 291275705
236809070 250336910
123889749 256050149
152345781 266070863
24842328 100059590
214692404 336359060
233789606 213515217
259077425 143858329
158804919 259611725
186265558 197446954
197929581 229293927
452972621 111526621
112403976 111410039
426535933 208999112
118518872 261421026
499348012 44906759
469450040 95633313
3647882 2277681
15192170 217547540
123155710 256784188
304353226 378722370
317701741 398750024
354356045 330865330
191907455 262326855
222414390 255598428
234264956 264798569
199381428 230745774
21954905 380846809
202791856 273491448
235302638 388335850
440434117 192245399
119373005 219405333
127514996 252424902
187099784 319095390
210311743 281011335
6191509 19506732
170841044 485946922
210383824 281083416
195523004 226887350
498179054 405570581
299663969 320796373
168805932 499760226
81394497 283808646
196237445 227601791
124977290 254962608
201238985 271938577
12088347 172012506
103107233 464073768
205341167 276040759
34180841 296796240
434821499 141889573
185267601 196448997
189827232 264407078
374746459 111120421
414372655 414762733
116183452 263756446
94234914 115696678
208366795 279066387
461689899 280642998
329341719 10599504
350253841 192877685
190050802 311163990
185927331 217291677
149638994 268777650
4451885 59460037
414025570 263801133
137671367 415767433
128060488 251879410
204542817 275242409
480300557 294803072
51372668 330423004
423653504 58650443
125765248 254174650
263385067 28899285
190356730 221721076
184757418 195938814
216183941 346231619
249300864 392871974
194638241 290093657
191307327 222671673
200450157 271149749
191767359 262466951
223937999 254074819
279447273 232395691
223827257 254185561
195375307 290830723
196580059 267279651
34737601 414090055
146182553 272234091
149279680 256400360
151811600 266605044
288404337 280006347
259266681 325418641
118344046 492933042
146447829 271968815
463452724 193919576
189082788 200264184
189482313 264751997
349952601 161480626
238790707 248355273
161524672 256891972
234148402 252997578
234914237 252231743
117949673 261990225
119054786 260885112
82624806 108967166
175952269 7382753
305625961 102692826
250497693 167215745
235012401 252133579
357888466 390294684
109994607 262318637
189564866 264669444
127819411 202323349
188402937 219767283
185981977 317977583
48720132 242975686
322404498 227637802
1224063 228779046
147763836 270652808
161663008 63900980
191992741 203174137
195432055 290887471
83166686 4391712
149206600 300741304
189176443 200357839
365982043 321665303
157709489 260707155
282200571 404009501
222485262 255527556
199622359 230986705
431900792 352153976
182673065 193854461
206364379 277063971
218555484 259457334
394793483 30384015
236200948 250945032
163160937 255255707
255833391 22514455
431009754 135260448
49092007 89492745
478195576 267343700
117909677 262030221
223643152 39683105
149343349 269073295
197725502 229089848
187924821 199106217
143269097 275147547
190859324 263374986
63190933 494493910
314412444 117118276
222475907 47657867
248991798 84899676
193630029 260604281
183371483 194552879
358538118 361653662
205443095 276142687
207850308 277963704
194950707 265650299
381579799 74944185
212663554 151316675
333425791 200503067
195321372 290776788
17563824 400984625
188925990 320921596
403958654 315481565
204944160 275643752
293648851 229072951
220829009 88302491
247569324 255890652
191166935 202348331
56590400 30984872
189381902 200563298
404211727 64710569
341460357 50876152
185399729 196581125
231593009 100644768
150889623 267527021
458699801 463572730
251785637 36769535
146108853 339818602
186416452 197597848
208194905 278894497
48792459 414277878
188354395 199535791
24145629 153176291
307283289 416919283
256675689 226466570
160238322 258178322
186127484 318123090
188913487 200094883
184538390 195719786
234526404 252619576
58426801 453632223
195621641 291077057
161194428 257222216
148427751 82126743
194394756 205576152
223064913 254947905
189664861 200846257
203565372 274264964
211954952 186640960
120671089 259268809
451317386 88218660
148097672 270318972
208324467 279024059
475503514 310339974
203656613 274356205
189930428 222028276
128095470 251844428
193767489 289222905
87619999 108029081
136226926 3297161
187125560 198306956
188519403 219883749
432602963 444798025
151802383 266614261
234056263 253089717
306718614 300193366
411677911 126576097
19141405 104621064
146108676 272307968
187565871 198747267
215956574 276235491
348229597 371980276
119091113 260848785
160024064 258392580
299415939 233321177
191281121 262953189
123323600 256616298
202943645 273643237
190120188 322115794
195119921 226484267
201911275 272610867
115479581 25681081
195623060 255488733
158157051 260259593
143156429 275260215
178592323 297010685
199907471 73616685
184638089 195819485
186801369 225376510
75453813 448097274
223324236 254688582
452554927 412049179
153290761 265125883
151016809 267399835
194879955 226244301
188284432 320280038
230901342 256244638
218902939 259109879
155707302 262709342
452706564 382197442
499754378 248716299
288943368 353654176
324795968 313673759
165258032 88353874
119194758 260745140
190240764 201422160
144153343 274263301
497379962 13811981
27350473 176720148
151306624 267110020
446472012 269355740
95543838 321197026
291537396 432216327
469469957 342681592
201251483 271951075
126481494 53410671
143505233 274911411
184498931 195680327
196020829 266720421
192534142 223898488
197536582 268236174
73251809 114179718
142106935 10585573
495081570 323946804
382709252 489212538
236339300 206119798
205731897 276431489
236983819 450798595
100237436 34731573
215634642 262378176
86944017 282366522
66649476 360393059
158837240 259579404
186886797 218251143
90753120 472541459
132253242 108055651
187192171 319187777
92539631 359803850
236836160 113427467
212454495 271392272
379150443 296078338
217539389 260473429
143105128 275311516
484908753 147044438
262764621 11520620
56496352 22582857
126735990 253203908
482080928 425937935
222209866 255802952
168598051 50255752
158070965 260345679
204574414 275274006
183817300 194998696
45969463 288380921
131920777 442784628
201320793 232685139
203710070 404190412
91800373 591215
195092331 290547747
207172945 277872537
120752549 430964087
209365748 280065340
110029132 3713187
219853058 258159760
219117560 258895258
483251290 122716070
142195070 276221574
192642789 224007135
195886112 266585704
379389697 356859672
31971321 395253359
189095087 220459433
113759893 113525273
209971810 188935625
236436656 250709324
103508035 66354568
43477541 209563779
236509175 250636805
382656587 471773867
201936925 233301271
211241759 281941351
456373162 1846181
490071264 466694170
124072299 255867599
195845282 291300698
171677640 280001637
9042013 147454833
192093480 203274876
332273690 290730506
84695053 112889910
170272914 203444975
466401100 384384933
301332290 209002555
483850549 381305897
190325394 221689740
444982552 86827025
453704742 387871509
