3000
5000000 5000000
5387146 1578340
4567108 7997645
6639874 6441562
13728 7065720
3802497 6430870
1183398 6780695
2681702 8307175
4552388 1202749
2833498 448137
4336163 2517789
4136845 8771169
1136543 6624726
3609327 230290
5003075 4913183
1880597 313758
1031541 2593466
4563408 4396495
1758049 4978158
1997086 9076787
5069363 5001247
7056871 5810859
5878509 3779896
4724319 9681385
5969893 1301950
5589277 4363443
9459668 6686581
852757 4641792
6910093 1455720
5796589 9918018
7624985 8836123
3550256 1968614
570528 6476882
1978729 5449445
7453413 7192893
6456015 2468244
2467991 630930
6677661 2647697
6376091 3835063
4734661 1765631
3307592 6862315
5478860 633585
563054 7469331
5847867 1510861
9269252 3039892
5337415 7337707
4156102 995418
8329439 6216277
9113244 6796493
8892009 5958164
7996275 5083695
1340143 7711257
204072 9015040
5793050 1374732
3970258 1610956
7747478 5793126
2229707 6253200
6135670 1586881
3215789 692678
9972460 7276814
1270087 6027265
5433259 4389589
1966965 9708281
9140772 6811128
4218789 7021656
9329610 3984706
4533592 4606663
8510721 8526876
3274360 8636238
5196993 5594727
1905457 639128
6579841 4828702
2206706 7858702
1755323 9952598
8410024 4595201
2344630 1897578
7517580 1412233
5002418 5091172
7583119 1251692
5373767 6694157
27659 6651005
4971059 2473295
4308938 9659765
6694204 7835323
492524 7154718
5002040 4982902
5003399 4910801
940945 5530526
2845151 2209277
1059128 7702837
5833916 8132627
4229400 3767522
3585079 7503565
3038264 826903
7463598 951869
5176252 7675976
9485368 1492927
1780158 3771485
8765160 2471133
2843980 1821899
2647081 3828391
4153470 8968870
4779938 9956909
4040739 5434825
5020738 5001600
2020837 3706616
2580144 3752629
8196247 964867
5227437 2011026
3605831 1170027
5582671 3972121
8037885 1289910
5872456 8083181
7082141 8771838
1222054 7867832
6328733 3691180
4889964 7100162
7243543 6376526
335952 4884269
3850915 545666
5350283 545039
8065805 4163947
8052864 9804234
2645551 5526119
5731419 1009287
3972827 1166260
3082048 9876092
7411701 352244
6289696 1243467
853668 5566172
9347290 2374196
2044566 6566325
3253556 6381135
6011822 2557163
6518876 6345056
5002903 4896405
9575709 6799492
1402433 3566546
7339766 3370423
1298316 6135004
7947059 933917
8148741 5736016
2193948 4914639
7146115 5714627
5551408 4581615
6692303 2468441
1873729 7356366
333319 7418936
4842310 1593129
3453798 1467021
5668909 630229
1942711 5906919
8207763 5178939
382948 5220728
7074044 7035312
5279659 8652078
1267489 1320445
1176708 3473892
3885858 2157244
5002962 5089752
8282278 5951545
625121 6265220
6529155 7788558
9483864 737689
8562151 5226950
3417178 3344442
1285828 9624081
5232142 5391036
185493 1655912
9238948 1853476
9437932 7446398
1183803 8562769
1802522 6904219
1494461 1227390
2335277 3720463
6161692 1182266
9117571 1095770
7541580 4050189
6343778 9175081
194325 1045776
4945541 5000427
8353011 3865009
1864674 8962935
5002423 4989391
4279105 4583780
9542943 2353692
218787 5167787
5714862 8336016
1548084 7700795
7287727 646109
8241711 8996171
5455624 7589451
5105081 5000671
3515870 4860044
2478418 4149835
3815524 3589965
7344031 2309605
4939416 5000334
795139 9364752
8564599 9021936
5073330 5002192
2378600 7456633
9018003 6985256
3524033 3078795
1912804 825406
3487398 5515062
4613853 6728327
8384664 8465998
9242978 7378050
3133754 7432617
2980235 3122215
4535542 4620745
3211387 3121747
8180208 3065703
9416189 9930446
2202333 454042
8947076 1172743
3717055 94150
8411554 3276222
4938561 5000401
3890645 9825685
6761499 8638400
9289693 2623306
866331 3736135
2651508 6416772
6154034 4928123
1545808 6481945
24040 6625332
2629051 9232706
7735302 8491694
4339254 9109684
8950965 1687
881300 2893073
9911938 1858409
2623200 5739206
970712 7524031
1555787 561983
1843459 2254113
5000630 4975106
8789287 2867641
66445 7725931
2275174 949183
9966822 880717
7825510 165756
48190 9389677
1467702 346625
4914734 5001524
1694278 6963760
4381744 3645491
4789143 5801420
7553791 4057207
2892270 7742139
6191922 1931681
7074177 5156181
2200911 9620678
8059543 4176862
5530205 1582805
3445585 4942558
7342111 4716776
1378896 9636434
176114 56503
6497205 1871971
3316206 969459
4611318 7756169
947892 2016903
9556221 7028853
80373 8023998
5730506 5469673
9550808 6623886
9735820 1794357
5003348 4915540
5765498 5670912
968820 7371062
9410592 461082
2497729 6940779
4999756 4941894
3773652 6629667
1414032 6200372
1483842 3303755
8940132 2189246
2559511 6731864
6171109 3151806
2980381 8985049
2943992 5688993
2171522 4061222
3888775 6177787
2165604 49931
2856031 2837342
574581 974209
6361124 3129824
326050 5311951
648988 4397454
3112604 2932475
3601166 4224752
5300356 1167337
3617110 9290245
4028348 9527138
1323702 2814685
1510697 3519448
6890321 7245706
1664136 3103132
9372695 4627177
7408327 1939327
8848712 4159316
6147267 5082735
9686866 3350894
9016072 4292791
4134164 1174702
3477546 4058632
4757782 1462424
598269 6687824
2064792 3451376
66303 744891
2236241 1556671
5000862 4966510
4835244 2808895
1065632 5526478
5834889 7785089
8208926 4585734
2371550 6864302
6220641 2997636
2095475 4740269
2173305 3135461
4935866 5000380
9886905 9034777
2022370 2517846
2756079 4010298
2374029 7806865
4999918 5067234
7367492 6348897
4494297 4694105
7032329 2304346
4426911 7712648
283520 5737456
5933651 1824288
8764501 7037941
6283762 8130359
7084774 9386976
7676190 4863853
4819239 535173
8522207 561171
9727900 3957104
7983893 348786
7658153 6030055
4622892 9246670
6140377 3675957
1873627 5624302
385886 3958781
8987383 5618434
8715808 8835868
386416 6055078
2287591 3566295
3595303 8452631
9442943 6108320
1264780 7954909
7539316 8836159
3126439 2888303
3380595 7050343
6338504 5259101
6034882 9965361
5668763 4212122
5123875 8790050
9297785 9358874
5000513 4964109
1056887 3767382
9585611 7185655
5000538 4961076
6884247 5826836
6945771 4814092
5424238 8465698
2423469 4369041
2180020 3600522
2058188 7659727
9085026 4408205
950795 9401036
8320298 9501228
7305929 7473744
7526465 3700973
676782 2288442
5826810 6577005
5085269 3827319
6536880 1532975
6365308 3349846
6405693 9279237
8223736 2602186
5083203 5001813
8261125 5823055
1596841 6632269
7486325 380855
9126594 337724
5422636 6097078
5758084 6034393
7704285 6932244
7102525 6416349
3605622 761680
9796390 101730
4880131 1671822
4937043 8493144
2518253 2998168
5001362 4922442
9916727 7437335
6070470 8875064
7933529 8267271
4912723 5001477
5238283 7930792
715153 3594776
4579659 9348463
2299099 1150462
4339511 8749394
315892 7673581
4136002 12702
3875528 3878149
8388301 897686
6597855 8047411
397095 2811751
4090421 9942150
9193949 3849199
3820706 1394868
2922052 5111190
9874312 4125236
2981481 5995211
1523115 3160526
7821541 1664734
6442082 7667155
2518868 4541250
3011621 2802483
2132171 6820871
223084 7721829
500534 1929683
5919809 5354693
8056981 4641140
8560271 5774040
5000369 4949893
2402242 3408326
1629804 7348815
9665626 1989343
1257555 7148032
3636339 7428802
5005056 5943070
3146492 1464448
534935 5660367
7559802 3358648
2717880 9643941
9530511 2141273
5001335 3189917
3311991 3799923
4019961 334477
2879703 8799734
1393506 1061604
1381338 7225799
8354337 4345227
1185920 3915578
8621482 4979874
7404713 564061
6310461 925932
5210397 7284190
2988253 5379566
2184677 946235
6550903 1268781
5459816 1169922
2801748 9614492
9960736 3116265
7726654 6029988
9175644 9885614
9666491 4647672
2312023 9100051
7764831 8312915
4687372 684149
8443423 5611172
3223371 2663223
6297183 933515
5762761 6659879
8520445 2851460
739657 4883555
2306750 9600414
1234606 3676754
4121849 2933527
2404311 825668
4995732 5001102
8003028 6276875
5000477 5036855
2690205 632230
4691191 3476380
4924445 5001229
6884472 6914917
9402691 6716494
2587532 7777804
6726865 5100177
4916550 5002338
6523233 457029
4009126 7411257
7614961 8096414
6039294 9046737
8498754 355674
1457656 3117159
5207699 896570
8444368 5870530
3403324 7970805
4861342 2959061
4489494 9766781
5000275 5063501
9764926 3271727
3953351 2871428
3882345 1277495
4310481 1981176
9990499 456296
6319433 6116184
5730775 438095
3574245 6236114
5443983 2111733
4688651 8292938
2310218 3575343
7838562 1353906
538735 9938449
401977 1886771
4041734 843056
752388 6623385
8587610 9461094
2713529 842515
6412163 6486837
8280024 1398770
4800740 8160949
1732291 1921551
2144412 3596318
4394939 3254236
4494680 7252540
5002377 4918399
6787199 9544734
2386675 451808
7967208 7358422
4084542 434845
2407743 9690109
6355413 6533508
478661 2423730
1097219 7578635
4786638 2532605
6192924 1123963
4360341 6300218
5065919 5001233
778635 7578699
8261148 7881052
4514521 1922
338901 8793998
9668983 4155886
9999970 8199053
2893769 2996
1156319 1738374
1598636 4384920
3541676 3332212
5538911 3690689
2743817 9272018
9406618 1450084
5510875 1893377
9670783 2507132
3589355 750424
4296090 6762060
5732425 3165108
5119053 3368412
1650911 5069564
5516671 7922064
2098661 2029215
3563218 4999537
7219694 6018852
4365061 2977968
6772447 7149316
476109 2554123
9922972 9680872
5000645 5000645
1187087 2722100
6868940 1684061
9719841 9076692
4572341 3187738
5001202 4969204
8682407 6553349
1823952 4521087
7405231 4563296
3485384 8900127
8700089 2165132
7023953 9848506
4664407 7063194
2695248 3462021
1718725 6053014
485229 3936567
9949560 8779849
4195449 3472727
9629021 636331
610803 9241259
3421651 3347918
7873825 5713250
7950202 2378768
7313425 3666742
601737 1883048
4986397 5183447
6261011 440473
6154931 1991601
5968449 9190374
7504117 7286162
7561657 2109101
6333048 4711798
9335589 9575277
3589507 5135916
8737057 234756
4985945 5001063
1738419 1974878
5636162 4304183
121282 3101519
8942401 8854711
3440436 1206902
4756630 3152903
5222147 4815090
7440756 4736130
8203527 2410768
6673351 4779635
4917153 5001911
9266243 9664129
5463589 5477742
689709 3180943
5001137 5080555
8849821 6303791
6012786 9798925
8920130 5076766
6777612 3012154
5646949 6808243
1360466 5258076
9379407 3642848
5678853 3050162
5029036 5001556
735867 4783660
5000487 5039157
4622702 9465804
6256775 828729
1207043 3565319
1790055 8845772
4609591 1676537
4705051 1069861
1140553 5022123
6776693 860961
9722194 5036672
6851819 8107063
5002028 5086786
5214411 8078885
3185854 8625467
2726366 4711014
7758139 7466706
3414780 2473535
2682970 5376751
4558425 3299047
6558192 7633924
4801048 4801923
1809615 1714990
8256357 4032697
3075337 7621198
7251042 2599999
130131 4405117
5258 2520313
4465 4688678
3883694 4283262
6296208 6781704
5991429 3542558
418415 8977564
5060694 5000472
228450 144025
2469544 8400140
6915821 86046
5990293 3373441
1941387 5792932
5533506 6008932
707369 5128133
201316 1473611
3323059 6453114
9412035 866259
8066712 3168283
5522748 1580612
173076 3780598
8084675 3854323
9631224 7736229
5377397 2623421
5222356 2012210
4319817 2088592
3952715 2771651
3592986 7131797
7011577 6363717
5882122 8482583
2014401 4901933
7513295 9590958
7075822 99861
1335339 152742
6309871 8195894
9834816 7811799
752527 8768488
8622320 2922108
9333373 6480043
3011654 6846829
5000925 4978231
8542240 7325539
2103956 9924997
5456881 9905238
5188034 8394837
2175933 4983110
111220 8215859
3388322 6690219
1871287 8026903
3359401 8294417
1999953 9236915
681590 6866699
7221029 7205087
2340427 8071044
9371079 4049964
7569691 4212880
2669369 7980728
7849607 5059451
2403140 5981987
3843151 885791
7309263 8777377
7663195 3936951
1465494 3566937
6541584 2288425
2043148 4788534
2006422 1398260
4753277 6340391
1553305 4283837
2881382 2467861
4974115 5483708
2532495 6744007
7374455 4750350
3369973 7261964
1092503 1749792
6374734 1568778
2505315 3016103
3877554 8388113
3027385 9252132
1091108 556809
5509146 9384595
1244693 4759099
557446 3047504
6759593 2570996
2331167 1508876
2836148 9813498
2391556 4879611
5479936 7658461
1224009 9856859
6517929 677478
3933123 2495472
2365181 9102287
2233686 3893054
9156387 4636316
6090833 7378675
6059511 508332
629658 749433
3104610 7481817
6788589 6886490
2053873 3941890
4954298 9755744
3449802 8585685
9363671 1855337
5089321 5002343
6953794 5934738
7768385 2406344
7886743 6069463
7388615 6813329
1945718 4186461
4994033 5002027
1399300 2612542
8173138 570327
7493418 3862541
3770990 4587044
9338042 8983491
9528349 6335248
5000623 5008617
4121093 3291496
5551002 4741450
2178759 8925129
9263382 1421740
4949950 8239157
7212581 2584642
9182756 8798901
3165401 3327088
3522114 8807002
5252292 4018358
2012323 3531465
3620044 8845174
8343712 4788476
2505505 2522563
8649552 2006794
2127955 5553470
1732352 4204581
8400159 997567
166926 8916629
7741967 6118677
2769519 5501233
4703805 1614609
4158363 6079587
6316472 1726711
8624921 3077628
41064 5063777
919907 1513238
8998513 3898478
2677242 5916629
365397 9887182
2356992 5604288
1925470 1873789
685885 1523773
2339709 9337604
4889308 5982870
4604938 8758091
9281349 2727881
2729334 8537162
8666601 8295097
6711912 9439200
5001046 5021292
5002938 5088726
2136048 5058701
5002431 5103321
7559644 1628454
8606251 5385053
700806 234254
6960808 1635625
8235896 1073160
5000914 4959750
6282146 9197879
4999585 5058985
7359120 365279
8555754 2355374
6137579 1022999
2538359 1634982
7011273 4538414
7854739 1992441
2736580 8110787
4433905 8266842
7345942 6585366
5526062 8786706
9244016 8472433
4618233 6706994
9097291 4367140
81582 6483264
9131044 1966812
9923868 6011836
8040143 8891208
8851276 6533668
7859534 4436670
7315385 8943218
9285579 4409578
9521244 7745186
555608 9241392
8710510 4822738
902289 1909472
1394269 3272297
8199423 6792110
7806926 2084091
8765910 4568551
5590994 8911190
1985050 5247595
9886322 3979914
6898563 7553327
9706684 6223965
814464 4663362
188801 874063
9799758 169973
605938 4470833
4999871 5042763
6528874 9411642
1153046 1770561
5000308 4938654
5852310 6722098
7950032 1706350
382755 7496877
770226 3205114
8803871 2935777
6509664 9808677
1878596 416400
6479651 5693036
7977684 6661154
3083078 6135107
4691306 6040174
7710384 4671998
6521947 9904967
4073203 2155355
6109383 6295387
9193201 8331676
9532595 6342593
8964391 2493104
5285548 2810978
533545 3473522
6354589 8305975
5307693 8467818
3503443 3510770
2191318 2136641
9469887 5379118
8392817 2522734
3547338 10691
3528211 1510562
4936929 5000155
9744324 6060850
2463839 9457830
5295324 4477650
2815005 8032862
3615218 7589149
4040570 6144316
3276815 6894905
8549380 7012052
3865713 1027644
2481758 1446699
5798758 5506084
452682 457210
151041 9058248
3438910 3928817
5447885 8874181
4132306 1893132
9189292 9556910
3327361 2155987
2057416 7061231
9783414 3405935
812309 8449056
5151201 9313004
6358769 9756662
5709397 5682956
3942667 8879700
9405696 468298
4567461 7614935
8783 6498033
5000764 4973284
9562142 466659
7080181 5923610
646347 5702326
4662418 2022076
5614996 3833409
9951869 7768666
62211 3435197
3125512 6144599
71616 4384204
8301758 2181321
5001779 4931129
8142853 7849239
2542271 8343620
5057910 5000660
2777673 8529460
8634379 3062925
9769960 9031238
2836034 4732343
4781775 135167
5886374 320996
4492458 7991817
6919929 142984
7022872 7483588
6874826 5517163
3582726 5194704
224557 6940227
7272572 1375359
9620227 1181382
2499959 417796
4999635 5060553
9151256 212499
4932059 5001231
5000884 4954782
442826 1815992
9147179 2225089
4801050 9574169
5185879 615996
5857772 5039898
5000931 4924743
4086773 3631521
2567650 7195434
5165488 4294615
6551427 8179469
6421776 3902390
6626622 5607917
5386389 8639893
9146729 6487452
257229 6783427
5917180 3424007
5265233 658287
1627938 9956225
2416978 8725105
8664251 7713818
2915708 7398285
8067318 3934015
7087194 4383973
6406861 1731171
6786808 1907536
8547346 8712874
5000138 5041378
7974881 2732313
6441494 4605250
1908211 510361
4954820 71929
6008947 2100898
4631822 6190348
8691127 1831623
1955444 5723628
6578385 7961202
4929674 5001926
6751016 961861
858453 3519447
5175708 6867853
4736441 3885817
2299321 1827962
2231832 1769704
2922842 6436620
2667860 7499784
6602630 2631269
4392926 4740488
8907171 5071953
8366468 7796302
4209446 8359379
160071 6970464
2012130 568894
3550956 7235811
5201654 7024155
7170486 8197955
8771886 5716675
2833165 2323421
4003018 2119243
6004661 7528658
7486875 7182629
8433646 469435
4931719 5001189
1932376 9750587
95828 4731454
5015690 5002658
5750207 5265007
8519828 5766083
7036030 8467835
4818308 7334140
6065626 7538194
1211561 2133249
2826519 3695180
7962229 2315253
4636223 214320
7504286 3080306
9161116 5509483
4439090 582721
3195874 6516003
8311135 359150
3931421 5315227
5510882 1520832
6512145 4494415
3643976 9802665
6469100 2991864
7613248 4825746
5026555 5001031
4016634 978360
5203220 2195697
3698973 9116720
3563779 9017886
1832918 1712698
8960042 8975606
3394156 8983240
5335970 7691154
5722511 2364641
3062306 357383
5000311 4951355
7998845 4928487
7026484 5847726
8490340 8170073
3378007 9672301
4448216 5666857
4946800 7657319
5525056 843480
4842156 3929127
5041751 5002289
7285143 1929984
7325895 1521971
965706 9077469
2613989 5030839
1860013 7613395
5002226 5085190
9952693 3664195
5002616 5094634
5617075 1544295
5469000 9926964
4999609 5056797
2654510 2795634
4004544 7943058
8875424 1380632
6015288 8815254
9994334 7674685
4328226 3275541
4902875 4406370
4456802 4572595
8358860 6388340
3296177 4362993
812333 3901996
4415411 8014860
5000563 4945405
6204508 7103897
4953501 6147517
134189 8128584
5712199 3159968
8239808 353872
5370571 5607819
2142436 3072448
7154971 4368145
5818987 6382823
6965660 3065786
6107023 2470080
7963073 8521706
2266289 5127306
838295 1147117
9283601 5605792
3883926 4985895
6334317 4766674
2765045 4825481
5146751 7437148
3405092 784505
5002104 5016244
5137583 4477126
7323012 1006222
1131710 2781869
5914313 4203936
265657 8707451
675877 2659695
5490514 6642109
9443689 3696448
7500013 203674
7255775 4741703
694009 1045489
3021869 7781833
5401698 495092
7490819 7178239
5000352 5064866
3152623 9391785
9388284 2367488
8385223 8949660
6508440 3608773
4427721 3014632
4529688 8155945
5000529 5074993
5002632 4984376
6165470 7541908
2735992 2191456
9135016 8295088
9280970 8452370
1664627 2245424
3106082 3243049
6187539 6309481
1470188 6033353
6224413 3123293
3266223 6746449
9067587 9758590
3400425 8397882
5022273 5002109
2927336 9025632
9919259 8198647
7418274 228071
5647094 9351024
5028231 9802012
4027939 9230160
7436658 11914
5580750 3704032
3958747 1733500
4159600 4674326
428286 8363080
2479104 6031591
6583798 7961448
8044920 5705182
6178870 8583893
4267059 3879410
5932245 6611812
9751214 1209926
9905503 3710045
6775402 4364683
8586924 2670465
9209677 7744047
8562590 7899055
1141872 3446888
6786085 9956010
5885021 4429294
769231 3630455
4809389 4419971
9024589 9903890
6422788 2619086
3882317 2713891
9238296 5042793
4672665 8062791
8681615 674752
7389796 6358926
8417298 67778
253328 7666662
3320692 1896099
3260081 1998326
6840029 3615066
4508745 2232488
5000238 5053528
9627158 6449050
3194417 1375870
5094924 5002326
8314094 8850578
5700500 9071978
8347151 1700341
2927072 5473082
4949157 3745586
3015428 4325608
4179882 327171
1564473 6631099
5540743 9504727
4927310 5001774
2154491 3261317
5156433 3024596
4996774 2073833
2713267 6352183
1841808 2315323
2176418 4727999
6431857 187939
4555400 611300
2053584 1713446
7968284 3587310
3736370 8462781
6128093 6523200
6109811 2176535
2404229 2290373
5048743 5001613
7900620 4295211
839619 7136235
5001660 5083356
3100307 438773
5558694 2857923
768855 5470511
9195019 6232486
8280457 7277313
5377935 658588
1633364 9638697
9852593 5956486
4933043 5000359
2882504 2021478
5607075 9693863
1384095 4488282
8987953 1890538
2089769 5152697
5003880 5933150
3815466 5623549
7758458 8701572
4879533 5475233
925956 2625131
4495121 1659426
4602049 2040339
4675054 3145053
5226554 6900068
6125868 1226673
1062151 9262443
6845796 7890040
4485742 7106995
7413540 3458960
8627718 5753931
1168542 2323525
8242072 1093616
4711953 5858895
3999169 4314351
7907466 212349
4999986 4939764
679599 7085244
6842347 7213482
7855715 9865337
3071975 2169410
547276 4753953
3368595 3166742
5001558 4993068
4411454 4634396
7537753 5012896
536235 1975727
1750201 4193559
7112764 509193
5894697 5315348
4269579 5233844
1993790 1474104
5314026 8372850
1202036 8384972
418605 1795169
5561467 5527334
515592 1109919
2832924 3550150
5235860 6561278
5252952 8572201
3447298 8363173
8512880 6193577
4948916 5001346
6522037 1526823
8229631 4883340
6197823 6958310
9150976 1826310
5047636 5001534
23686 4676105
8054069 6890811
5861385 4113230
4348592 6545515
6826444 8740032
5495077 8302681
2885289 7250941
9761150 3637387
3560929 7532571
1422889 6915989
9176677 8023077
5449227 5781367
3155681 9248651
2650464 3241228
9119459 3646980
327402 951819
4775945 8908070
6197105 1153543
8314864 6250136
8566165 1620099
7201198 1268691
1684221 668877
7584396 2188873
6178109 2645492
8399670 6776565
580234 1319542
5003293 4908219
707668 369960
3820991 6733056
1778950 7121353
5139942 1365592
8090806 6179369
8653986 1721461
3933448 7718838
4595342 6852453
7571927 7063016
381390 2007405
9691768 4752646
3101998 5326448
5584182 1763882
6945854 6241910
8208287 3844867
9948284 786614
183287 5467529
3473643 3237572
5005892 3076515
9769761 6155913
1399196 8104593
5682657 3003108
5002367 5096327
7193922 6931390
6505384 2306522
6365089 4023706
1064650 8418001
9650935 1010112
3096852 1225520
8836062 1468071
9938158 5807289
2535418 9794729
8894258 7405451
5793139 471879
8956029 8285664
4195027 1426122
7969998 928440
8671891 7260376
926326 2442907
8862899 3395279
3242552 1676175
8849490 1365862
9343528 1171846
5000466 4935780
5000220 5033260
275258 3879288
5070123 2601684
9022216 6055639
747207 7692316
8735607 3523017
1845440 7884481
623969 1894235
5951127 6361970
4199484 1577828
6088025 9577721
3758716 3979800
7482203 8413754
6512537 7692090
5427222 8908514
3652850 8225710
7301142 8207914
1291386 5774051
7575678 8522348
6137656 9353120
2551229 9197735
5054332 5001222
5900418 9576682
1302527 9259527
7484752 3468655
1131218 7222997
6882133 952056
1318348 514142
7352486 7659883
5053113 3983245
4341667 9629
5138043 15076
7347912 4671466
4921562 5000980
4987668 5001808
5080988 3742926
7437780 5245533
9546158 7503690
5273184 5524224
5000748 5079048
930502 33936
5351684 5148089
3425972 6838102
8151001 5408525
3619436 8907754
8083548 7389647
5074101 5001835
666246 1841011
723682 8311424
8566977 2375322
6150472 6196567
6338016 264803
176165 2913961
5007171 5002069
7473550 784849
5355798 3373566
1344895 8839977
7240955 9296389
5000968 4995866
9093349 7303651
464381 3906404
7338503 6014544
7544093 9496494
5036456 5415131
1951424 5665501
3282486 3301074
7079850 5797490
2503028 4354773
1015272 6594689
4844422 2450402
2343132 2598227
3515092 7150638
7943261 9905309
6327947 8886435
3846404 749965
7897504 3352395
2873162 6130194
9687044 5321415
6431209 9527901
4903103 4307883
9445379 3465678
7713768 4762377
3375451 3098202
4943281 5000469
8825157 8686121
5001006 4972520
7890998 835646
964207 6421690
298772 7468535
5000686 4927192
879256 698411
6860404 8603954
7577908 1503430
5588767 9137011
1111993 8678063
7440575 6149903
9745078 5569583
4990866 5001772
5077454 1887865
5235295 5652093
3545895 3769141
1642259 2582536
7652722 7186422
2773421 4550389
8204698 5082135
6834583 3226532
1732868 4190966
1067152 7492335
8456058 9149797
2774311 5802319
6311704 2100808
2074829 814281
4396710 2887878
1703297 3777345
97275 3044789
3482317 1370546
699168 8570357
1796826 1772170
4580645 6382795
4900443 5000465
6916198 2122940
4971999 5001527
656281 3842594
886720 4424747
5954441 4985852
4462562 2929799
2101775 3749172
6047894 7567364
6795441 8221853
1166289 3084337
6255933 2869756
7245090 7619718
7174977 3975960
439368 2199393
4614363 8296911
2377627 6607423
4368252 3103196
7793294 8515376
5305129 5859357
2039846 6441323
2184822 7111254
2497624 3899102
5919063 4459365
3684703 7426840
9624784 8438529
181519 1860122
2844659 4600771
8479839 9146564
4404958 9908592
5072805 5002155
966761 190957
8605781 9224348
4961681 7378169
5966365 6194829
6636674 984399
5939829 4986307
730625 1721253
6991424 2279713
6454067 9553285
5669734 1535545
4570486 2919323
2898346 8165375
7381142 2268474
8266794 3601624
9541290 3476599
9864131 8778389
7563808 974516
1522922 9753832
2331692 7595
5167832 6250663
4692425 2379241
7600008 7787910
9618315 6772136
7442377 9119430
8585077 2457991
1822361 7457510
8546969 9948311
2409514 6903129
4057691 2159066
5030983 5002497
4129268 2114788
426158 1707654
2465396 8519879
7636548 2548792
5118975 7522929
3215508 9861447
5387624 8935868
10594 8242293
3134311 5582699
7865035 7269154
6807637 2977494
5000644 4957162
1816918 1669131
1913067 3921312
6751560 3084725
1310415 6294363
2711981 558427
5649787 3175238
8751873 3546460
3270219 4666068
9310357 4165394
901549 9369759
9981218 7225003
7985471 3521228
4386436 5867593
4508639 5025233
1729541 1934489
6299669 7849941
2420337 3798369
8650712 3127270
6748916 7896261
8893029 2983989
9514508 3405105
5158208 5400468
8607910 4074378
6345002 109111
6979376 7030128
2958067 2311641
8030855 5075650
2232696 7065190
8786368 2846972
3733105 5484179
5368304 7787432
3714732 2383007
3594968 7263802
4288012 4618002
4013423 4129299
4507095 9571709
5542210 9117040
1016412 9639342
53068 7693389
7116166 3075401
1782093 6520996
1031 2510903
2237180 6730097
5001534 4991104
5062979 1394040
5055782 5000624
820270 5191873
1740015 194501
5077075 9230733
2332318 5225676
6959650 4492984
8770149 7965082
9648236 1757803
957587 5860119
137848 3811988
2642708 3107005
1146872 3391121
4220868 2986598
7904071 8961571
6706253 607159
3367840 9801023
347385 5583894
3732265 2660314
1342906 8811846
1293814 1707740
1791803 1359931
1573678 4339653
1384606 2585934
4225888 1954146
258960 4172231
6984599 5221
5409091 1821517
893397 4847039
7918983 4787706
4590580 4951764
7320034 5008233
1727963 1187675
2680464 530721
5619419 5777826
7702551 2264795
5336414 1179189
9120528 8867411
5901241 2433035
6050147 6434773
5411920 9815397
6735790 34804
1318478 1965457
710853 8251827
5001107 4980943
4527441 1833896
4665506 4951483
2834322 3032033
1521582 9912190
7360672 8468761
4755917 5542231
6805456 7436836
994860 3904744
3606895 4931078
680927 7357487
9477498 2976168
5724213 666172
7850160 8981883
7096708 4028309
1631710 1409691
6401994 5369820
8469686 4664141
6655826 4004525
714484 9681188
8631707 453895
7632581 3079983
5102362 5001376
8540317 9267838
5016691 5001933
800068 3200858
3084549 6842027
3939906 711597
2682943 4061598
3646146 1032107
4979772 6980557
4214514 423846
8090957 6013497
5699751 9706715
8834478 9614240
3474601 4612835
7919996 1789632
5158938 7393443
7732760 610285
837999 1804097
8543071 5186790
5000624 5075312
1728617 4083218
8439904 5595600
7208271 6821902
4393376 5940989
6363900 5199086
5013754 6429754
8637256 6091214
2709420 6000151
8822691 3633207
6912277 8044288
6044144 4727422
2503078 54872
1578806 8136217
2917818 4896782
8707555 2610037
8584279 8501250
4918906 5001870
9185221 6050154
6303086 4653862
5991549 5518346
2213860 4759286
9413919 4557970
3807517 9150176
8793813 4917137
8467913 1845816
5684711 8671250
9556154 3984873
3392014 5399823
5001324 4931966
6354474 941934
7999668 1490083
5293339 2719390
8711311 4940221
3607258 8661573
221145 3739572
3036797 4787462
3267020 9950953
3811986 9417207
4475682 7323715
7243641 6270820
6238744 9571306
5099385 7945790
611594 8597673
7488656 536449
2002793 6167045
9516177 3226722
3879498 5596061
5000216 5045538
1040502 4224078
8287301 887854
406081 1416565
7901390 9522135
8930623 6991055
5573827 2522699
7123216 3869018
5392788 8979547
9655667 7088205
517515 8984158
7416446 2434272
2651294 2805256
7844888 5160340
6532796 8508868
5403792 3203916
9535 9266906
2458472 4596506
5483368 5171238
2609923 9421165
7005351 6921970
3568915 3892786
1958680 8967605
8384781 6861513
2022285 5900611
3998238 1702735
3365379 1871877
3709257 5389463
7531271 324361
8324961 1905148
7441709 8993031
3001483 9883655
3640508 5910646
9722665 8068753
9499155 4852509
7313586 8258831
8950873 4415200
7915282 9764712
7833247 2856796
5450199 5414023
9784816 9535731
2445425 5916806
7781864 2139827
6329024 5706056
3073945 2194818
4959361 5002253
5036200 452115
5544755 1208619
4327659 1461475
1428289 9851958
2127179 3570541
6979737 6011183
7626084 7366418
5823807 87927
7642881 1327483
1203574 5698212
4754402 4225936
5664950 9713787
6955958 5914760
1093395 8021734
8329235 7351650
7660276 3443843
2832259 4967782
6047229 8704659
5607999 8659345
2075186 1812966
3568859 9405974
5070596 5001238
4757584 2400912
6418507 4926738
4306934 9545261
8428529 8319831
8323402 2211134
3923532 7102938
1866297 5685290
3588830 80021
8351123 3911606
8268325 4651940
1474811 8686600
5012864 5002434
4442018 419465
452730 4297433
5102919 7948966
9032192 3264177
6181905 8025875
3369201 1354901
5702863 701134
6308097 7765956
5797458 4095694
4288021 5520545
5297932 6662585
9366334 1433725
3592318 9112321
3153067 402358
1374172 1913712
2158671 7034690
981626 4400506
664427 1019143
5043459 5002295
4954365 5001301
550026 1784363
2920375 7405180
9993975 51053
3103690 2339849
9488879 4410483
8547019 3071184
5512546 2316244
1542749 644562
5045279 5001797
6558918 7441508
5746455 4734671
6493208 3170371
946907 9429018
8826804 3497027
2794866 5267588
1158056 1380974
5606908 9770848
6877315 9728996
5894097 6523538
3555620 9205623
7513950 111511
721683 9097840
6089776 9843421
1560030 2975633
3368098 5399896
2361503 2126164
2495339 2029288
7699534 8977987
4480108 5073466
5099097 5001415
6598911 5423350
773250 6733027
8968650 8751207
5008851 5002607
3420896 5622178
1422650 968140
627635 388024
4856221 3438061
4909747 5001765
7578413 4001557
4941688 3557617
3788174 5667521
4280444 9710911
809586 2214251
9039631 831625
5728356 2808934
9032047 8774046
5000759 4932643
1877872 7619429
9112819 2153836
7452092 9369617
6964387 8158762
223861 968868
7923812 439389
1302686 1780040
4553986 3770630
5002659 4898249
5002097 5098415
8382336 5711551
6804481 5795400
1567050 8624353
3129995 1001622
3452481 1934129
2584617 1523696
130041 4846161
4294940 5372093
9278487 665986
8455176 7377567
4958398 5002266
3154253 11451
7086059 5007658
5164362 9230164
6742473 9800122
9098914 8810995
7615670 6970010
7049677 2853795
401758 2928233
7447155 5604806
3723421 7654181
5965717 6612009
1835868 9183830
1085400 7822751
5567095 644127
530680 3102146
1345744 7455851
8810598 2410831
4124805 5552655
9196294 5462258
1347550 1743837
7011443 3581790
1697789 2793177
5001152 4994908
4101210 6494485
8002658 6771797
6788384 7902647
5019355 5001099
8750091 1692688
7247866 4333269
6148596 1928002
7931201 5667820
845555 867258
1287658 222368
5001160 5012066
5741949 4844633
7144464 3089523
4604886 3293490
8926891 1919332
7319286 668404
5763632 8025135
4546493 7426538
1979584 950881
2932301 5646586
593595 2642930
5965677 6161166
5416933 5730510
8067554 1974269
900107 2193940
4907100 5001060
1762835 3016398
3355283 1595198
6311056 9238466
3866807 9324593
1690802 5984744
4245012 3110829
1250531 2199077
4360432 609869
4844139 592171
7318027 2693896
7335185 1333707
6215443 2592435
1419816 6858808
9557699 1697856
8961148 1915742
1318846 7348960
8398738 2063812
4747633 4178104
8733102 2275135
9515040 4375578
3576688 9780394
8314352 3167556
6830153 8716773
3702714 3442590
8549616 7316169
7783751 5141599
9131306 4458116
2098589 2355266
2194795 5261280
5259885 786701
7168815 5528550
5000334 5055220
5090261 5002453
4984072 5000870
9540365 6107140
7908228 5375651
3638755 5165527
5000296 5077080
1670048 5352499
5333491 7347544
2919105 482581
1833767 7966441
3910290 7831889
4468703 9610836
7660917 6964173
5000199 5027387
6761438 367473
3915538 3731810
3581677 453833
5001966 4920576
2678068 5032348
6744346 6187719
9478313 1946373
3125127 8733698
3032914 3955304
3896930 8831605
3972921 5196081
5907509 6551846
1048678 8714283
5992862 7646886
5008608 33079
7643103 16068
3338101 7212572
7934565 3523643
8624062 8480861
9433326 9122613
599151 8061151
1270016 3309110
6404197 5557851
5733783 1086569
6291295 2435710
3262710 428703
568984 2118248
1833834 391484
6393538 9710813
4559082 4117896
489158 8836841
7216217 4352746
6625375 573812
5972378 1785974
2380448 7074192
6894137 5004256
6617930 1548827
4922752 5001052
7924196 4550071
7861809 3480516
9930140 598949
1769290 2595771
4870279 2020719
9386627 9342644
7246342 1854037
7632102 5844933
3295216 2382569
6588602 3939896
7539449 7041553
9689522 5146455
9099260 5762228
452353 2983754
5000162 5003630
4992585 5002041
3223944 9110657
5024168 4342092
7701954 8146449
7486922 4526623
8931138 5393837
8842865 9948502
2613764 6246546
7586907 4027362
9282679 7976746
9325989 8050915
4950541 5001125
2132264 2764546
5096884 5001810
4968683 5001723
1717270 3870736
7135715 160863
3299567 9534450
4664145 2801548
7472254 8208060
1725131 4195024
7383664 4782727
5176682 6488280
945737 9386900
1088076 4488434
5000744 4953614
708245 8960230
8583961 3067635
2096908 5042086
9116021 1609627
4878972 8736345
2591928 2466441
5564754 7178771
3249364 5682428
5357178 3648118
4941125 5000525
3502481 4481336
3000513 4025870
7798573 738724
3924855 7638364
4589710 8600048
6941867 1696537
5104552 2788643
2144758 9908908
2266171 5661168
3354512 8637988
7021809 4523012
3342051 8953384
7027540 7216448
5936642 1002350
5823998 320094
9085325 6902863
3228547 6173100
2947638 1405461
782482 5682929
7943876 6084191
753801 9016334
8457734 7979889
292942 5992847
74956 8584187
8870143 7507779
1762327 6952510
8340465 5508553
2630673 873611
4359429 8356830
9678455 5574580
4354024 7870478
3059574 4015434
9169414 8713469
5478146 5674467
8026961 4729423
9206159 1357841
8041699 7973244
5001369 4930231
4286120 5315036
8223486 1664350
9275281 3028602
6653592 1647266
7017966 6626318
9734925 6340442
3549637 6456818
488768 6529025
2027675 1656335
6627274 3978148
8897525 863608
5226360 8998513
6564674 6966417
8433775 7567966
6239877 2042648
3687428 6383490
985141 8597021
3479481 1352219
4940124 187311
6126007 1845080
6573911 7415637
1529282 9046303
7732923 4858950
3112460 3486782
2761283 9796945
5692158 7398262
8825724 499358
5852932 4145072
7349671 6822838
5771907 8772488
2531998 3044855
4212264 1652911
8356658 8632410
831109 2904169
1294115 3024119
8249735 5044374
6084210 1562934
1093794 5684280
1674599 7761530
1848966 1470315
4865705 1534881
6132753 598695
2015088 6756311
8870764 3139383
1435837 5264972
3125000 6603776
408842 4903837
5011927 8976337
2165675 3078309
9898633 8731678
3803763 9095365
683669 3981
4102671 2118498
3255913 8496072
3548475 581296
5002775 4901789
7698890 1439993
327282 1831729
8311606 9697099
8190627 3242293
4227406 734418
2724135 9363732
1654110 5506702
1004258 922284
1676744 3767433
586062 9000085
5731153 6544480
6660070 575250
4963944 5002614
2960297 3148884
4989735 5002079
2897688 7340327
2146456 624525
3962087 7169886
6349308 1499854
8841005 7359547
5777367 5488949
4576723 2341663
8108968 5581727
9572027 1349536
9257457 5240091
874266 5663346
5489084 1887104
1158216 5472846
1566882 4254840
2132972 7637958
6108201 8923104
96885 4689089
2877298 5810343
9850913 2597984
9006073 6534868
3095026 2893515
4977973 5001183
6600978 5635494
9247167 6935072
7623012 5692463
8038954 9740419
3560690 5678124
5247024 3848974
8576484 7871474
4343024 2369997
690692 8673004
2195413 911918
3685794 7876610
8321105 3908361
4438339 3942657
854909 1190206
147739 5563283
7137574 1197548
4167743 5101234
3745793 115019
7883556 4986766
2753076 900269
3723039 6118771
5065238 1974196
1567701 5741828
7006546 3788561
5420587 5168710
5251791 514607
564387 4178720
5641282 2716180
2123807 7775554
1053628 1314717
1992113 8865429
5062715 5001061
8613740 3561898
238147 5287832
6547517 4402066
7788095 9107031
987677 9508855
4811597 5431722
1167885 2457428
5001001 5010457
7067540 1162666
4999886 5050470
7858367 6553067
845773 791021
9917252 6773318
5502157 1566305
7536383 4830699
6498225 2499556
3645576 7449415
1248741 1737869
6091252 4103801
5815600 7361879
6842695 3949891
3180472 9992441
9589253 9182339
8341166 4911979
9102453 9165228
2679920 9209929
684966 1818029
6226864 1105318
7622478 244583
2745594 1916153
3891234 7075226
1990228 559476
5534842 1050481
1169347 9449127
2839787 3157545
8887706 5042209
9680586 6614550
4947890 5001180
2564575 1190546
2536469 6499880
4174465 2321959
6004307 9849012
7970261 8548103
8305538 1779238
2940470 6357672
1775751 101205
817915 3242464
4245355 3199331
5520496 9773143
5707507 7535177
9811673 5799039
98654 4771904
2390284 4921424
7586415 6722862
9802139 9685331
4362398 8672302
472816 9343042
6980871 8537199
5004921 5001461
1747999 9827510
9298299 8979916
6652805 9601355
9535786 5320779
1445772 5055477
4973430 5000618
2519747 7204172
6454368 6588990
2759337 3895280
3756612 9053563
5010858 5002368
7132401 324364
8922438 4891828
5000431 4936653
9580919 8181815
8315295 5324969
3888490 6237083
1631069 1233957
3076801 3710530
6747981 4702649
5070179 3662807
1676390 2105584
448913 6672255
2774595 9042722
5971948 4721256
9721864 7017925
7627579 1837377
9726051 5073625
7380867 5205721
7527796 3291922
6151014 803165
5697500 9978881
4355655 5314442
4613407 9322566
596760 1506521
1350103 5547792
5753527 9913460
634331 9187226
3791015 7321619
4899209 5000099
6603448 2407374
3708782 2227407
6199237 8986285
5711852 499571
5981196 7600011
7145398 4115645
698391 342305
1377376 3457810
307631 5639119
2795614 5285847
1447227 5941832
6402691 6206445
5648243 8179214
48262 2197260
1965617 6972489
4804559 2348564
5052121 5001645
7929706 9903503
9344309 3022476
3189569 8468265
127342 5144001
5064498 5000720
9420360 6337716
6256237 8019269
336610 8152701
3771501 2198152
6877600 7550473
5426118 9212224
3928779 2252822
2257074 5974600
3100535 2780798
9967609 6147302
8066738 8445125
6775526 5153081
8937011 9301256
7008586 7115570
1158524 4328288
2394589 8948570
5075435 5001941
158256 1617208
4999651 5001639
9748612 2953304
8283952 3839853
4917519 5868878
7497377 6247887
8180275 1161788
9092087 7696605
2078600 8096811
2173737 7335329
936915 9097916
9665324 2654950
5091741 5001849
9270999 2097052
2451800 8484732
647110 5892521
7803386 4286233
5279256 8392588
4274224 9171689
5607648 5379441
7771887 4353144
9538957 7582039
7707994 9610955
1549249 5716784
5633179 1222580
1303615 1353335
8842157 3005480
1226599 7731114
5000259 4997611
935730 5497822
4211314 3849012
7460068 5283921
1741909 168840
5479695 5945871
4958822 2807168
581048 9818497
9263513 6510890
7053218 1224524
1002000 9542776
2114579 866456
2929718 8718817
6640232 6851727
2964842 5912331
3648830 5628125
118429 7794695
4107134 9176141
5059025 5001163
6175222 7410316
1716184 6923148
5000070 5047006
9804892 4699291
1894148 6869482
7662820 3490427
3425174 9670435
70001 4219137
2461692 3791512
3852002 8703496
2451584 8504745
6490628 2160200
579781 2685020
3519356 4060985
1784765 7858326
1062027 8066844
9246592 5055531
3308219 7031524
4961691 5002931
4805081 5697473
7930410 9327055
3135417 9412194
3361016 1084933
730510 3711230
5912967 6021429
3358124 9602847
1756179 8935601
8426993 3186358
9828843 8023684
5003220 5000572
8866644 8990686
7204954 9368635
8872414 793351
7621049 1710893
9458049 5760268
3690465 3483629
982508 3287212
5001182 5070652
9414261 6596423
3858350 7493430
869245 9673156
2386992 4351758
7855361 5576599
8258487 2606720
2389457 4847518
1466609 1316167
3266452 114327
8648713 2914756
4231817 1976180
9153660 5483008
5024616 5001922
9177755 3224172
5039519 5003115
8776933 5647092
5036998 5002646
2252506 3807947
9154682 7964444
9375399 8558088
3029886 4798682
2612442 4233200
5082365 4604135
5867823 2541936
99432 6724333
9858647 8962100
9626369 8325876
5020734 8883872
3456215 343564
345491 4589315
5691711 637508
228953 8157121
8539812 6263090
5699531 1680269
6936207 5864287
7965391 6456153
8492654 1442936
9287860 9905074
8233432 8367621
3001389 1877375
851582 1277041
3504969 931628
1016612 5241269
52304 8397448
6314210 7821965
9995942 9960360
6641904 6329128
8163297 9054972
5001477 5013821
8624007 4038898
4644695 9266925
8292744 4179483
1649418 1488356
7554854 1556643
3781142 5426094
5085400 5002016
4376735 4012928
3694872 7327824
3306824 5355299
5841116 8067567
361780 9099367
3738646 2360249
3105519 3308117
7596149 7722640
147791 9943775
4956242 5001564
473469 7466311
5003021 4916043
1966008 3286762
6030646 8490776
250630 791740
3782398 4468604
4768641 1852408
5034665 5002667
1842197 9468441
4598308 7251110
8095867 9975866
1233510 9548478
1971046 3302286
9913306 993264
3136 2069498
8167769 3376465
4258844 533889
7876719 1292538
6386737 3245378
4609131 1435252
7789588 9496398
7410629 1026374
8089125 3181
7561091 5449390
6296280 2460673
7839816 140528
9152235 9474080
4734283 6581784
6678369 1346614
4999663 5061503
7566135 9600990
4999954 5052384
1789530 2809927
7305019 2385588
52377 872732
819485 6766468
7376648 3205196
7055806 6501019
30903 4057573
9708418 6466927
7962383 1293667
2506558 6857663
4123302 4830939
6475960 4039097
5216446 9863391
6449751 3384432
9368698 1103457
6167663 9737061
7245264 115028
8866067 5089775
907948 2257506
5925918 5270393
1915395 9912131
6569334 4633091
4073295 4668578
3584284 5204416
4399296 5998851
2587614 3758086
51929 2234029
5516303 6371298
4706138 5300699
5392185 38020
2288336 6760897
3445170 5909537
2591688 4243796
7530277 4084619
3634804 7244381
6738410 2590196
1197466 4525162
578390 832100
3136854 388242
1811201 5633701
8673700 4550696
8206800 7373299
5000616 4965942
4601231 8998688
2498906 3499800
1854532 8341416
9842349 1837312
2635145 2215241
1954317 6415853
4958891 935699
3915756 7645625
5037865 1278080
5007607 2447697
5000532 5030060
7142039 6505799
1859662 4538828
4007914 6052014
236357 9042255
5000506 5005876
8840086 2280136
1102159 3574603
6008831 2070598
4273726 4979245
4487740 1267111
1456641 7931340
5001953 5106673
3163098 6524612
735821 3105017
5026164 2469066
4681619 9867443
3584505 8666786
5016677 8972227
601216 7734418
8368550 3012849
748800 98646
1675897 6463993
4965497 5001875
3265848 4103677
6966143 4874375
1671699 2261016
5729064 5138519
2225687 2030490
7456247 4056861
7739689 9332382
1090313 9718671
5222420 8319472
4782638 9925889
5561621 9310358
8650252 9165194
3744490 5180556
5500036 2163062
8557071 3784542
8317616 8956381
549450 1819637
3548120 9191535
5114514 3775013
2911063 4493502
6061259 2957643
6787348 9304252
8089469 5614706
3936196 1044372
7133871 2534394
4713404 8357911
4495164 7891143
4904123 5000441
6676020 8311313
1048420 5707731
8943152 9364094
8541935 9483481
8535165 4533540
2117683 5719323
8192855 7755364
4926595 5001283
4900437 8272833
5371672 48747
4237708 7690712
5947759 3906204
7430613 3877348
5050647 5001691
434707 5324208
5185608 9402640
7524626 9198448
9674589 6838128
8466324 1284428
8415371 7092588
580635 5800539
89594 3091530
5762873 689919
3109965 8374097
6289331 2907110
4388817 4350206
4283449 4050677
8415261 8785863
787904 1441635
6847171 3625801
4742151 1662781
488780 1819269
6099040 651389
1335475 983389
2765589 1780198
5002921 4905239
8380690 1196569
5000500 4943250
160896 6047793
4924051 9342703
3071818 9003273
7531470 1767632
5000533 4997073
8398009 9583463
9052545 6249703
8113939 8042263
1711685 9481881
4913766 4359768
8033406 4843926
7736500 7565810
2424309 6883859
352846 2245549
9788169 4974259
5661087 1387375
7782538 1500218
9117812 4065991
2097892 5093967
3204938 4407601
8878544 5927862
6401662 288488
6503250 6456916
2087413 5894176
913966 3729244
9165154 8042846
4713556 739216
9058663 9292739
8123687 1221312
569425 2111755
3221265 4691209
8628535 6674324
4847229 1678426
9331715 1220911
9306598 9097519
5077992 5001804
5001090 4947980
6796282 1171771
3835252 9273173
9992206 5406125
8926730 814451
5074479 6754892
3375714 841586
6394438 1093802
5874586 8869299
6555247 7200271
9223700 242967
7740474 9556104
2553175 75665
1263049 3716099
7490402 537045
522572 188310
8437241 5801881
317578 4944225
4919930 5001626
5668600 9511694
5829430 8464229
7035839 334620
6877627 6316348
4460498 9336367
6505544 1779252
5258329 3540247
4997069 5000537
5086396 5002418
9900291 6793523
3749470 7931344
4863693 1400085
6819700 4825945
1973699 7995225
4031336 5024550
9293106 1804956
3199397 9339275
4936244 9578852
770502 3797629
6186133 4157381
1568126 183786
5975221 4258748
5370926 8956392
5752516 4074785
2534545 2373260
7509724 3608884
2530723 5874188
193928 6733775
5669290 7657945
9303430 8924726
188382 3966393
7333925 2321019
5353306 2792928
5938704 7163437
725329 8351539
9685793 2694221
5828100 3217528
7984620 2437957
210256 771912
7009027 4069247
4577907 3851299
7675828 3822608
4997941 4999929
6145933 4772217
7443538 1218073
5732343 5550950
4237010 7281759
6593901 3490022
5002117 4987359
7347695 6329287
4241375 4695630
4980902 5001148
9405032 8568387
6029613 8970780
5814125 7575718
5152779 4303961
9894230 3264922
5930783 9177633
8525620 9282152
9251362 3227941
4324130 6523234
7054655 1084466
5947842 6319274
9997480 8021466
1928672 9337076
5746284 1092770
4823705 5227582
5000510 5048660
8441190 3908535
5080306 5001386
7194077 1254515
1205258 6900211
7815987 3149591
8183713 6136733
8225832 961994
8723553 6194682
5000586 5023796
2627629 3127732
8272434 8638097
879379 2873104
3935770 1644479
5000174 5026364
5000675 4928409
5000719 5069891
6417539 9176247
5157854 6976121
2851185 3263610
4418279 7796250
9013327 9489545
2785227 4187908
3535906 1733073
3554459 905041
1933517 8736744
1091023 5661114
554188 1329948
6090333 7790703
6102348 7295981
4272892 871452
4904514 2505850
99473 1888746
4786761 4154626
5002470 4919086
2072391 3260051
9041861 2973280
2702704 2358954
3486997 4984995
5000086 5043954
838234 2279092
1536495 9072094
890119 945298
859641 6069696
4841633 963405
1839755 2005616
3417618 2750470
276112 7567741
9827127 2802322
8467048 1939189
3050572 5757962
9771949 205191
7837652 3287217
4953104 5001254
2835676 778839
202746 6708954
5741459 7425041
8125509 4873454
9801638 7149919
7261763 6610031
7127408 2970915
1432797 3386962
5107562 5001064
9831914 7481798
111138 419828
6700086 535044
9673601 5376155
8441208 9470772
37659 9448255
5941784 6806907
3917241 3674645
1320670 299839
6403386 518692
399144 2165014
6675295 2975081
1554199 863183
7332155 7452077
6453617 165704
1567391 9777462
5647689 2025969
4191322 4331487
8550005 9564755
403952 789055
4974773 5000963
1255847 5186954
1730357 2905838
9438380 6043345
5925326 2042871
3488832 6555253
5001858 5101880
6298805 8703404
556940 5037919
1030701 6372353
7775630 4797973
6819843 2924376
6961662 9588359
7340948 7536264
8807601 6851930
3734503 3691222
5478920 9028881
9635803 3184300
7624618 2857796
9660795 1110583
8745447 9976098
957141 1688744
4211950 6501670
9726493 2244477
2883900 4306787
3165177 6209947
980966 4599699
957241 9832201
5001828 5018626
2806534 6225381
2719534 4390489
6745917 6903350
9701062 6107205
9156065 187847
5982712 6092703
2621043 6578938
4106405 2463837
2798212 2891219
2261789 7525217
518611 5358951
9840397 266970
9308742 6523014
4296472 1179354
4513180 9945683
5697180 1708550
2462212 5477999
7787555 1150119
723440 9079107
7229562 4264699
5166076 344988
9132840 5320521
3253150 1331124
6692465 3911046
5164533 420491
5001354 5073606
726038 9212991
8306582 8908320
238702 8770877
9451778 2352423
1367761 2812301
9518088 604069
6140003 1512147
2184303 1107450
2907830 1214411
4559938 1895560
9795679 1983620
1830757 7518170
8718324 2134762
8119000 7378859
7358137 4680765
4402895 3422625
1836520 6945989
4084690 3304302
4764 1782264
1490483 2219269
2998765 8131472
293917 2308716
715344 4373
7373615 661425
7037355 4734507
6597633 4435920
5497038 4602001
7670996 7472887
5038095 5003421
539666 8422527
5384439 1792242
5369553 5413821
270481 2326293
2187002 2161692
4493823 8729044
9348894 7789453
3130741 623220
1089287 1514694
5001753 5016871
2769875 7509086
