3000
197736318 180280028
178700497 155442621
212787101 181962145
189208173 167662533
98072832 177664926
202962704 139638526
181146366 175241008
191322231 151278999
204208448 143547890
208473595 185215719
196035996 174490356
182103307 158845431
186397977 155573021
178452671 169303667
192477149 149557263
201513730 176502616
190522856 156793406
194602860 183413486
195833737 165008781
200743658 156104316
215107817 184282861
193202889 169945013
180824765 157566889
146224240 39074181
190209773 166222275
172438350 150892710
183000191 159034221
176912293 153654417
200456859 177198983
209617724 154966362
186454937 172039157
193924826 153391436
191619908 164812140
169414237 181458537
210079678 186821802
192950019 162356347
201680993 178423117
200025903 169200947
200192879 147123383
180750669 174845311
376337350 464399857
188393845 168038203
174733215 144139543
186907724 163965050
180695615 167060723
190810212 151224200
191293895 168036019
177789366 171884008
171762183 166291499
200454357 169860685
210698362 136617900
205221554 137379676
170415389 164944705
175865841 169960483
191622273 161028601
173329668 167424310
207065393 176240437
185855074 165017700
197347121 150409217
175789756 171526506
176254015 171062247
355219188 17107770
192927422 169669546
203393118 172568162
198914814 154275472
177504393 172033709
192660662 149373750
179562742 148969070
182943143 181640943
185581042 154987370
192516827 161923155
169561688 164091004
208114419 177289463
171696610 179176164
167826670 183046104
166722566 184150208
187096977 156272021
192696415 171887671
185263125 173230969
191911700 155404562
175164453 169851359
202994058 157709124
182710941 161165301
193304245 171279841
177058017 173814757
195750040 152006298
178268203 155010327
195486858 155385916
325834108 253247507
197712243 166871843
189359355 152675057
186651973 156058301
207123908 135477322
200407831 164176255
179505130 171367644
180013188 174542504
196454555 165860883
180080874 167235388
207213861 135387369
195375495 150090561
195089231 164495559
179537488 168218850
185359008 179225078
198078854 152793920
174408331 172907931
208359155 177534199
193893597 170690489
210196752 137119510
196273517 174727877
412857205 172096482
158920447 191952327
199284899 168691227
211408737 188150861
196945759 175400119
179056854 168259408
171348272 140754600
206861606 183603730
180892941 157635065
201016073 170422401
198696471 175438595
182896309 167976465
180131390 158585750
188689551 153344861
205832882 141483380
188117222 162755552
179199446 148605774
173947465 176925309
196197840 151558498
195923230 174377590
197576650 152937308
194063528 163469856
202350452 145405886
183256293 161710653
168969710 181903064
192771346 171225706
213589599 182764643
192481869 158390905
195187685 173642045
192208245 168950369
191090357 145805423
185260276 179789592
203762997 180505121
189083756 153517474
185310046 292197118
200138573 164445513
203231975 174784371
211532261 180707305
193393084 170135208
190831149 160041625
176303044 154757404
198293091 310640110
203074977 144681361
176599079 174273695
175913630 170442946
202131693 171538021
233462098 8357919
191077343 151523887
174509654 152964014
165815181 185057593
181373428 161227802
198787361 148528901
209002749 155581337
208250786 139065476
175523452 144929780
196665282 150650980
191168143 160343187
188506406 154094824
196543603 151904261
197723311 152438377
200100977 169507305
195496997 172239121
184098001 178627317
213140302 182315346
199079750 175821874
188081582 154519648
199109201 148207061
195835870 165242198
194718534 150079192
168683901 182188873
175996412 171759926
222488289 191663333
164253558 158782874
201459087 163124999
184946786 162369476
205561451 182303575
176325949 169345497
190725345 157030993
178157875 163876537
203207258 179949382
186941417 171552677
191352709 160759037
184718270 162597992
186697790 165152150
186172398 168273886
199786448 361824964
195720227 174174587
179364994 173894310
188571608 170673096
179320701 148727029
203711745 174304601
190710036 165722012
181435438 166320900
183595228 164161110
187809218 182338534
181133795 157875919
198040279 144560951
194165129 148436101
201852859 157213517
191957233 170411593
196464717 146136513
172642581 175113757
190146951 157609387
201465905 141135325
178107426 172765348
174314147 173002115
202818081 139783149
175546808 169641450
207597101 135004129
191784963 147145621
188694980 159061358
203511261 172917589
191676256 146391322
159753934 191118840
172815096 166909738
183851349 158749881
212927231 189669355
203316511 158031577
200216623 155577281
176016688 169654758
188733988 157909032
182426653 182157433
206078598 141237664
189242435 165984559
329709784 472788101
187700146 154334266
174535883 173220455
181612306 160988924
184183800 162638160
199280829 148475509
176588121 169083325
195784997 168799089
211338755 188080879
178253257 186330829
178268731 186315355
202386995 175629351
178988514 168327748
193405275 162811603
206268814 183010938
179883781 174413097
181307011 175836327
192021175 146736241
185213007 156821405
200234686 176976810
189161304 183690620
176124858 169546588
178413826 173100732
212767508 189509632
190805591 173778495
196516222 174970582
194397126 152919136
168104365 137510693
214435797 132880465
169996104 177760234
192558804 169300928
423494402 159493581
189242702 158073560
165150452 159679768
175768913 170455819
188965754 153068658
188407671 166862031
202705049 139896181
192959029 149642201
194919035 149634101
203576315 161007771
193126344 154189918
177854826 173017948
194484426 148116804
202004322 140596908
204615989 159331055
195548674 155324100
203027444 144728894
185813814 156787416
163199656 187673118
25854477 375535449
173208561 167895467
101322340 237101775
283064136 173007368
188185130 170286618
201354494 178096618
190667163 160073491
213459047 182634091
206247723 158336363
203221954 144534384
169362029 147816389
189304655 169189439
159389286 191483488
188143201 176440885
197038972 175493332
173594313 152048673
174725684 168820326
170332923 139739251
200532308 147224030
200002480 147313782
180265463 174360105
183236620 164079642
221473576 190648620
195546708 169037378
170033171 180839603
189833717 168660377
217518923 186693967
209747354 137568908
179617702 168138636
190023641 166765765
159444418 191428356
188246972 157422016
182692928 165063410
186252271 170179777
169404864 178351474
171383007 149837367
183110627 177205269
187539760 164281884
200575404 164008682
177629987 172159303
194149349 163324393
196632492 151993150
196782469 150973869
205605280 174780324
196935742 166110786
194831953 152924385
197099225 152459883
197033739 167550347
200024637 154739703
199637880 168812924
198588574 179427772
178981632 155723756
177778590 172939036
161502156 156031472
186930577 155103835
177645154 186938932
212262226 189004350
193305768 184710578
200529428 169704472
175476895 144883223
175605311 172151027
188660750 159095588
200988929 177731053
195825008 165231336
234695921 440044493
192254710 161429754
198044669 152828105
194411111 162020937
193013900 154302362
204327362 173733690
173062548 151516908
187975620 164717744
191314890 150719522
175500006 170186912
177685147 173187627
173174898 142581226
182312197 165004065
209302466 178477510
189163504 165905628
197150442 152511100
189649546 168103906
184831910 162484352
185872717 156728513
204570833 173745877
195381622 146652790
187474621 155126609
192449584 185566762
190894210 173689876
187170649 171323445
163968603 186904171
190285257 174298829
186926188 155675042
193865748 148735482
199127053 154487711
390337052 435353450
189381097 158375241
185244547 173249547
179460962 162573450
213051666 134264596
360183158 289074073
186622757 163364881
200941946 177684070
197660570 174402694
192705882 158166892
197490055 166665099
199259578 165324508
178141663 154883787
489898381 137020818
181520659 160513753
182866375 176961017
189311541 158717869
195863634 165269962
175016200 144422528
204350660 173665686
195569178 172311302
71615526 43962661
194684153 150044811
200256814 155617472
176148567 145554895
199776594 147979744
193022000 162197044
184833676 162482586
192382052 161557096
192177590 150423640
180030542 158484902
202119677 145636661
197075057 173817181
182956421 159644809
174368326 171303120
189828082 145188740
169357722 138764050
194734160 150094818
195985605 165391933
200117556 169292600
182257854 176787170
198533490 149222848
179016194 173545510
191883248 161058292
161803974 189068800
184339760 174154334
190908668 187107678
195813593 146220819
179775976 167540286
176596765 171126081
172435877 175320461
182832584 164483678
213195793 182370837
180650423 175179739
176076391 170763297
199516251 154231317
192385000 154931262
194742897 183273449
186101300 161214962
180778766 150185094
182305394 160759754
218660063 187835107
197751114 152466180
186847436 156253764
201493760 175658969
193272934 162679262
205392281 174567325
206085450 158498636
162270805 156800121
168567481 137973809
184990122 173503972
185964137 164908637
193482518 154273820
179162139 155904263
220403416 189578460
13339731 108355052
173345020 167874336
205589527 174764571
174189481 150931605
201882947 156598013
182534715 164781547
83168290 430679885
197209188 166384232
188528951 176055135
180483905 167272433
193959589 163134633
22390161 32450521
175086610 170584836
168379429 162908745
207044440 140711898
356007579 334732887
158896868 191975906
199354945 178661401
171421302 165950618
186008907 180538223
189076555 158482883
169612494 148066854
197429722 166836050
187373970 163498804
187618521 159697741
165356194 185516580
199154741 148601597
179467042 162567370
179093700 155835824
252520880 283798249
190246137 184775453
193618285 148333351
183980108 160722232
208748556 185490680
178111677 163922735
212858135 182033179
196232870 146368360
199771596 142829634
194017219 183999127
160361394 190511380
172279905 166809221
187173770 181703086
169804587 148258947
179536823 162497589
194307342 183709004
174144149 168831055
192368391 158504383
193253571 154502767
178278278 172594496
182010103 165306159
192835907 158036867
207852934 134748296
197866870 176321230
176738531 171017807
180401991 184182095
204787762 159796324
199495172 165088914
202091043 171266087
192122944 172461142
182557846 165198492
194672909 152643353
174879217 168973859
195830662 168753424
172292084 178580690
215200956 184376000
198570311 167976639
194033223 149393881
182722504 165033834
195727041 150442107
190860392 160266720
189004262 158410590
163159744 157689060
200931249 141669981
190584650 151449762
173841030 177031744
298914787 317533830
181946140 160400500
174559385 153013745
180949382 330042690
207249574 135351656
177050316 168621130
203397961 174618385
160621031 190251743
189227168 183756484
181611603 182972483
198221307 167627635
188040003 166494363
209517549 186259673
210475092 179650136
192516660 185499686
195210408 152105854
185204270 165668504
327645511 495197289
172480712 175275626
200518619 169693663
194650037 147384375
190710337 165721711
192004398 186011948
162703475 157232791
175222416 172093846
195958138 172700262
221230335 190405379
173733124 143139452
190529390 151505022
193378613 184637733
203544233 139056997
199684705 154399771
200294828 142306402
205036227 159751293
184035888 163280374
199180069 175922193
164668389 186204385
209743089 178918133
187852602 159463660
205120594 159463492
98841742 190402814
181144327 166612011
200292378 177034502
187421912 164164036
207894742 184636866
200995545 156356203
175737312 170266628
190503750 159678794
174167370 173588968
191367816 146728474
194364645 162067403
188448131 162424643
173114418 142520746
189604725 157711537
164014111 186858663
207218443 140097819
176523373 171052689
193302834 170044958
171426705 149881065
204247310 180989434
166755290 145209650
211353056 188095180
204583845 159298911
177906535 154648659
173598919 168285825
178106794 186477292
179710277 173804919
177240608 171769924
210637975 179813019
189626408 158801452
177132071 155586431
188953989 161918785
183607016 163709246
188015035 157421363
205759913 174934957
177872919 154615043
180258919 167057343
196281931 165688259
69620520 230875354
203368104 180110228
186563594 155470818
162329439 188543335
205777162 182519286
188292367 159023895
181091385 166224877
190043676 160829098
197801983 176256343
205666600 141649662
176148699 169522747
180325072 157067196
221247573 190422617
204789924 137811306
179430704 157885064
173240976 177631798
193073628 162248672
173955672 168050314
196760820 145840410
194181593 148419637
188154662 170339432
182753673 159280739
200667536 163916550
186552848 178031238
201951474 140649756
196374383 150941879
186314042 155720370
176851551 171538457
160281166 190591608
164179614 186693160
183930444 166942330
178678069 157132429
160061232 190811542
186204330 156396900
177506489 172193395
187663230 157069558
178583404 172678046
206989117 140767221
199685624 155046282
216199609 131116653
187216604 169215444
174426393 143832721
189149855 161722919
180281900 157024024
203082770 157797836
179336480 148742808
204684565 142631697
186563528 169868520
208905554 138410708
203298220 158013286
181455599 150861927
189426480 158329858
190665965 157090373
193271694 184744652
168182928 162712244
191977213 161152257
213367063 182542107
186412834 164867194
190946551 160121595
192399235 169141359
173123051 167217693
163587466 187285308
193588827 170995259
299997201 465470214
213499581 182674625
195390147 146644265
197077740 152438398
184449057 163307281
181375890 175905206
188432597 154168633
185305910 162450428
178677647 168638615
187407626 163465148
176820039 171349355
195240165 150600823
189761207 145121865
19083629 239844971
177754074 171848716
185606139 162348263
202321162 144995100
210959034 136357228
197083126 180933220
195308998 150669656
176586651 170681293
199835456 155196114
201396660 170802988
194757677 164164005
207145508 176320552
191886543 158986231
181780202 160234562
197143590 145457640
16295115 254636320
195301234 150016300
198931103 143670127
190444609 174139477
208616918 185359042
195688496 151627766
162007478 188865296
174922729 151664853
210167150 186909274
173829279 152283639
193388108 162794436
337573847 198373290
200306921 155667579
209643764 154940322
185723191 180252507
193193912 149407318
201420240 156135306
204841037 137760193
189245679 158510659
187445388 160310950
188527688 157934016
166406092 184466682
192988919 149045493
193356849 171227237
201982805 140618425
185834464 156199948
197372382 175826742
167725009 162254325
160810732 190062042
187661899 154372513
197398570 149917692
186438336 178145750
189915083 145275741
192911741 154404521
202600296 157960954
193068765 154247497
168249958 182622816
479931883 112751629
212415264 181590308
164620393 159149709
207435064 176610108
200129680 164454406
211733520 188475644
29814127 378086189
187693315 160063023
169439316 178317022
170164479 180708295
178454517 156908877
197547733 180468613
165318250 185554524
194974742 147059670
203496146 144260192
206709936 141046402
203782778 172957822
196240490 165646818
215055928 184230972
172297735 166827051
175114828 172641510
196400108 165575152
192064654 164367394
167780771 146235131
191127490 185656806
189506960 175077126
209812377 186554501
194124264 172578624
184940427 165932347
199801364 178214982
190709004 157047334
164095042 186777732
201534968 146221370
186787232 155962276
296506849 497446461
180433952 162167278
175263949 169950855
188938064 144298722
185013218 165859556
187698766 163174008
194266780 162165268
209658858 178833902
191611012 160786056
185013260 157021152
203914264 174102082
175580979 175291795
206235748 158348338
188576051 159180287
180415758 166900504
183208080 159950204
187662658 164404782
178169947 147576275
195973074 151333732
190066057 168520417
195467481 150182547
181884516 294673294
201473267 170879595
201817001 176199345
196809658 173551782
212954985 189697109
185309512 156724900
187353513 171140581
194265219 163440263
191594790 146955448
218597036 147048268
299692604 279125598
211248334 187990458
209205350 178380394
494874060 148649423
202015792 171422120
197063473 173805597
195241987 169342099
369356345 260909431
171214515 179658259
190892542 167601552
174582284 169269190
192181714 170636074
187400499 160355839
169408739 138815067
184484947 180099139
188914369 144275027
195629360 168954726
39732065 284518591
169466913 178289425
176874527 171403843
180035886 170836888
202673184 144643078
178092934 172779840
207431518 139884744
203082305 174934041
182704563 161158923
189900304 157415958
198978616 153693682
189680515 168134875
193359901 363021275
190320469 159726797
184066775 166805999
182461136 165295202
188252288 170353776
197566235 180450111
202940977 144375285
211644457 135671805
201985871 162598215
308078342 324412303
202019024 175997322
175153467 172162795
187935913 176648173
172170317 141576645
201463441 176552905
179565158 162469254
168551040 179205298
196807231 151522297
200525553 147230785
250266488 165713525
167572404 146026764
184837996 161580120
188202451 153831961
168779709 138186037
207197330 140118932
191941528 170395888
200059572 147256690
176854761 174018013
207790970 176966014
183805776 158228636
182285730 165030532
193370928 153945334
189218924 183748240
155745388 144353401
206648103 135953127
192408833 147769491
176437050 153179174
195689582 172431706
197209530 167374556
175871601 175001173
192817301 149217111
324375234 416114688
199037068 148279194
346405211 57669965
191758550 164673498
178646134 163388278
195164613 155708161
181779863 169092911
192667394 147382460
190286532 157469806
202309334 179051458
183182971 159418259
186586953 155447459
179357666 168398672
187514700 154519712
182816254 161270614
188596142 169897952
168210197 182662577
185499275 162241399
192406968 164025080
169975321 139381649
191919579 155396683
188759418 158996920
182909045 152315373
177248506 153990630
190616504 165815544
193409197 162815525
203628209 143688053
182148610 158890734
206089574 141666764
167794520 162323836
195977802 151338460
190193565 159599893
192138672 185877674
176852435 174020339
185930127 156104285
167055193 161584509
197757249 176211609
218254389 187429433
207310658 140005604
167461058 183411716
187833666 169935154
196378727 168205359
199539041 176281165
208499144 177674188
200878178 170284506
216450183 130866079
173920786 168607692
185723573 170708475
209352337 178527381
186809719 171684375
204327065 173502109
193998980 108295346
190304784 157011478
186704592 168806080
184197509 163118753
176451619 170980935
161413318 189459456
185769206 155175534
174270815 171400631
183755171 164001167
169844899 164374215
191430687 150603725
197848525 176302885
203368520 180110644
194052155 162379893
40634021 442107459
184376920 166495854
184022183 180561903
192792782 171791304
165415730 185457044
207427541 139888721
198109128 174851252
212501347 181676391
167947256 146401616
210984595 136331667
194900946 155971828
197718723 150037615
202642197 158002855
184599546 158001684
177503799 172190705
206775584 135825646
220735429 189910473
200601620 155962278
179335569 162698843
183448475 164307863
170711557 177044781
168209697 182663077
188133667 164875791
202161668 156876734
173959258 168488574
172803860 174952478
200885890 177130456
171852299 141258627
176998681 153740805
248713059 376128405
175817504 152559628
173201076 151655436
168902997 178853341
196360578 181655768
199531239 168706283
209066325 178241369
183141589 164614749
179456809 173986125
175121577 175751197
184469255 174024839
193187166 163244882
195972854 154899920
206079589 141236673
163182336 157711652
195864276 172606400
185169007 179698323
178169961 172856867
185755323 172738771
181157672 175686988
206180755 182922879
174208620 152662980
194189033 153127229
192069903 172514183
203061680 158422338
187110109 177473977
177351826 146758154
193358152 171225934
177650178 154392302
175638950 171677312
177348575 170407763
176648496 170667766
165357100 185515674
187422780 156829108
204106559 158821625
190094006 159269050
197635357 174377481
162650486 157179802
188081461 159674877
59002732 287794335
186948360 163690484
174129746 152584106
182854417 181729669
177757380 173115394
187586564 170907530
161472457 189400317
190832367 169286727
213839761 183014805
406804720 303490783
167003077 183869697
169567655 181305119
190168311 160704463
177730512 186853574
190236874 159411918
192566613 169308737
191905999 150128413
422983547 307686287
212375325 134940937
184545780 163210558
178263573 172609201
189889594 174694492
192715054 161890098
200967929 163616157
178846543 173375859
185513117 161803145
177188312 171875218
193403958 148119024
218075212 187250256
186901339 169530709
198860656 175602780
183854933 163461329
174761797 144168125
170608566 165137882
188847821 158468441
200779574 146536688
200957219 163626867
209493756 137822506
168490264 182382510
183792523 158808707
181060975 150467303
180202436 161831976
191022876 151011536
177665040 169651222
177409839 168261607
167574106 183298668
207379441 139936821
177077742 170678596
152893175 142698943
192966698 171617388
194900751 150261409
191943791 147304449
200800304 156160962
185006468 167107956
360784679 148300837
175137415 169824321
199691011 176433135
176899219 170993861
189815591 184344907
184432298 162883964
184053766 158547464
202029977 178772101
182301440 160299790
180928361 150334689
176180992 170710308
190534587 174049499
196164288 151524946
181127935 183456151
217536320 129779942
202475794 171882122
43793328 135086137
180489670 149895998
179309296 148715624
170104681 148559041
178078017 172764923
207228377 157355709
190545161 167948933
182464291 165292047
193005757 148366415
206754286 135846944
201278489 155993555
186690874 165145234
211550399 188292523
194433913 163840241
182607986 165148352
204519519 181261643
200221757 176963881
180591490 170281284
208169026 139147236
191458511 186557835
205776341 136824889
193495877 162670921
195751471 146282941
189031949 167486309
173864134 173892204
180094200 167662138
191631610 168373734
206634786 135966444
194211757 163618085
195920469 174374829
187123233 169224721
190132905 157183357
189818406 157497856
211925000 135391262
198622067 148694195
189337055 175247031
192322658 147037724
206205108 141111154
214527393 183702437
189741091 174842995
291704543 118231066
197929316 149827022
180792798 175322114
174896769 144303097
183021890 167850884
193558923 171025163
183095426 177190068
177989468 172084110
188408664 170510152
187204598 165658958
182851871 181732215
202558532 157273598
183002745 164753593
186129456 155904956
191808528 166685566
190338529 156977733
181711164 160165524
173656093 167750735
179694826 167621436
190995908 145710974
191214958 169669318
169414840 138821168
192154461 161560789
194281636 148319594
180370822 167385516
168767842 147222202
180991021 169881753
198765221 167940265
193975265 184041081
174823271 151565395
183991175 162445535
194448807 170135279
199547560 143053670
195356397 182659949
176509929 171039245
182045363 182538723
193435471 162610515
187234174 177349912
176189627 171566711
182351548 176446190
203665184 180407308
190815577 167678517
170538594 148992954
190085354 159491682
202882794 144873544
191190884 159681890
198752726 179263620
216791893 185966937
416558100 31732731
185515052 179069034
168809116 147263476
206763109 140993229
184920704 165952070
183139711 177234353
194103551 163509879
192773541 185242805
174646082 168740724
179877091 162157321
215523820 131792442
166853023 184019751
206583821 175758865
195864834 151891504
193503774 149097456
195828357 182187989
202369768 179111892
407560787 271638418
176284947 153027071
394142669 472237455
182334595 176429237
207009975 135591255
169680999 164210315
197736874 153097532
187339970 181869286
193702812 184313534
209599565 138156773
194074739 149435397
166951730 161481046
182979358 181604728
199501124 168907452
175755798 171560464
190153084 174431002
178812306 172906948
174449386 172866876
192396184 149638228
172439428 166968744
188016318 168415730
190245087 184774403
197436821 180579525
168299871 162829187
161459593 72768324
171858579 141264907
201803056 145953282
220458074 189633118
196874210 181142136
181498838 160535574
182253545 165062717
201487165 163096921
198170917 149145345
189920875 160951899
188486699 157893027
194805725 152950613
189175005 158581333
173883541 152337901
194659517 147941713
200705874 147050464
190830111 151771119
179910825 170961949
180440005 166876257
185053024 154459352
181429539 150835867
305425751 244789542
171604685 141011013
162441495 156970811
165964099 160493415
171362960 179509814
197593246 153279528
170124144 139530472
208093920 177268964
217995173 187170217
167017198 161546514
3235717 188691490
206590399 183332523
183271691 167601083
193962149 156910625
186365740 433881179
214853546 184028590
192795842 149805388
203936708 138664522
190524360 145885018
202969431 144786907
192650531 147365597
199108632 143492598
195230895 152085367
192433843 155322495
173089109 174667229
187692739 156867783
177129464 164904948
187257852 156664180
207489722 157094364
201468506 145847756
190979395 160154439
205127234 159842300
174855925 172460337
189297844 158704172
195769624 174223984
203328638 161255448
211504953 188247077
206267579 141048683
179087696 185496390
179498948 168257390
189789622 158964666
185764086 156837144
187105030 171389064
176679262 171208578
182333575 160267655
196998432 151713498
176789300 170967038
180011848 158466208
187187379 181716695
50710992 52646168
173221033 142627361
187956560 166410920
217695504 186870548
189992008 159167052
207012746 157571340
177346305 154088429
198096887 166487199
237357384 69571956
159413620 191459154
160754868 190117906
200350115 164233971
182614308 168258466
187991555 154609675
195183062 147418168
198218362 167393406
183357690 167515084
196312552 165718880
195225810 146808602
221853737 191028781
189013514 158302748
206321130 140995132
187214816 169316304
203708557 144047781
218058515 187233559
181911538 182672548
202484531 140116699
166111899 184760875
187103492 165557852
193665814 148368598
185490665 167592153
99086815 70788290
179097861 148504189
183576852 158457560
179845369 184738717
186034104 168135592
283215145 101144487
182154396 159880016
158350682 192522092
211803851 188545975
193603179 162828869
198182314 149574024
189143669 169350425
176181084 171575254
178492418 155234542
198442276 149314062
172392194 150846554
190553440 160319334
191282731 160689059
175180154 144586482
179165419 185418667
201262511 146493827
164618313 186254461
336801275 68931184
200925257 155640323
195997508 174451868
183169121 159911245
189925347 152675883
177625889 164408523
94437811 178138415
217382976 129933286
199130973 153846039
202074765 175941581
199806627 176548751
187627246 170866848
167973884 146428244
197506323 149809939
203164681 174851665
177994123 172723503
179666192 149072520
183993368 178522684
207220007 183962131
180335612 184248474
117763646 273301145
209807373 186549497
184506742 162809520
195367927 169216159
332951629 1424738
196694715 151061623
190945849 159926925
186623261 171870833
193252369 171331717
208170060 156414026
196575549 175029909
344419720 328377736
204168053 173848293
187762943 170731151
182057428 165258834
198222724 167397768
176952579 153694703
180374105 161660307
221872423 191047467
201980602 145775736
186140095 168241583
165883077 184989697
175822534 145228862
186151283 162893407
181678587 160132947
191354277 165077771
181727812 169144962
334822677 36921038
185741761 164196121
181519240 176048556
201160261 155875327
193697893 154058445
31821684 357431260
164965764 185907010
193357749 148676663
213373010 133943252
191002893 151031519
185415781 167517269
180500380 175029696
190953318 167816258
195098577 173552937
207809548 139946790
208387909 139368429
188464705 153569707
200591239 169997567
190179586 157136676
195485857 172227981
210154395 47692937
187953305 154647925
194128701 147905711
171758286 175998052
208873330 185615454
181307478 150713806
176272688 170802004
184844045 163298405
208425508 156158578
192383470 172200616
180233323 158687683
203925030 174091316
175239414 169334056
186002235 162744359
188644013 183173329
168928271 178828067
190727249 160133577
188463086 165205210
184953864 165918910
184454415 178983731
196404212 168179874
207317276 176492320
183947183 166925591
172997522 177875252
194895275 171637399
175107122 172649216
198530155 175272279
189896715 152137697
182575294 151981622
192555588 161730632
9598465 462224839
194638544 152677718
191137760 167879884
196378096 151738754
170071840 180800934
201473596 178215720
177005553 170310709
199971894 147344368
177826018 173046756
193076965 171531325
185485138 156549274
184063641 180520445
183379650 160121774
24529927 334184897
178876561 185707525
205444464 174619508
194074139 170509947
183841057 167031717
196752265 150563997
180251481 149657809
161852517 189020257
195321605 150036671
185397505 179186581
194283435 148998501
169182256 147636616
191848549 146563615
176536087 174336687
185671556 162084782
169156215 178600123
161747880 189124894
196924371 145676859
193064863 171519223
181398449 183185637
184421312 158179918
184784996 173709098
178229078 169527260
191641050 164790998
194268162 153488176
197839476 153033298
203514239 144242099
177001292 165033120
188825584 165567708
181739918 160294494
181687247 175781889
194877268 152879070
198090260 167496588
174501214 168595856
164807668 186065106
190851428 167642666
191124052 169578412
179971379 158425739
200335138 177077262
195576176 182440170
161025896 189846878
183662607 177757249
202307371 171713699
201589116 146167222
191472798 156283540
182403402 182180684
369773209 61794997
176290054 171026208
216140146 131176116
202996744 175019602
209632916 186375040
194371456 162060592
177007054 153749178
254892219 236924066
175838048 170367364
186245955 172248139
190677563 167540503
189102463 171203951
163768262 158297578
176302887 171453451
190942826 167684950
178599293 185984793
208222642 156361444
206169071 158415015
81471868 425636914
179066308 173160950
178558315 157012675
218632189 187807233
201269996 178012120
197421196 174163320
182073435 160527795
194439818 148161412
188356291 165098415
176178108 21234851
188684796 157859840
167702649 183170125
192505892 158366882
175492270 170179176
203779642 173185970
185697349 161618913
207110420 183852544
161212370 189660404
183368447 181215639
202585342 140015888
191013178 160188222
189846618 145207276
193525816 149075414
169373988 181498786
205552053 137049177
143027876 54438026
203097496 139503734
492222410 27056084
164649476 186223298
203435211 158795869
205962826 158621260
213635992 182811036
206814101 140502161
203169116 179911240
186056536 164816238
221837997 191013041
197354303 180662043
335879493 176910637
187652176 169753664
194143288 153172974
207410681 140345657
215846954 131469308
188262098 170363586
425916120 351752595
193180667 154575671
180894909 166421353
192003237 170457597
210909131 180084175
205739651 158844435
179974725 149381053
175788402 169883044
175965590 170060232
479192873 222349091
222884389 192059433
185299949 167401437
176656109 174216665
200627889 155342955
207174207 140582131
202825266 175191080
194799581 149514647
192053865 166440229
207695308 184437432
180066118 167690220
194369898 147664514
191707986 159164788
189554852 158729896
192192684 150408546
219239390 188414434
196140070 172882194
186169203 156432027
188942080 169552014
183765761 178295077
42805258 78215462
203580224 143736038
188283127 166737487
203624624 180366748
216218321 131097941
193893598 156979176
204843056 159741030
191959105 147319763
182892902 164423360
185736113 170695935
441512126 211804916
219644059 188819103
191794134 170248494
189844962 166587086
172798434 167327750
204490538 143265800
195892827 154979947
201366518 146389820
202710405 157425471
192279992 158592782
183859197 180724889
182173074 168699700
194376071 148225159
186088668 161667670
186505209 155529203
178958563 148364891
180403205 149809533
185097506 162218756
280483165 379312199
184008019 180576067
200241035 169416079
202518605 175497741
184107551 153513879
191983356 168725480
172691692 167378598
181458342 175987658
186998446 156404774
174009566 173746772
218365611 187540655
190601485 283789502
171862486 166391802
176873600 146279928
188244619 176339467
188458123 157633167
173370603 151824963
189229698 152804714
181628831 175723473
196423611 174877971
190424578 157331760
212058935 188801059
181789647 151195975
197782193 152497259
205416997 174592041
201560389 156921047
194435674 172890034
174184502 150926626
201634105 146122233
174049368 168736274
213493066 190235190
186560853 155735897
205685826 141630436
194265677 162166371
197644974 153005632
176160702 170690018
193670853 184345493
178879384 168876954
203484380 143831882
205024401 181766525
205340048 137261182
190247415 151786997
430705450 56437396
173410497 174345841
175694527 152436651
164233330 158762646
182558948 151965276
187651709 156826753
200861415 170036459
432666489 209917686
195738184 146863046
210471812 136844450
176840788 170915550
204273958 160310128
169700936 139107264
194458257 148142973
176293807 145700135
198186446 152901512
197390893 152751551
175133513 153587873
201346278 156061344
182735962 159865268
192540186 161946514
186864177 160892161
193537869 153778393
195447800 146586612
108080941 39553962
186667826 181197142
209263889 186006013
170117718 177638620
202209993 145106269
189095791 158660547
196793136 167790950
213529875 190271999
202411063 171817391
178901043 168415219
202096759 140504471
185387303 179196783
37215763 441130089
204912656 174087700
189671561 158846605
189068094 158474422
199169751 148146511
175113376 151855500
179280707 171592067
174377985 168907301
177803834 156258194
213993450 133322812
187335843 155265387
186710653 168812141
190867465 187148881
189505436 144866094
182917830 177012472
184320268 180263818
169329818 163859134
202532975 157248041
200315789 147440549
191248594 165183454
184131381 157903031
186857733 155743497
200230237 176972361
173865534 168394850
176635804 171165120
187572539 160183799
197538479 175992839
191099738 173484348
191263398 159609376
179732921 162301491
187043389 169144877
168946827 163476143
188704127 165446251
206355039 290891619
191095430 145810496
198328824 144272406
189815203 152786027
193741192 162690856
178376428 172905744
185089914 161832038
163313728 187559046
164331687 158861003
189370767 152663645
175786841 170473747
206488059 136113171
172701301 142107629
190501456 160371318
203409396 139191834
187415989 160340349
210036732 137279530
190754015 156562247
174417417 143823745
190063479 145424137
193566720 154189618
206394955 183137079
206363490 158220596
130569305 102626051
179008061 173102703
170909005 165438321
346829528 454066479
181771936 175866578
177892855 164141557
178279445 172966351
171965385 166494701
176269058 145675386
203833776 173008820
189222194 171323682
209333219 137983043
180366401 149772729
187835564 168596484
182501075 177030391
200875364 177140982
489120526 101914922
173734711 152189071
204174775 173349819
349564589 104614837
182243690 160698050
184177439 162631799
172014519 141420847
169070985 181801789
191905829 155850509
181142593 161458637
182971165 177500481
182903169 167969605
216042366 131273896
61662005 175743988
191770962 166723132
186017629 155423957
196825362 154047412
213506760 182681804
173964449 108836840
178463495 173150401
193766668 163172996
197236725 150519613
189359623 167072425
200943947 156304605
203910796 160673290
216503426 130812836
196231617 154641157
186969978 160346284
180156946 156899070
199503923 178512423
167251776 161781092
190225927 168268167
216382709 130933553
200421699 147334639
188262995 182792311
165108459 185764315
203917302 138683928
203079721 161504365
177208029 170548309
188149850 162722924
210649377 136666885
184178736 158422494
180927520 175456836
184507769 162808493
201493637 170899965
144448767 92353046
182193076 168679698
202992770 157707836
164020398 186852376
169008746 181864028
204992925 137608305
165028733 159558049
80735352 172955006
198707886 168114214
166767717 161297033
178351724 172521050
194525047 183491299
203985269 160598817
168309988 179446350
186608409 181137725
203184397 172590725
178636951 168679311
175930630 170459946
195340175 152416163
203649564 138951666
204342197 143414141
187585079 168846969
204928390 159655696
191395559 168137683
198159463 149596875
204290238 143466100
197987604 174729728
187849567 169951055
189699071 158874115
187986852 159769486
192351843 161758171
192967764 162142808
185981571 168083059
193626442 148341508
193695021 172149381
186972043 165426403
210689649 136626613
192236591 172347495
200299428 177716918
211328903 188071027
203840104 143476158
191368902 159503872
89709718 130596763
184976740 179607346
180302354 184281732
214937671 132378591
196180777 165587105
176371085 154825445
203002641 139598589
204601334 159982752
166657404 145111764
192088724 161263768
183969264 158065148
170062897 139469225
160270039 190602735
184601957 163056317
209794745 137961593
178546660 172641302
176761383 174111391
187550877 166005237
181611096 169261678
202826684 161757402
172560345 175195993
166225449 184647325
196063367 174517727
194349132 163755460
186194052 155369096
179211008 168545330
185967587 172526507
178657936 157112296
175771217 171545045
185091283 161833407
176940479 171035121
193650697 184365649
175832982 171483280
189953043 157363219
185272029 165600745
190779323 156977015
181335683 183248403
447130527 469356693
208315099 177490143
172624731 142031059
188380054 168051994
328263584 94526267
478485330 278381134
183544104 178073420
202551299 175465047
205823989 182566113
192510591 154805671
161598091 189274683
174182827 173573511
171152099 165681415
41671801 110022365
180262721 149669049
185505093 157096137
169742424 139148752
185320178 154726506
181183363 166132899
194404617 152911645
186272305 155762107
196387989 150928273
176891263 171420579
191929536 147290194
202416128 144900134
170440129 148894489
202474231 171649275
203645740 174370606
190304701 166127347
196635429 150680833
190542187 160330587
192043813 147404471
181519003 165797259
169462398 163991714
178740120 173269436
186568699 161187639
182364817 176459459
178536241 156990601
203075660 161508426
201068565 155783631
196068136 165474464
187610211 157016539
200101188 177915158
137602145 217168615
163183095 187689679
193063087 149538143
170073881 177682457
198363257 144237973
196867722 166042766
190190888 159597216
206053389 158530697
187898316 159417946
191469951 156286387
202590287 145166051
215207282 184382326
193726057 148308355
185531598 161784664
182266526 159008650
212491682 181666726
197714291 167120619
182321825 176416467
166701316 161230632
193976929 149337587
196608351 181407995
182784685 176879327
219915662 189090706
180372854 158827214
196211585 172953709
206332761 183074885
178920393 163114019
185209939 162106323
181891553 175986195
161946018 188926756
374566615 283508225
191412890 160587934
194775732 149490798
177141308 171670624
98890998 198006631
169762223 177994115
193665969 172120329
199903521 147852817
202164690 171571018
205125290 174300334
179870096 173964738
184817080 179767006
191440612 169894972
164632962 186239812
185645750 178938336
189964842 152069570
181189148 150595476
191088781 165343267
198383689 144217541
169445158 138851486
191515397 155800865
192977426 185038920
186436097 164436677
200994508 146761830
186945733 163687857
204283273 160300813
177767848 147174176
209623076 138133262
174376637 172939625
206611327 157972759
179356473 157810833
190079159 159254203
199557664 168963992
399823525 107996170
196131696 151184566
202918967 172325295
196009714 168574372
193751255 163157583
194699858 147334554
368879645 216301553
179343805 162690607
178158119 172714655
195249453 169334633
132376739 80198489
185297478 162458860
211359690 188101814
177531165 168140281
176278666 154733026
192900152 148260810
191302133 165129915
164617624 186255150
80563397 256554984
186955874 169057362
193592668 172047028
201835585 156550651
183441942 167430832
205462793 182204917
178689574 168626688
28086016 8775401
175891021 171865317
173743562 168430468
175207147 169301789
201673830 156388896
163220702 157750018
171056369 176699969
202017423 140583807
196241464 172983588
190806271 185335587
217495180 129821082
178965277 185618809
187166383 154868029
181766207 151172535
193236397 171347689
195980893 168603193
175367311 171948951
189778040 168232400
183066794 164249468
170094982 139501310
207970196 139346066
423104158 251448279
197452369 174194493
205885328 175060372
173077592 174678746
201327635 156688293
199305881 165278205
204189254 173595582
181502528 159956888
172772066 167301382
206014686 175189730
192247401 155068861
204209562 143106700
183496651 178025967
186585781 160730481
192294434 161700762
214595849 183770893
190941770 151659460
167802001 162331317
197042734 166217778
166726935 184145839
196170188 151530846
318238034 441256100
220729777 189904821
178450860 172980176
174851570 172904768
180578521 170294253
190307995 184837311
198504319 179512027
223071816 192246860
205254064 142502274
221549879 190724923
181585521 161015709
178256437 169499901
186792823 155967867
405004964 95859338
176584373 171171965
184769776 179299092
175160457 169847363
192572427 163859621
176311209 170998115
208063411 184805535
203761976 173168304
189612164 184141480
182535333 176629975
191240154 167982278
175956816 174915958
187930504 154670726
444640406 261855001
191616284 150984946
194789272 164195600
191171556 185700872
177095369 153837493
187444569 164186693
180462224 167294114
198988267 175730391
216051932 131264330
174657870 172658392
175305706 144712034
179039074 171833700
177556627 172085943
188724531 167707517
187876077 162996697
176558350 145964678
205552520 141763742
200234988 142366242
179326929 173421571
222909208 192084252
183857622 163898716
197682265 166857309
192552616 154763646
213705971 182881015
177287076 171381718
221754829 190929873
187938144 170555950
195975202 151335860
21714074 289407080
163847053 158376369
197604428 152965086
177022198 187561888
182784765 159526889
176584698 169086748
188994360 169499734
191349274 150685138
186312786 172181308
169479637 164008953
217491159 129825103
196436430 146164800
209980899 137335363
143166712 288421196
173106572 167201214
166750295 145204655
190725632 185254948
185152892 167254380
170754035 140160363
187372035 156778363
206803278 140953060
202810639 158171297
180642034 166674228
212037428 135278834
192474015 170928375
203986172 174030174
189292074 169202020
199823024 169229352
183589452 160331576
195104072 182912274
182922856 177452172
199608264 154323330
181562587 169310187
199188415 148127847
216157103 131159159
195619039 168965047
186661250 165115610
205296999 142459339
196279392 150994458
207285852 176460896
166454550 184418224
195934898 165109942
180041008 184543078
206420015 175595059
168307682 182565092
191484265 146844923
202675414 171850458
186750563 155850667
201762591 170937635
202929302 175087044
177459349 170296989
175975012 152717136
399894093 242505777
178771014 163263398
186947291 181476607
187092998 155508232
208689090 139067248
209932429 179107473
203776731 172951775
175434266 170121172
177532616 164501796
192818320 154497942
193710945 170873141
188654499 183183815
171022234 149476594
181125370 159579730
206145291 141170971
189488716 175095370
198154998 179861348
162017390 188855384
190623663 156692599
201079732 94291620
197438835 145162395
177775573 186808513
202427462 144888800
200996822 163587264
192649246 163782802
179521639 156263763
205728878 158855208
338520265 377527357
205829214 141927124
185409319 171022729
189784002 168710092
175851979 152594103
171431515 165960831
176008260 152750384
184667302 173826792
171372515 176383823
184921633 157679597
205951152 136650078
197083990 145517240
197696455 153057113
196697525 152058183
178153275 169162987
188129641 166584001
189106529 167325519
200449896 146866366
179268209 162766203
194853482 147180930
192180752 150420478
220927200 190102244
181586569 160040929
185555335 154961663
197012634 145588596
196257417 150972483
204724512 181466636
185139413 162176849
200092796 176834920
196184454 151571884
200348745 142252485
181305809 161295421
210026144 179201188
198875517 168281845
203512519 172687563
193317616 148032682
176505971 145912299
195826227 182190119
187702368 163170406
202085787 178827911
162206630 188666144
192621114 155135224
222255078 191430122
174202195 168296837
216131332 131184930
170763923 180108851
194992364 152763974
183240087 164516251
179121399 168634939
192935896 147650962
186254518 155779894
195564022 169020064
199542257 165041829
360343944 411108054
188372525 153661887
200932495 177674619
163183979 157713295
177032736 171127378
200791030 146525232
176810967 187773119
205923863 175098907
178178595 163855817
190287855 160584919
208030769 177205813
178160745 154902869
198242155 152957221
186054207 162796331
192720284 161895328
203535357 161048729
203389569 144366769
292732912 307851356
171191524 149645884
200310771 142290459
189827281 174756805
177146149 171833055
180567383 162033847
166986585 247749723
199964633 154679699
201280695 146475643
189593702 144954360
354405703 201085555
208883504 185625628
192059192 170513552
422237282 216743407
216909694 49235212
189841645 159016689
197033303 150723035
168718173 182154601
203853502 173028546
184034384 163281878
202199837 145556501
189300935 183830251
177112213 171641529
187999629 182528945
195448710 164855038
181481826 176011142
178653814 148060142
207192572 157391514
203691615 180433739
211267261 136049001
187405609 165859969
78555733 86087122
193342721 170084845
190721719 146082377
172928605 167457921
181679946 158422070
199503570 176245694
196575568 175029928
163619035 158148351
203260592 158621250
210802733 179977777
207263347 157320739
184724655 157309757
203071131 139530099
200571178 169977506
202532532 157247598
194769657 163944701
184054055 163262207
189714540 158889584
169943914 177812424
184683263 179212579
189539392 166281516
202027663 157388321
186223810 172270284
180628921 170243853
178661335 172211439
177221889 168449557
202274433 171449477
168026178 182846596
184687415 157346997
24807537 443844090
174488953 173267385
201055969 146700369
213156743 189898867
197577014 149739248
188488916 153545496
210134024 179309068
213514059 133802203
182577431 168295343
177893539 169422723
191921447 147282105
184258259 180325827
199264964 148491374
206222045 136379185
180564557 167191781
204562967 138038263
199141557 168547885
469787155 83816072
187434316 156609360
178094155 172623471
173230667 167325309
204637676 173378670
188933654 169560440
174025098 143431426
187671320 160085018
177288185 171975091
182818732 164937606
205025302 137575928
168437223 182435551
176361971 154816331
172985573 151439933
175264464 172051798
175484235 170187211
185327807 162069931
205517153 142239185
192780274 148140932
174765219 168859861
172288905 150743265
177713433 171808075
202027557 157388215
192330059 172254027
191145583 156170679
185057896 165814878
190688871 165743177
201994030 162590056
193943726 148657504
193293929 162700257
185392401 167493889
206457279 183199403
191721654 150879576
183304355 161758715
174940126 153394486
208800351 155783735
190049675 152551555
193866831 157005943
200878084 170053128
197414840 180601506
202221090 479296159
209161811 138154451
177338941 452735388
213165476 182340520
202526775 157241841
188829965 183359281
197836988 153035786
193125039 148485697
164810617 159339933
202662861 171837905
203502934 158863592
191337276 151263954
178992094 155734218
172914467 177958307
179410060 148816388
180271584 149677912
165233034 159762350
199061970 143539260
202583626 157298692
190633853 156682409
198333560 152539214
187579799 168852249
182039271 160493631
193486321 162945727
164925920 185946854
182877536 164438726
177463806 164570606
187165280 169266768
210449747 187191871
181472967 175567609
195957712 182058634
179054715 148461043
184206386 163109876
197534138 167049948
210539230 187281354
200241433 154956499
186251990 164620784
187575570 169677058
189193456 144554114
188175548 153858864
219077194 188252238
48926334 344463953
195029626 171771750
177551037 187033049
209897188 186639312
191710954 170165314
175610180 171706082
207207766 140108496
204657912 143098426
180490486 157232610
193792726 148507792
176469507 171156413
203150269 144606069
189710350 166721698
204512731 160071355
188980472 169513622
198115104 152757670
178978932 173073574
192602005 155154333
210044227 137712111
205091382 142664956
190751102 173832984
169849421 177906917
183147260 164609078
181711823 169160951
177635635 171730277
173787212 143193540
189887023 145247681
166380499 144834859
180757020 166559242
183766405 178295721
170945698 176810640
175137645 172178617
207234459 157349627
196688981 151404047
173521661 142927989
204351429 173526473
175170604 169699920
186791533 165245893
196335892 146265338
193409098 171174988
457583115 239140514
195912821 174367181
185991286 161324976
206986565 176161609
194236775 170347311
200297249 147019013
160111237 137087507
161448966 155978282
197972099 149344163
188824292 175759794
206130933 136470297
201110260 170285304
168659047 138065375
196211226 154661548
32533079 220068869
195541920 169042166
180991803 183592283
187100772 181630088
181347974 160686438
189410393 175173693
69807296 64895127
195497223 164903551
175474774 172281564
176695313 174177461
198174571 166409515
198198240 149118022
188698925 158617337
168734895 147189255
197587817 166994145
198732277 148583985
197328882 149987380
181515389 183068697
182646066 177175382
63112908 245010452
194730796 169853290
208178517 139137745
178311492 172406134
185277412 171154636
265442977 160513545
191533849 155782413
193943082 148658148
203476357 172651401
209298275 178473319
186451372 164905732
169250472 181622302
188101344 164843468
189882163 166624287
189752733 159159061
189023333 175560753
178479557 172574199
201418277 145897985
189063719 165805843
181551416 160482996
185316418 167417906
191937494 155378768
192472248 170926608
184789916 162526346
191743297 156013041
181370266 175899582
173743281 167837923
193258003 162664331
193326518 171257568
197501630 152216696
185993439 164447799
206479895 141276443
204383379 142932883
189319438 158494482
173173933 177698841
196334429 146266801
176246378 171069884
187780259 156955303
208236552 156347534
191073313 160248357
191520230 159352544
173117863 151572223
203034893 139566337
180242638 158696998
174951650 169480966
194240989 163647317
200184316 176926440
206832064 140484198
208618410 138697852
200614696 146701566
186953442 181482758
192782246 147497312
169543569 178212769
180862040 159316400
191928571 186087775
208911024 178086068
205740058 142016280
190650252 167843842
197666623 174408747
197896696 167071740
155265889 366782394
183359311 159241919
184895429 179688657
210574006 187316130
182836696 159764534
161937829 156467145
210269903 187012027
205717300 158866786
205756220 182498344
208948202 155635884
198216933 152931999
185917542 155323870
187418159 169519647
193499128 149102102
186429684 155604728
196199623 174653983
186248413 155785999
169306989 147761349
193302013 171756373
195286767 164461811
191980265 150054147
167679387 146133747
183116886 177211528
261214109 262311703
187102573 181631889
186359920 164814280
182163357 160437873
184740164 179269480
99512036 4107231
191912452 150121960
186364607 180893923
193289985 148744427
188551234 157726278
197008921 145592309
167901828 146356188
175821134 145227462
194417650 172872010
211207225 187949349
178521806 169234532
202344283 157704941
168439625 137845953
187314546 177269540
192441286 161847614
200419405 169825733
191829799 155486463
195681858 174136218
182754939 168117835
189451313 183980629
199733382 142867848
186748928 165203288
197885885 144715345
175075825 175796949
194504783 170079303
194498067 170086019
176289678 153031802
187048105 156223149
179502939 171369835
189488917 184018233
175069730 172246532
194067451 147966961
180571471 166744791
174060950 152515310
177202781 170113481
189344045 158750373
189592460 166334584
189457620 158298718
193789984 148811246
197231089 175685449
189621038 152980192
65614928 210878146
183744519 164011819
208255143 139061119
190974431 165457617
192232065 161638393
337721266 259881867
180785145 159239505
201241910 146514428
205298515 137302715
196629124 150687138
191660928 161067256
200530837 169937165
195848675 146185737
210759807 179934851
185062985 165809789
197662584 153210190
169950605 180922169
185828685 172665409
211654166 180829210
219577677 188752721
187569008 154465404
192116051 185900295
190549946 159724990
210249586 137506752
192319740 158553034
190309990 168764350
186415616 172078478
208322900 138993362
191794074 160969118
204991361 174166405
171507837 166037153
197273038 175727398
193059738 154256524
194491505 148109725
208505766 139250572
188044691 166499051
183694492 180889594
204901798 142414464
191001857 173582229
187498500 177085586
174966607 172789731
180891440 174986082
187594116 157000444
195694185 155178589
175957782 170487098
178631516 169124822
186696763 155337649
197891456 166692630
194355931 149716589
179274438 173369080
196595520 151956178
173744066 168273382
189453831 158860159
201440548 141160682
219946656 189121700
220447613 189622657
204897654 181639778
204330364 159045430
194684622 183331724
181959553 176488869
188689023 167743025
215883664 131432598
192225893 146940959
185828495 167929983
180262091 161772321
199811079 178205267
179525568 185058518
195292189 152464149
174154514 168841420
201071556 177813680
207839794 134761436
192497542 172086544
215126560 184301604
195817054 155055720
176692929 171063409
214486545 132829717
205568470 174743514
193446030 154310308
201079008 177821132
177045753 187538333
190964554 160370882
180042645 167273617
197869296 174611420
196067590 150782656
179516950 168239388
201232296 170407340
200680486 141920744
180974281 183609805
174526544 173229794
191613452 186402894
161171902 189700872
188106000 162766774
184974773 161716897
181296619 169576155
196209399 146391831
166835552 184037222
196784245 150972093
178794962 163239450
170160119 164689435
207573146 157010940
182091531 160509699
196357290 174811650
173781128 143187456
183827208 160569332
202254241 178996365
175543084 175329690
199410199 148346139
201997315 176019031
476633044 496582312
59878149 266069216
185899070 161417192
164006446 186866328
187498025 160258313
461450721 227638038
197144119 173886243
161577530 367072368
177813890 172500796
176640531 171327437
204785456 159500522
174030889 58927306
180321078 167435260
171459809 179412965
165582572 160111888
193526574 171980934
200292148 164291938
173544150 174212188
186295060 155470104
188196303 170297791
185662350 162093988
436220636 47834619
185838827 156762403
192272858 155043404
171687670 141093998
192079159 164352889
185697809 180227125
183022204 164734134
199615644 169021972
178694347 157148707
170241407 177514931
201625902 156340968
193002936 148363594
191147629 169601989
197769786 153102988
189155376 153445854
194936404 149651470
208289026 139027236
204580019 159295085
174998972 144405300
216807247 357265541
222094069 220640767
163237404 157766720
122902874 449354457
177170456 168500990
175277486 144683814
197911119 153271777
363704772 75181546
201128469 141472761
440553523 58407786
184222669 160964793
189384779 167839139
178951691 173481007
201348176 141253054
201276150 156636808
185177879 179406207
190583350 169037710
162006756 188866018
185715301 164169661
192008182 164423866
193631422 154124916
193926336 163101380
219968669 189143713
201426009 170832337
186945506 163927268
189929483 184458799
181027326 157769450
194326818 171068942
488116160 210055221
176988933 168682513
173204554 167891460
196254079 151502259
192727521 171181881
191032625 160207669
184872833 163327193
174477502 169006818
175463120 172293218
198843106 148473156
193435063 154321275
193920981 170663105
199478171 176220295
215324419 131991843
178911036 155653160
200885678 163698408
203356283 158716941
202460883 175555463
180123784 174653100
184628342 154034670
182894049 167978725
190851523 146212181
168027656 137433984
162172982 188699792
189554233 161318541
177417885 164616527
166811888 161341204
196711655 175166015
177667886 172197202
197388292 152103358
200303612 177045736
193872692 170711394
213131578 189873702
175398442 153852802
202202010 157562668
180662142 174756784
242935552 223338963
203387003 174629343
161127008 189745766
194329739 162102309
178705790 157160150
210550701 187292825
191582965 164849083
175289465 175583309
161396795 155926111
204420651 173595695
180203988 174733304
162040485 156569801
190943060 146303718
181074480 161526750
203777458 143538804
204514175 173502171
206732567 157851519
172766672 167453578
194965099 155907675
201272943 146043319
181663114 175757756
212410977 181586021
199658573 148097765
168678504 182194270
189759641 157996697
175722027 169949419
182555351 160045879
44233226 278841121
217536134 186711178
160904879 189967895
183783287 163973051
204492494 173667538
192910980 162317308
177097351 171191993
207554503 176729547
192869038 149732192
176415770 169255676
80794341 493463780
193532485 171986845
186023636 156010776
185680729 164135089
177229637 155683997
158822237 192050537
196677363 173419487
160904961 189967813
182957947 159700071
162046980 45157801
195693763 172435887
167694523 146148883
187187968 171306126
182830249 177359565
175609251 175263523
176863218 146269546
200820786 177195560
197350973 150405365
182137309 165619029
195104206 149819272
196580760 175035120
209961893 137354369
186369198 164503576
139160361 369271133
176023149 154477509
176224081 170910987
184446422 174047672
310091507 335249726
178060299 154802423
186514768 169917280
194613115 147988115
187660310 154940920
205783476 136817754
177066814 155521174
183983616 158050796
21192424 5638324
202457697 157172763
187282214 181811530
199384420 154099486
189278350 175305736
376619243 298285164
176460229 145866557
203114156 172289200
176393473 170922789
175829749 171926589
195057990 171800114
176484319 171013635
186669488 164203286
216045916 131270346
187738713 154295699
195658654 164833698
187481233 171012861
181862304 160738926
210459673 179634717
211486025 180661069
168886225 138292553
170384397 148838757
186055233 164509593
192130249 150470981
215144792 184319836
175458349 169987665
203086546 172492874
187390891 169041157
183665375 167207399
187924643 159391619
217692482 186867526
184256672 163059590
295637903 100865660
171021909 176734429
174714481 144120809
472482271 470965774
194839401 164245729
176666270 170760912
202907214 175109132
169483374 147937734
178408649 172308977
183993837 158040575
188811152 183340468
190649459 167391583
221339585 190514629
169937073 148391433
187699527 156874571
198109068 174851192
197755108 167161436
202692137 139909093
199115705 165468381
208368754 139387584
194185844 170927968
185448235 179977551
197457744 175912104
209148385 138607953
184042206 163714132
176286699 169384747
185102442 179481644
193910315 184106031
190677134 165754914
194370857 183645489
213492058 182667102
188006245 157412573
204323594 173498638
170748255 165277571
196144111 165319155
181602686 158344810
192099158 158773616
165091269 159620585
177830927 164203485
171839717 141246045
185892716 156141696
189737959 171839447
193287157 157585617
204421473 160162613
194248092 148963158
196126735 165301779
180641768 175171084
186405183 163147307
170807259 140213587
195949198 182067148
170917030 140323358
186653878 165108238
201663168 156378234
186765521 165219881
172288503 175467835
197179231 153693543
185107185 162649153
198668744 165915342
211850901 188593025
200760508 146995830
177426125 168245321
196806349 150949989
182421135 165335203
186336654 161419684
198654117 168060445
171241715 165771031
193655949 170928137
458762742 343569695
167262963 145717323
206231694 141524644
184867789 157166623
204158635 173333679
193070530 163361518
205757365 141558897
190870900 151163512
201010834 146305428
198337072 167743400
