3000
88487675 255907968
87190710 255907968
377350974 255907968
335538091 255907968
479513079 255907968
471709072 255907968
158868977 255907968
109963522 255907968
223617504 255907968
131254778 255907968
92718857 255907968
219132812 255907968
496111812 255907968
229883943 255907968
217944728 255907968
152591677 255907968
428316650 255907968
207245386 255907968
417229535 255907968
174780553 255907968
263877263 255907968
391939955 255907968
160632801 255907968
260551651 255907968
365570172 255907968
186046249 255907968
282436891 255907968
242638906 255907968
398031350 255907968
204240844 255907968
297349215 255907968
375122936 255907968
371617015 255907968
13479713 255907968
469440461 255907968
456859874 255907968
9750119 255907968
344513208 255907968
469334766 255907968
393755315 255907968
54574846 255907968
46413476 255907968
69987112 255907968
101724345 255907968
125104840 255907968
224100514 255907968
233521563 255907968
396875173 255907968
106840036 255907968
86076339 255907968
447078086 255907968
291962257 255907968
203199776 255907968
367731210 255907968
73764778 255907968
63939638 255907968
329515184 255907968
341194647 255907968
194652545 255907968
253381890 255907968
67302949 255907968
437506606 255907968
142948686 255907968
122703079 255907968
477161063 255907968
116984247 255907968
275651354 255907968
438834829 255907968
44521892 255907968
149863734 255907968
47300531 255907968
147274784 255907968
52918887 255907968
478634054 255907968
303753366 255907968
20049269 255907968
364959092 255907968
300728434 255907968
338522409 255907968
4433469 255907968
322680884 255907968
283921341 255907968
405318464 255907968
181126539 255907968
370150060 255907968
126659181 255907968
342357552 255907968
69804625 255907968
355214126 255907968
251524757 255907968
191262958 255907968
488253268 255907968
320379312 255907968
265498757 255907968
192397492 255907968
492032952 255907968
498900885 255907968
310778121 255907968
167179462 255907968
1183279 255907968
244946627 255907968
278864288 255907968
197524661 255907968
170318218 255907968
320793197 255907968
353769020 255907968
47000236 255907968
132772750 255907968
205065662 255907968
223608012 255907968
194322240 255907968
138666092 255907968
270038866 255907968
108228676 255907968
125295151 255907968
208941582 255907968
218397347 255907968
205664826 255907968
386787345 255907968
95752682 255907968
19635602 255907968
123645092 255907968
230036959 255907968
149599272 255907968
167007839 255907968
427898803 255907968
69834589 255907968
147131245 255907968
439940412 255907968
22717629 255907968
195227741 255907968
165476168 255907968
188305412 255907968
189876961 255907968
221969652 255907968
191703652 255907968
29171052 255907968
248022203 255907968
489965067 255907968
404417518 255907968
358804784 255907968
174722728 255907968
141764745 255907968
300214235 255907968
229636614 255907968
146225641 255907968
6017060 255907968
22898800 255907968
169191589 255907968
255807243 255907968
470523780 255907968
278642294 255907968
400398031 255907968
322492540 255907968
401917982 255907968
147157004 255907968
393137184 255907968
35816369 255907968
458425972 255907968
291593802 255907968
265360047 255907968
230691376 255907968
398815782 255907968
198808078 255907968
46886415 255907968
94121961 255907968
142892227 255907968
103159130 255907968
110738037 255907968
80071753 255907968
125625861 255907968
341612330 255907968
212961323 255907968
40768474 255907968
27195179 255907968
228305678 255907968
378835272 255907968
128792772 255907968
46262876 255907968
483763578 255907968
88567532 255907968
39320776 255907968
345546772 255907968
441670868 255907968
69490461 255907968
107525153 255907968
95381589 255907968
226018162 255907968
373389553 255907968
240548507 255907968
475361931 255907968
176912293 255907968
187345293 255907968
451177119 255907968
134809242 255907968
414645209 255907968
468757762 255907968
28633819 255907968
491290598 255907968
479352928 255907968
257336976 255907968
473408702 255907968
375443946 255907968
239220482 255907968
220689765 255907968
460120820 255907968
386832689 255907968
225493131 255907968
314311526 255907968
460446241 255907968
130991349 255907968
208195774 255907968
297015629 255907968
418633840 255907968
197063726 255907968
421895328 255907968
454045355 255907968
399579762 255907968
86256024 255907968
326903764 255907968
89023095 255907968
489991832 255907968
299884780 255907968
274487315 255907968
218176483 255907968
414658532 255907968
422472700 255907968
449007304 255907968
360188566 255907968
165424069 255907968
450739728 255907968
110739964 255907968
330317362 255907968
306598659 255907968
209421146 255907968
432083051 255907968
313392074 255907968
265994940 255907968
485514012 255907968
488838079 255907968
452273322 255907968
208968336 255907968
168703211 255907968
173760049 255907968
45280423 255907968
258338679 255907968
445128531 255907968
170338374 255907968
437930872 255907968
459263747 255907968
142715581 255907968
444435996 255907968
426390933 255907968
73867026 255907968
491919076 255907968
137313179 255907968
331997761 255907968
304510576 255907968
263032090 255907968
298386331 255907968
469665239 255907968
64607866 255907968
17294127 255907968
172266721 255907968
254371605 255907968
405408246 255907968
329142547 255907968
137439433 255907968
186571307 255907968
477501193 255907968
24941454 255907968
319428471 255907968
280202247 255907968
464270954 255907968
106397685 255907968
176597825 255907968
442529340 255907968
493354437 255907968
280720655 255907968
315084267 255907968
236544793 255907968
204046929 255907968
137973426 255907968
74970373 255907968
474752634 255907968
183044818 255907968
322442093 255907968
144480751 255907968
268387780 255907968
16832795 255907968
407538363 255907968
282824014 255907968
403178702 255907968
417116985 255907968
455161029 255907968
103007204 255907968
266643783 255907968
302920133 255907968
207985003 255907968
303132483 255907968
438617222 255907968
319627805 255907968
298500565 255907968
267319475 255907968
57593540 255907968
192945271 255907968
242000460 255907968
95581997 255907968
163209068 255907968
167716616 255907968
228095620 255907968
323477636 255907968
134171889 255907968
350871907 255907968
336731093 255907968
79967178 255907968
437146114 255907968
154632591 255907968
163932691 255907968
348390939 255907968
191412335 255907968
173944228 255907968
322938468 255907968
269913921 255907968
244367446 255907968
484492463 255907968
240799149 255907968
159025874 255907968
400532834 255907968
19350490 255907968
175143377 255907968
187086879 255907968
339570203 255907968
460242995 255907968
17351238 255907968
72071804 255907968
389751568 255907968
217152437 255907968
343596626 255907968
374693326 255907968
165432134 255907968
381341248 255907968
383446394 255907968
90688190 255907968
177971265 255907968
214669133 255907968
314082022 255907968
295407873 255907968
285236175 255907968
92736859 255907968
27184815 255907968
213168880 255907968
35281172 255907968
341190405 255907968
347997735 255907968
102944404 255907968
71991391 255907968
15417669 255907968
128952128 255907968
76799840 255907968
158860027 255907968
231221087 255907968
366998003 255907968
150997287 255907968
91682172 255907968
181533498 255907968
103164312 255907968
258363722 255907968
171522761 255907968
63540783 255907968
382117926 255907968
155576062 255907968
79444777 255907968
102228683 255907968
95496024 255907968
98416150 255907968
478149567 255907968
249623755 255907968
320720480 255907968
428219414 255907968
254684656 255907968
410771215 255907968
357737235 255907968
496712818 255907968
316887737 255907968
300763325 255907968
357593208 255907968
488788149 255907968
69351405 255907968
287719773 255907968
408422341 255907968
282864449 255907968
167148587 255907968
108492460 255907968
423274290 255907968
195794397 255907968
450920162 255907968
227781106 255907968
246135504 255907968
331779673 255907968
347531908 255907968
218390334 255907968
394332766 255907968
311328493 255907968
90970030 255907968
188962692 255907968
95675881 255907968
367561891 255907968
471336239 255907968
384282974 255907968
337586521 255907968
183356227 255907968
119712520 255907968
169434175 255907968
407318544 255907968
134410863 255907968
399761977 255907968
472469191 255907968
315200605 255907968
91366520 255907968
223656030 255907968
214500635 255907968
155689443 255907968
461545913 255907968
15978680 255907968
294119506 255907968
362027966 255907968
288292712 255907968
435740652 255907968
494514062 255907968
368184855 255907968
78115487 255907968
42776734 255907968
211543164 255907968
155994760 255907968
175531163 255907968
183025830 255907968
283462700 255907968
360816616 255907968
186591393 255907968
85303715 255907968
214775035 255907968
363500629 255907968
342838992 255907968
484962113 255907968
79094440 255907968
35727087 255907968
169952573 255907968
469161183 255907968
311903440 255907968
125437722 255907968
222731059 255907968
343821779 255907968
478500670 255907968
80610367 255907968
195704668 255907968
121604522 255907968
28564277 255907968
297381271 255907968
84729797 255907968
497055558 255907968
303962541 255907968
88928390 255907968
18281292 255907968
469750421 255907968
234921244 255907968
224837503 255907968
5716605 255907968
393147175 255907968
8581926 255907968
212181862 255907968
60086071 255907968
67390975 255907968
56476280 255907968
283309590 255907968
174195199 255907968
227869874 255907968
488802515 255907968
129209915 255907968
281997638 255907968
244718014 255907968
54783457 255907968
28712736 255907968
107454366 255907968
337390094 255907968
7103667 255907968
85751867 255907968
301146120 255907968
259089702 255907968
74389206 255907968
88265661 255907968
453682919 255907968
30625646 255907968
104897568 255907968
401532659 255907968
393713778 255907968
458136376 255907968
168443765 255907968
100381035 255907968
341550794 255907968
33919013 255907968
57177858 255907968
86585478 255907968
116143378 255907968
314875094 255907968
436300814 255907968
236080767 255907968
403304429 255907968
60769272 255907968
11025306 255907968
292891218 255907968
44659262 255907968
275099827 255907968
272846659 255907968
386765365 255907968
204296326 255907968
171936052 255907968
372365641 255907968
100285087 255907968
78265254 255907968
340389422 255907968
214786279 255907968
455691185 255907968
164355402 255907968
414511837 255907968
79363235 255907968
498526649 255907968
398455872 255907968
124693555 255907968
165078321 255907968
312612053 255907968
62765761 255907968
341662831 255907968
112092596 255907968
351624136 255907968
345044120 255907968
371898363 255907968
83202024 255907968
14430600 255907968
170287958 255907968
349230915 255907968
317345524 255907968
234095438 255907968
138624723 255907968
460361478 255907968
54010762 255907968
330917272 255907968
192486115 255907968
74875125 255907968
420145638 255907968
328625834 255907968
154503779 255907968
282044596 255907968
82703726 255907968
468040664 255907968
124639769 255907968
26677970 255907968
98486646 255907968
209969967 255907968
71873396 255907968
207728631 255907968
256518489 255907968
53302677 255907968
326709133 255907968
66868276 255907968
279683589 255907968
114090765 255907968
430883807 255907968
469057526 255907968
184616858 255907968
358454661 255907968
111501689 255907968
76632794 255907968
304159648 255907968
105449053 255907968
256115308 255907968
38270926 255907968
249919750 255907968
63957203 255907968
448872644 255907968
196296416 255907968
392758356 255907968
215104832 255907968
473250202 255907968
345004583 255907968
57759276 255907968
417698144 255907968
440222402 255907968
45645437 255907968
411678334 255907968
341298252 255907968
410374690 255907968
33203705 255907968
177884038 255907968
10581547 255907968
356327905 255907968
406632723 255907968
237450377 255907968
2619725 255907968
353848192 255907968
431339366 255907968
389651994 255907968
181762407 255907968
422247377 255907968
386721947 255907968
203101587 255907968
86147546 255907968
384913362 255907968
425708793 255907968
390449120 255907968
258243675 255907968
406806780 255907968
271047636 255907968
3005900 255907968
327417484 255907968
265988358 255907968
151327012 255907968
12231671 255907968
259806378 255907968
226415426 255907968
333785261 255907968
370079784 255907968
338185669 255907968
252643523 255907968
324533135 255907968
399270252 255907968
280466342 255907968
206385846 255907968
361155880 255907968
296409856 255907968
48407383 255907968
110263936 255907968
390248488 255907968
402047426 255907968
167463374 255907968
447333504 255907968
459417811 255907968
109013749 255907968
49868716 255907968
448195310 255907968
317966839 255907968
458179644 255907968
151032176 255907968
368489595 255907968
252369578 255907968
209189615 255907968
30110459 255907968
144557063 255907968
351128381 255907968
340245326 255907968
274927004 255907968
140587785 255907968
312394975 255907968
417113625 255907968
357818304 255907968
420530282 255907968
258597624 255907968
246084570 255907968
384529085 255907968
444901761 255907968
482919041 255907968
28443803 255907968
440980368 255907968
235991962 255907968
233318334 255907968
234134522 255907968
33560431 255907968
203064401 255907968
486059088 255907968
418114230 255907968
408749587 255907968
24292418 255907968
5979491 255907968
483658745 255907968
217558075 255907968
429340058 255907968
493831722 255907968
236091904 255907968
492937997 255907968
264555207 255907968
449640972 255907968
459901775 255907968
188944435 255907968
386414629 255907968
312822301 255907968
229522089 255907968
202599286 255907968
79242520 255907968
493230372 255907968
279999429 255907968
17404488 255907968
43188144 255907968
99754000 255907968
33063400 255907968
468214666 255907968
2496017 255907968
397938795 255907968
118265178 255907968
76933 255907968
106977729 255907968
79643506 255907968
137705041 255907968
328118963 255907968
462259438 255907968
378117259 255907968
73620147 255907968
145448944 255907968
167044592 255907968
432157416 255907968
131875998 255907968
439296174 255907968
212709712 255907968
176164525 255907968
314918409 255907968
26261597 255907968
117995620 255907968
387432242 255907968
231152605 255907968
425962206 255907968
8181972 255907968
131737850 255907968
482171418 255907968
26993216 255907968
133468697 255907968
342705839 255907968
143827112 255907968
216228315 255907968
171541357 255907968
80289720 255907968
311738033 255907968
379699157 255907968
107600681 255907968
369919198 255907968
388210378 255907968
360332940 255907968
310008735 255907968
451157597 255907968
228590786 255907968
133899176 255907968
106691306 255907968
178253615 255907968
153825649 255907968
183387419 255907968
342395621 255907968
417909754 255907968
168891620 255907968
302619741 255907968
290042499 255907968
172741976 255907968
134152121 255907968
427638091 255907968
195320091 255907968
438538651 255907968
23195976 255907968
134368021 255907968
279316880 255907968
103086621 255907968
384647362 255907968
65558472 255907968
337572217 255907968
93195389 255907968
236647390 255907968
348482562 255907968
188118887 255907968
212517712 255907968
416828683 255907968
393312804 255907968
415594707 255907968
319813906 255907968
497650072 255907968
382081350 255907968
185927323 255907968
293455463 255907968
344721546 255907968
71210840 255907968
349587212 255907968
133389202 255907968
426072118 255907968
360973129 255907968
170307958 255907968
254202932 255907968
251481792 255907968
68398811 255907968
397102512 255907968
298542788 255907968
49000553 255907968
463284678 255907968
232975838 255907968
5484386 255907968
185237181 255907968
123126332 255907968
80389006 255907968
182180872 255907968
114602548 255907968
247941878 255907968
131550744 255907968
458567100 255907968
372938854 255907968
177665275 255907968
97816397 255907968
247753968 255907968
254810466 255907968
104789821 255907968
10376497 255907968
276258371 255907968
151155120 255907968
297383950 255907968
120936312 255907968
400681831 255907968
378715627 255907968
357421018 255907968
74204241 255907968
251566129 255907968
228053223 255907968
154480243 255907968
468352410 255907968
407453904 255907968
49840216 255907968
371190853 255907968
246559129 255907968
281273827 255907968
214389784 255907968
369877188 255907968
407088800 255907968
421823651 255907968
388090280 255907968
184022915 255907968
462222173 255907968
310800209 255907968
66557863 255907968
69255315 255907968
452514849 255907968
180687038 255907968
116821918 255907968
449445455 255907968
35311017 255907968
251350669 255907968
372941493 255907968
147037476 255907968
383416331 255907968
397753526 255907968
155462098 255907968
428615228 255907968
250919036 255907968
152693508 255907968
270938034 255907968
376631368 255907968
37809561 255907968
443388859 255907968
396448168 255907968
53663816 255907968
102486418 255907968
71748815 255907968
198273690 255907968
178644451 255907968
6895882 255907968
252018665 255907968
223668355 255907968
36867019 255907968
110528902 255907968
98688208 255907968
311476729 255907968
295806692 255907968
147425524 255907968
124765729 255907968
334953402 255907968
142869284 255907968
318175336 255907968
239665564 255907968
38155317 255907968
131272258 255907968
367932612 255907968
107735258 255907968
132492779 255907968
203488698 255907968
96610688 255907968
480572436 255907968
399824642 255907968
278204905 255907968
300184424 255907968
469544656 255907968
306642968 255907968
438570125 255907968
214342195 255907968
371188148 255907968
188733559 255907968
65757525 255907968
2730519 255907968
148706871 255907968
60616248 255907968
357429024 255907968
499758605 255907968
205381146 255907968
214662597 255907968
298359012 255907968
97821080 255907968
77861988 255907968
45667521 255907968
319635387 255907968
490596570 255907968
31990737 255907968
248060215 255907968
56445010 255907968
123760936 255907968
139773291 255907968
25006635 255907968
250764763 255907968
26399028 255907968
440417003 255907968
310784103 255907968
122943701 255907968
104366469 255907968
174663304 255907968
437545353 255907968
306783734 255907968
254250791 255907968
347044104 255907968
279602962 255907968
1524676 255907968
439359081 255907968
239622726 255907968
82793305 255907968
368313381 255907968
440452526 255907968
253202602 255907968
342029974 255907968
56465630 255907968
492836676 255907968
309273903 255907968
395078034 255907968
369307778 255907968
280974274 255907968
365077275 255907968
34731133 255907968
203804886 255907968
23431685 255907968
342004108 255907968
285596893 255907968
374466345 255907968
344657326 255907968
308837504 255907968
443678047 255907968
274039865 255907968
386918198 255907968
71493838 255907968
192220036 255907968
129222745 255907968
129608673 255907968
249004793 255907968
395874894 255907968
492769426 255907968
4330459 255907968
494441673 255907968
161783629 255907968
73677968 255907968
300784116 255907968
433345945 255907968
6543407 255907968
50415995 255907968
343672283 255907968
247007402 255907968
82098714 255907968
203771310 255907968
42414507 255907968
310200838 255907968
307315407 255907968
46432528 255907968
120631271 255907968
44461448 255907968
393798651 255907968
172658150 255907968
58323267 255907968
263824309 255907968
415046032 255907968
26478072 255907968
1255075 255907968
48126123 255907968
444975241 255907968
455758355 255907968
321065332 255907968
95500508 255907968
129622053 255907968
332307528 255907968
187368787 255907968
188423021 255907968
4004853 255907968
196023176 255907968
129303211 255907968
179895729 255907968
204144729 255907968
316071142 255907968
177063622 255907968
151301498 255907968
471832266 255907968
288126322 255907968
116583353 255907968
175671240 255907968
141357665 255907968
96432846 255907968
158095532 255907968
50822139 255907968
235237814 255907968
356327338 255907968
290531486 255907968
433460109 255907968
471066408 255907968
322639477 255907968
475384657 255907968
150677380 255907968
410491946 255907968
129888265 255907968
427715003 255907968
198529956 255907968
302258235 255907968
454027553 255907968
499298962 255907968
368400093 255907968
476510397 255907968
122269107 255907968
84996769 255907968
283644929 255907968
30369818 255907968
107433121 255907968
210314094 255907968
279652954 255907968
480840704 255907968
56573400 255907968
335889646 255907968
45238953 255907968
294835101 255907968
185305107 255907968
366521656 255907968
277385838 255907968
169250931 255907968
399742227 255907968
216056502 255907968
443652128 255907968
424857570 255907968
185918098 255907968
329130521 255907968
381185229 255907968
321321481 255907968
297537196 255907968
281103882 255907968
438482652 255907968
452481136 255907968
43033002 255907968
132712092 255907968
387786950 255907968
124331341 255907968
314558968 255907968
246751806 255907968
494630774 255907968
455164324 255907968
307546731 255907968
470192665 255907968
169107489 255907968
35746896 255907968
283858678 255907968
472320520 255907968
311787432 255907968
369015923 255907968
25279332 255907968
123530378 255907968
488698602 255907968
270071895 255907968
379784959 255907968
88190292 255907968
396977476 255907968
189402239 255907968
309917366 255907968
30079321 255907968
369234647 255907968
316715203 255907968
11367652 255907968
110399064 255907968
313937629 255907968
347359105 255907968
365859767 255907968
155927868 255907968
188772630 255907968
383224328 255907968
475880308 255907968
150364760 255907968
443976728 255907968
31892779 255907968
196519340 255907968
110338442 255907968
324330997 255907968
76123368 255907968
402224529 255907968
320076643 255907968
446680067 255907968
126316703 255907968
448245640 255907968
55198822 255907968
187127041 255907968
256157961 255907968
338397249 255907968
438335640 255907968
318585064 255907968
229060005 255907968
128562124 255907968
12296699 255907968
286518015 255907968
204228637 255907968
108098550 255907968
235823008 255907968
251747108 255907968
389426702 255907968
197848671 255907968
494899636 255907968
311856667 255907968
460391274 255907968
260913437 255907968
144130718 255907968
489097093 255907968
273343258 255907968
398133514 255907968
438982101 255907968
26308946 255907968
319816012 255907968
443109629 255907968
225607268 255907968
21711527 255907968
238215775 255907968
10196025 255907968
468900380 255907968
85781429 255907968
319701780 255907968
161374286 255907968
165555770 255907968
493340969 255907968
447219963 255907968
394774363 255907968
463439666 255907968
90020945 255907968
146442640 255907968
181849022 255907968
138309515 255907968
65614219 255907968
182180165 255907968
291577087 255907968
236279529 255907968
137381816 255907968
113752097 255907968
2940145 255907968
473772719 255907968
437605214 255907968
199642589 255907968
287089453 255907968
380772046 255907968
383981318 255907968
233254686 255907968
216696775 255907968
48374255 255907968
37017578 255907968
290398893 255907968
365099700 255907968
181416471 255907968
197207860 255907968
154802148 255907968
382744398 255907968
228523146 255907968
488508843 255907968
154516671 255907968
311656435 255907968
317783339 255907968
190586105 255907968
237921312 255907968
273771480 255907968
221817414 255907968
350158407 255907968
69018707 255907968
321370397 255907968
432345502 255907968
485175814 255907968
434108590 255907968
426566934 255907968
6129362 255907968
366232132 255907968
314224671 255907968
202308054 255907968
486615882 255907968
45907603 255907968
132322183 255907968
74259623 255907968
454897748 255907968
468709442 255907968
381287765 255907968
343792689 255907968
385964324 255907968
378402261 255907968
334428702 255907968
104872546 255907968
145542308 255907968
356646101 255907968
488830037 255907968
338868692 255907968
315198671 255907968
124805784 255907968
412045843 255907968
43000359 255907968
348520311 255907968
64182835 255907968
159876281 255907968
323979952 255907968
12890971 255907968
187218522 255907968
498320869 255907968
283676970 255907968
334600041 255907968
206184181 255907968
349614709 255907968
442837159 255907968
300749567 255907968
173336959 255907968
478029962 255907968
425353290 255907968
100953895 255907968
284494534 255907968
372341577 255907968
214471886 255907968
88805768 255907968
100725265 255907968
476567096 255907968
280605982 255907968
18609848 255907968
244277970 255907968
314146814 255907968
43475318 255907968
176098252 255907968
235915779 255907968
377814785 255907968
289169687 255907968
15761595 255907968
127784209 255907968
218696177 255907968
460821996 255907968
251443599 255907968
346289190 255907968
177857391 255907968
80259008 255907968
345055606 255907968
227044385 255907968
303399946 255907968
155311753 255907968
165485409 255907968
311474178 255907968
78994294 255907968
77025166 255907968
370852707 255907968
28005845 255907968
40330652 255907968
391550905 255907968
227443324 255907968
474717229 255907968
285653246 255907968
238154143 255907968
65837126 255907968
438215397 255907968
65540031 255907968
34558906 255907968
111076497 255907968
64714220 255907968
147807691 255907968
450728369 255907968
452493584 255907968
152994414 255907968
91454535 255907968
326823988 255907968
12060180 255907968
381476734 255907968
354727634 255907968
402431986 255907968
235326675 255907968
290765875 255907968
11736297 255907968
249504837 255907968
192691718 255907968
426037578 255907968
109745516 255907968
94920115 255907968
145149251 255907968
119804152 255907968
381652128 255907968
50927755 255907968
213390259 255907968
44848018 255907968
78466104 255907968
2948662 255907968
484352121 255907968
212380311 255907968
85092458 255907968
487041466 255907968
160717079 255907968
460066534 255907968
92292340 255907968
105240392 255907968
329327770 255907968
376983232 255907968
252469985 255907968
461524201 255907968
438969475 255907968
2205987 255907968
469022289 255907968
485881818 255907968
475841979 255907968
23826320 255907968
126274913 255907968
476800302 255907968
134596196 255907968
472305624 255907968
209380572 255907968
425434897 255907968
335601676 255907968
201135922 255907968
299170800 255907968
475725102 255907968
155943744 255907968
319574771 255907968
186686777 255907968
494616395 255907968
304049775 255907968
7467977 255907968
358029992 255907968
205651005 255907968
166006676 255907968
443220401 255907968
388785686 255907968
378326011 255907968
419246007 255907968
55463472 255907968
187183901 255907968
65984637 255907968
68972383 255907968
217527251 255907968
481199351 255907968
215228628 255907968
404008811 255907968
91594283 255907968
329407034 255907968
398859246 255907968
66036328 255907968
82531028 255907968
211212563 255907968
363309459 255907968
59375649 255907968
71393395 255907968
54701528 255907968
308904487 255907968
162119978 255907968
414454826 255907968
118276815 255907968
253573502 255907968
419401625 255907968
23111761 255907968
345006941 255907968
345173092 255907968
294533087 255907968
363873414 255907968
123325411 255907968
428178657 255907968
83089816 255907968
235735060 255907968
256246324 255907968
325875438 255907968
105584089 255907968
385638420 255907968
5118194 255907968
93123068 255907968
100491018 255907968
442835543 255907968
288616798 255907968
144051728 255907968
220025944 255907968
454357407 255907968
56344526 255907968
311424359 255907968
394992006 255907968
20451427 255907968
302773495 255907968
413838845 255907968
236445516 255907968
282830805 255907968
321530915 255907968
216817371 255907968
372518956 255907968
179640022 255907968
389812610 255907968
217144086 255907968
306841983 255907968
295691973 255907968
464272145 255907968
202456846 255907968
316382146 255907968
418174505 255907968
492173800 255907968
108958199 255907968
408465901 255907968
294588383 255907968
245642682 255907968
334486830 255907968
266356483 255907968
492687244 255907968
465991821 255907968
318142532 255907968
422049209 255907968
441955767 255907968
290177427 255907968
61953288 255907968
434155367 255907968
485902955 255907968
395903413 255907968
215494145 255907968
425407483 255907968
216147310 255907968
32794089 255907968
217856352 255907968
144391686 255907968
177888937 255907968
177756990 255907968
342464431 255907968
8049375 255907968
288727691 255907968
219233603 255907968
98797138 255907968
104914170 255907968
195024921 255907968
171645045 255907968
373389482 255907968
383519707 255907968
490031056 255907968
421671787 255907968
35333982 255907968
117865820 255907968
473536204 255907968
115077560 255907968
168940786 255907968
141367544 255907968
332481719 255907968
390298973 255907968
96225596 255907968
323017324 255907968
423319428 255907968
157906265 255907968
90352124 255907968
437051653 255907968
254438226 255907968
343922459 255907968
176453233 255907968
428689842 255907968
345076337 255907968
304311492 255907968
296250329 255907968
487091762 255907968
306404291 255907968
396798539 255907968
188485311 255907968
23528555 255907968
86633934 255907968
297738574 255907968
172649510 255907968
467880252 255907968
148846166 255907968
73085291 255907968
237324878 255907968
374786437 255907968
26747796 255907968
234692410 255907968
260118357 255907968
265395984 255907968
343591710 255907968
327590032 255907968
123612450 255907968
380487312 255907968
423695981 255907968
169354401 255907968
168567864 255907968
21133583 255907968
438686559 255907968
450024910 255907968
216023314 255907968
151911174 255907968
429458110 255907968
102725 255907968
76676318 255907968
118751590 255907968
18665748 255907968
389011375 255907968
314631945 255907968
137639601 255907968
262941942 255907968
33658065 255907968
205109990 255907968
345300081 255907968
86994788 255907968
75540702 255907968
62304658 255907968
388180684 255907968
11587662 255907968
289224594 255907968
248762939 255907968
425185188 255907968
41466816 255907968
238413337 255907968
219364237 255907968
131787055 255907968
70694319 255907968
136450256 255907968
492146334 255907968
217844006 255907968
160460409 255907968
307643938 255907968
77852613 255907968
215212142 255907968
175325062 255907968
422021575 255907968
475349052 255907968
448594996 255907968
442921741 255907968
434487478 255907968
61817504 255907968
110700981 255907968
496286506 255907968
157863829 255907968
19242963 255907968
106628036 255907968
406363806 255907968
467432278 255907968
99782853 255907968
318125757 255907968
449172225 255907968
71121772 255907968
156590214 255907968
224336808 255907968
153687599 255907968
150789908 255907968
218344726 255907968
205234318 255907968
357614888 255907968
111681229 255907968
279050440 255907968
316667708 255907968
257311731 255907968
241721115 255907968
395948129 255907968
319739653 255907968
420622582 255907968
269020184 255907968
331990424 255907968
312050253 255907968
126940476 255907968
362469501 255907968
166885853 255907968
147369372 255907968
273844379 255907968
117905586 255907968
104718173 255907968
247767926 255907968
127237007 255907968
269720590 255907968
5015655 255907968
33498772 255907968
307864323 255907968
99629524 255907968
75847449 255907968
214362819 255907968
433268653 255907968
150241509 255907968
120043097 255907968
283073286 255907968
398215329 255907968
244957031 255907968
169957285 255907968
310708373 255907968
141371263 255907968
316266436 255907968
315918811 255907968
483457036 255907968
429116737 255907968
158101185 255907968
430187759 255907968
161500335 255907968
287055659 255907968
339332584 255907968
95074432 255907968
241453486 255907968
139533994 255907968
446329911 255907968
282204160 255907968
70550713 255907968
266399571 255907968
65565633 255907968
195589586 255907968
186489325 255907968
461131722 255907968
20289027 255907968
327626974 255907968
342021870 255907968
202696282 255907968
77021191 255907968
258045407 255907968
474319961 255907968
17856038 255907968
461087983 255907968
304412892 255907968
148964476 255907968
194045770 255907968
235018957 255907968
44698992 255907968
218042625 255907968
450978501 255907968
410896870 255907968
69325751 255907968
220233215 255907968
98139220 255907968
181088825 255907968
40173802 255907968
202867717 255907968
464527200 255907968
138705666 255907968
469734382 255907968
303419515 255907968
50101857 255907968
36482373 255907968
380232122 255907968
465621516 255907968
177036354 255907968
469728774 255907968
345172311 255907968
391039064 255907968
338263908 255907968
134800440 255907968
421865485 255907968
469156716 255907968
79926631 255907968
47093286 255907968
201081358 255907968
192224296 255907968
23266571 255907968
275791413 255907968
296030442 255907968
128159771 255907968
56562177 255907968
339809786 255907968
354806545 255907968
305440881 255907968
409370723 255907968
116471812 255907968
26574881 255907968
484976081 255907968
124604987 255907968
126098863 255907968
167831109 255907968
253072664 255907968
51061882 255907968
208643246 255907968
434386778 255907968
317880115 255907968
220337955 255907968
2261689 255907968
225257560 255907968
242245307 255907968
92728814 255907968
414238463 255907968
104794547 255907968
270977202 255907968
198292851 255907968
48847445 255907968
221799071 255907968
234496105 255907968
452766096 255907968
374702357 255907968
184607205 255907968
486267194 255907968
22623403 255907968
402654854 255907968
335764980 255907968
69441555 255907968
303441345 255907968
217469107 255907968
24005354 255907968
136678237 255907968
376757176 255907968
202187019 255907968
146818928 255907968
148267789 255907968
100487212 255907968
274253610 255907968
84081011 255907968
35162150 255907968
221253011 255907968
250612746 255907968
426459088 255907968
421740604 255907968
169802011 255907968
331992521 255907968
180316014 255907968
228452710 255907968
483007237 255907968
337424277 255907968
394000910 255907968
89039830 255907968
71313949 255907968
411364268 255907968
53899612 255907968
146430799 255907968
260729156 255907968
169631009 255907968
328230849 255907968
457819774 255907968
242344132 255907968
155179129 255907968
104551673 255907968
279415483 255907968
164589158 255907968
106223355 255907968
320748133 255907968
451774826 255907968
434377575 255907968
35345554 255907968
91703726 255907968
440338352 255907968
302809170 255907968
327126844 255907968
43344408 255907968
365223991 255907968
48499293 255907968
280289448 255907968
145663200 255907968
347444687 255907968
446095092 255907968
129373439 255907968
48678595 255907968
395112763 255907968
493643790 255907968
4418122 255907968
429630939 255907968
466146938 255907968
124819367 255907968
181743474 255907968
197019102 255907968
62828136 255907968
161361741 255907968
91191489 255907968
77353101 255907968
197911511 255907968
22109118 255907968
252942009 255907968
342929041 255907968
323585626 255907968
320920473 255907968
164344205 255907968
411957037 255907968
52935664 255907968
117355469 255907968
191397894 255907968
34204499 255907968
375247749 255907968
362461875 255907968
490637103 255907968
188863678 255907968
492452509 255907968
17464300 255907968
209807494 255907968
16847363 255907968
420659244 255907968
93535589 255907968
327129102 255907968
298898113 255907968
110806121 255907968
226739725 255907968
390767775 255907968
382203558 255907968
333341589 255907968
363642481 255907968
435292990 255907968
95148800 255907968
141464971 255907968
194990562 255907968
363298946 255907968
442820229 255907968
478586101 255907968
28144655 255907968
263748486 255907968
156182882 255907968
313943819 255907968
350662568 255907968
418429949 255907968
404700141 255907968
44730647 255907968
400849195 255907968
69875768 255907968
112950044 255907968
55711471 255907968
354793591 255907968
17635052 255907968
368610309 255907968
125229514 255907968
383529892 255907968
163084153 255907968
195520563 255907968
339751200 255907968
325558831 255907968
242381034 255907968
478706178 255907968
156533122 255907968
333912901 255907968
347151908 255907968
125399524 255907968
398201264 255907968
290725930 255907968
212535952 255907968
431499072 255907968
323669037 255907968
461026278 255907968
68348435 255907968
478742425 255907968
289182112 255907968
50708742 255907968
424453925 255907968
357819483 255907968
5664903 255907968
133292707 255907968
380079021 255907968
187715285 255907968
46155249 255907968
269443148 255907968
46368406 255907968
96623490 255907968
107282981 255907968
247071822 255907968
493080818 255907968
45303663 255907968
213643928 255907968
43001573 255907968
66568941 255907968
461359979 255907968
167885103 255907968
68089092 255907968
307300601 255907968
462285033 255907968
457637012 255907968
317517289 255907968
196108055 255907968
292950993 255907968
251833084 255907968
127941519 255907968
38741725 255907968
127765283 255907968
85026759 255907968
188431374 255907968
385745948 255907968
399454563 255907968
379310142 255907968
76251498 255907968
338499722 255907968
197430284 255907968
295112200 255907968
51727083 255907968
52129442 255907968
253870886 255907968
326233294 255907968
34037855 255907968
38364346 255907968
234570467 255907968
14092737 255907968
210036949 255907968
455613241 255907968
64621734 255907968
492914711 255907968
239381153 255907968
340831523 255907968
5447291 255907968
440534159 255907968
410120592 255907968
123884154 255907968
392959507 255907968
285165525 255907968
475353143 255907968
295534347 255907968
436201795 255907968
187224712 255907968
130846682 255907968
341807815 255907968
226168908 255907968
221220818 255907968
178559986 255907968
283738524 255907968
425936330 255907968
243257290 255907968
212266398 255907968
480825817 255907968
322060357 255907968
45969127 255907968
135646141 255907968
408807916 255907968
28057269 255907968
254248073 255907968
269303642 255907968
485657430 255907968
451292712 255907968
481437660 255907968
263167260 255907968
127498396 255907968
120658618 255907968
314208971 255907968
193944575 255907968
320282655 255907968
99200535 255907968
304055852 255907968
197275533 255907968
256401315 255907968
467406435 255907968
327152216 255907968
217590423 255907968
266960442 255907968
227056517 255907968
360722206 255907968
195049457 255907968
330895157 255907968
445331875 255907968
336620111 255907968
494608637 255907968
417391320 255907968
316623041 255907968
7287885 255907968
5348349 255907968
409550521 255907968
61516968 255907968
279789954 255907968
33635636 255907968
483163420 255907968
48241820 255907968
250107174 255907968
159999255 255907968
90946257 255907968
470582388 255907968
323742039 255907968
32674531 255907968
318538187 255907968
86066105 255907968
248679780 255907968
413041698 255907968
89139595 255907968
254229831 255907968
170857058 255907968
18946305 255907968
464994369 255907968
206420283 255907968
391696543 255907968
19661074 255907968
460374375 255907968
451100397 255907968
376167882 255907968
282622338 255907968
97780455 255907968
423004328 255907968
82144599 255907968
58997800 255907968
188781082 255907968
150378961 255907968
341120884 255907968
19914251 255907968
272639573 255907968
195662597 255907968
118369748 255907968
75841909 255907968
385415328 255907968
50641487 255907968
443249219 255907968
416921299 255907968
298487737 255907968
148328095 255907968
82107887 255907968
12776702 255907968
399371048 255907968
142066971 255907968
138799751 255907968
387106239 255907968
91886136 255907968
162915623 255907968
177458145 255907968
170625067 255907968
135971327 255907968
431767341 255907968
277726219 255907968
227081974 255907968
324932346 255907968
130081101 255907968
32360625 255907968
39594775 255907968
335977080 255907968
441004762 255907968
92956296 255907968
418137668 255907968
198341488 255907968
384005843 255907968
8029560 255907968
312812102 255907968
221854294 255907968
477014890 255907968
398585284 255907968
38100224 255907968
68109909 255907968
248046826 255907968
243017040 255907968
352413079 255907968
472475704 255907968
274625780 255907968
403644947 255907968
474155460 255907968
372763034 255907968
239126234 255907968
16234984 255907968
82745418 255907968
88800089 255907968
349716477 255907968
103244301 255907968
179244498 255907968
331816337 255907968
114728830 255907968
224870090 255907968
418080808 255907968
432923294 255907968
283364420 255907968
225104877 255907968
3236625 255907968
271368731 255907968
423636267 255907968
401610930 255907968
164025679 255907968
358952502 255907968
122610839 255907968
247928204 255907968
101459240 255907968
230591129 255907968
130616592 255907968
455863908 255907968
471467178 255907968
365088326 255907968
1224710 255907968
388773741 255907968
2084553 255907968
371501512 255907968
275949060 255907968
58486058 255907968
465950044 255907968
403654481 255907968
140001114 255907968
335486596 255907968
58673487 255907968
17777066 255907968
181954589 255907968
436678884 255907968
438302747 255907968
21646014 255907968
185545215 255907968
465564246 255907968
269263537 255907968
19945415 255907968
177712625 255907968
9127192 255907968
266737147 255907968
154109503 255907968
254153579 255907968
280885928 255907968
51586987 255907968
247106063 255907968
246625300 255907968
181533395 255907968
161526716 255907968
352088438 255907968
167458299 255907968
461134190 255907968
234777902 255907968
70181942 255907968
261547950 255907968
213968382 255907968
27707534 255907968
144016381 255907968
461620689 255907968
392822916 255907968
155538946 255907968
110645151 255907968
287811796 255907968
243210509 255907968
196577096 255907968
405828631 255907968
143392906 255907968
228112241 255907968
59404272 255907968
398212859 255907968
406327431 255907968
8703541 255907968
121545678 255907968
330990413 255907968
5402703 255907968
48842794 255907968
135653524 255907968
299965748 255907968
61949010 255907968
446559924 255907968
462877716 255907968
319898507 255907968
307519759 255907968
214734028 255907968
78760005 255907968
20528942 255907968
356555912 255907968
305799907 255907968
412992181 255907968
98924194 255907968
332598628 255907968
461205841 255907968
344244211 255907968
475857320 255907968
77637892 255907968
298772609 255907968
189213815 255907968
179195026 255907968
156839533 255907968
71654936 255907968
234266373 255907968
467425778 255907968
458730104 255907968
133991663 255907968
125522934 255907968
442244763 255907968
304471059 255907968
27406822 255907968
376278458 255907968
249671308 255907968
165787138 255907968
393343131 255907968
145765120 255907968
496807446 255907968
23879938 255907968
189502192 255907968
203562958 255907968
422211660 255907968
162774504 255907968
249106341 255907968
37895313 255907968
41644579 255907968
163546530 255907968
213679080 255907968
140923465 255907968
361309843 255907968
412971070 255907968
201236057 255907968
114062376 255907968
138490403 255907968
9736180 255907968
82772192 255907968
123682627 255907968
441567259 255907968
369801169 255907968
322353214 255907968
288093604 255907968
474210053 255907968
434069725 255907968
376248607 255907968
215384845 255907968
413133523 255907968
305626620 255907968
410064015 255907968
127952107 255907968
7752260 255907968
222888974 255907968
470796349 255907968
88137133 255907968
216415840 255907968
9428469 255907968
482464659 255907968
10889763 255907968
82365431 255907968
383175812 255907968
48552921 255907968
287181358 255907968
134962628 255907968
182275373 255907968
168640189 255907968
302447680 255907968
203052290 255907968
282853171 255907968
424968533 255907968
136328155 255907968
358024973 255907968
462104258 255907968
160141364 255907968
338723249 255907968
103769030 255907968
213111777 255907968
378705776 255907968
65862269 255907968
213497043 255907968
340709704 255907968
4803660 255907968
301048002 255907968
314661501 255907968
243061609 255907968
397617358 255907968
319819318 255907968
185233634 255907968
428369913 255907968
216756275 255907968
467937493 255907968
100080532 255907968
226268214 255907968
309079484 255907968
355463188 255907968
40943588 255907968
38697771 255907968
195915745 255907968
421380046 255907968
77422761 255907968
219233978 255907968
444862325 255907968
55725930 255907968
58478308 255907968
144355966 255907968
347523093 255907968
283064649 255907968
17686849 255907968
299788833 255907968
340201540 255907968
141333794 255907968
481010112 255907968
463304513 255907968
82378526 255907968
447486272 255907968
191583867 255907968
364269437 255907968
108407314 255907968
79014583 255907968
245399350 255907968
366481234 255907968
399447527 255907968
261108603 255907968
80040477 255907968
261445891 255907968
256961332 255907968
365988692 255907968
374894363 255907968
163843082 255907968
250538874 255907968
322493357 255907968
99131387 255907968
358276612 255907968
290454530 255907968
395717515 255907968
44526576 255907968
231062436 255907968
95451666 255907968
62568086 255907968
71717141 255907968
415533257 255907968
315112206 255907968
195026607 255907968
436211997 255907968
293217618 255907968
236233679 255907968
246605504 255907968
497575838 255907968
399531474 255907968
276581958 255907968
361032606 255907968
294731794 255907968
167076888 255907968
375596245 255907968
128762630 255907968
61477504 255907968
281868471 255907968
28888822 255907968
285555272 255907968
106165785 255907968
210563332 255907968
411228224 255907968
279334311 255907968
51525973 255907968
175739633 255907968
176341561 255907968
95000323 255907968
298743586 255907968
343639737 255907968
52532636 255907968
321260551 255907968
432476498 255907968
333794701 255907968
461452406 255907968
252787331 255907968
359531234 255907968
370747250 255907968
193895585 255907968
337723282 255907968
493615601 255907968
287666123 255907968
221626943 255907968
49612990 255907968
333447095 255907968
372409333 255907968
83292407 255907968
205998886 255907968
230389397 255907968
231809278 255907968
435892140 255907968
215162535 255907968
278183328 255907968
295147524 255907968
202941514 255907968
423942114 255907968
345715695 255907968
74722101 255907968
471611798 255907968
477976836 255907968
409791687 255907968
250128252 255907968
177274318 255907968
123399854 255907968
295836722 255907968
480236241 255907968
451923142 255907968
490199549 255907968
16564476 255907968
365826757 255907968
189868087 255907968
103760648 255907968
354632979 255907968
408633033 255907968
445522234 255907968
91127758 255907968
309513533 255907968
313604471 255907968
36157926 255907968
413769173 255907968
351031240 255907968
412518950 255907968
489493685 255907968
256488822 255907968
429743211 255907968
317237079 255907968
457675933 255907968
35202121 255907968
406200045 255907968
59195316 255907968
240069158 255907968
447694978 255907968
268413569 255907968
114329368 255907968
238406673 255907968
313692213 255907968
409204801 255907968
493809115 255907968
102685470 255907968
43299164 255907968
107172093 255907968
29011325 255907968
40896377 255907968
56436917 255907968
399176704 255907968
476381498 255907968
280014598 255907968
253080575 255907968
322119342 255907968
237087096 255907968
73968557 255907968
1565254 255907968
277432743 255907968
304318497 255907968
221374266 255907968
172474369 255907968
58631814 255907968
397188697 255907968
345394259 255907968
322907447 255907968
350629945 255907968
416889 255907968
158532602 255907968
447614458 255907968
431501240 255907968
236803066 255907968
288487386 255907968
302350657 255907968
338498229 255907968
306979588 255907968
355515301 255907968
471343481 255907968
386862524 255907968
255713665 255907968
329161518 255907968
122333840 255907968
262911086 255907968
166358942 255907968
77535021 255907968
381165014 255907968
297743858 255907968
376502278 255907968
3632300 255907968
410663649 255907968
443883914 255907968
27345084 255907968
70804289 255907968
486960886 255907968
221051984 255907968
8271786 255907968
347946815 255907968
483717605 255907968
207777551 255907968
499294818 255907968
265910270 255907968
300722961 255907968
52049967 255907968
479307081 255907968
300158045 255907968
196897360 255907968
33616598 255907968
268830718 255907968
499905748 255907968
130947336 255907968
244581038 255907968
314496509 255907968
384487468 255907968
157022159 255907968
368859259 255907968
309245181 255907968
301846437 255907968
418848681 255907968
238804867 255907968
489043788 255907968
321775921 255907968
133391432 255907968
444809450 255907968
409346976 255907968
423492867 255907968
175652818 255907968
184270981 255907968
386989843 255907968
278268432 255907968
409742004 255907968
314112366 255907968
441906863 255907968
218660716 255907968
402294791 255907968
193649393 255907968
117914244 255907968
188656769 255907968
72530900 255907968
322574085 255907968
211569889 255907968
299174994 255907968
83678837 255907968
495076062 255907968
457732809 255907968
91212307 255907968
485168057 255907968
113370018 255907968
217637778 255907968
56065092 255907968
3680200 255907968
404820572 255907968
31391453 255907968
309194018 255907968
466969601 255907968
27014495 255907968
119175145 255907968
483773148 255907968
477011980 255907968
248103960 255907968
415449976 255907968
94072852 255907968
338037529 255907968
65769200 255907968
136963351 255907968
105802959 255907968
237248896 255907968
172722281 255907968
44041885 255907968
45395322 255907968
287340422 255907968
8877880 255907968
34711666 255907968
325890187 255907968
255813425 255907968
227234489 255907968
437026276 255907968
431893257 255907968
442855767 255907968
395572820 255907968
268935282 255907968
445441109 255907968
367778216 255907968
12756891 255907968
437117100 255907968
291385612 255907968
50193222 255907968
200260070 255907968
298882577 255907968
471010615 255907968
270077083 255907968
331115931 255907968
464834298 255907968
293016554 255907968
344782905 255907968
188269716 255907968
365636038 255907968
442388343 255907968
179253654 255907968
496853804 255907968
3225102 255907968
333194740 255907968
123626709 255907968
422991949 255907968
117853689 255907968
59242870 255907968
22446039 255907968
28027427 255907968
429069309 255907968
84433181 255907968
198363786 255907968
307875173 255907968
174648038 255907968
344272626 255907968
360878233 255907968
96070197 255907968
205544872 255907968
434468931 255907968
149189980 255907968
178499925 255907968
42605049 255907968
110631205 255907968
305378056 255907968
187970357 255907968
490183229 255907968
240928502 255907968
407002867 255907968
439711474 255907968
381744532 255907968
116010579 255907968
353228123 255907968
369970022 255907968
252303606 255907968
288561896 255907968
334232074 255907968
48081408 255907968
274702996 255907968
249743838 255907968
381530271 255907968
464802641 255907968
93485657 255907968
378285647 255907968
453869071 255907968
283562289 255907968
334278061 255907968
475066220 255907968
161014681 255907968
236316739 255907968
2687430 255907968
172913771 255907968
487274535 255907968
485335733 255907968
196988353 255907968
90361027 255907968
370890940 255907968
233661212 255907968
270680943 255907968
21472821 255907968
2732035 255907968
70175777 255907968
251476532 255907968
100596754 255907968
436117752 255907968
227444729 255907968
393618321 255907968
115328412 255907968
122589562 255907968
20328215 255907968
92004802 255907968
22994939 255907968
194153198 255907968
376039964 255907968
457850265 255907968
16477612 255907968
419190557 255907968
181200130 255907968
301051143 255907968
462171183 255907968
169531243 255907968
72378253 255907968
10537319 255907968
133781523 255907968
457311776 255907968
18303137 255907968
112871425 255907968
340786021 255907968
356465482 255907968
307520981 255907968
195010117 255907968
184440766 255907968
27563695 255907968
312789403 255907968
416932924 255907968
56781130 255907968
473153161 255907968
401636761 255907968
359031040 255907968
104240404 255907968
443772996 255907968
398819932 255907968
298002400 255907968
345908152 255907968
189934233 255907968
373699022 255907968
96355040 255907968
66029812 255907968
111755589 255907968
366214429 255907968
305082818 255907968
344747838 255907968
393256784 255907968
303698364 255907968
396376518 255907968
166666392 255907968
305629199 255907968
67614364 255907968
242994696 255907968
47888761 255907968
461615732 255907968
337049209 255907968
80179518 255907968
201216455 255907968
321019769 255907968
28012842 255907968
312822678 255907968
321050476 255907968
394815832 255907968
470999340 255907968
392066971 255907968
65710648 255907968
272985257 255907968
183375642 255907968
438460893 255907968
78167890 255907968
163002019 255907968
216279635 255907968
73714130 255907968
74855693 255907968
40696487 255907968
228679502 255907968
193351321 255907968
268870049 255907968
295024655 255907968
349261866 255907968
498640464 255907968
413694095 255907968
1741089 255907968
297021391 255907968
425209251 255907968
130829329 255907968
91533824 255907968
111357321 255907968
374765413 255907968
109520652 255907968
157042105 255907968
142971651 255907968
143465603 255907968
96647684 255907968
147030876 255907968
344728382 255907968
227969341 255907968
339988644 255907968
167220072 255907968
144957329 255907968
15308137 255907968
425065738 255907968
193670518 255907968
71283595 255907968
198523151 255907968
280823159 255907968
18225707 255907968
446332986 255907968
363369265 255907968
338330572 255907968
352121097 255907968
114071007 255907968
159791195 255907968
415148104 255907968
49292760 255907968
376062995 255907968
467400906 255907968
38924435 255907968
124096851 255907968
80196141 255907968
95197125 255907968
103495305 255907968
137462519 255907968
157471950 255907968
418914070 255907968
53239270 255907968
411541959 255907968
338719058 255907968
284258655 255907968
99846326 255907968
203012431 255907968
58141988 255907968
443708986 255907968
226334748 255907968
32786164 255907968
253678498 255907968
319691138 255907968
339418611 255907968
496564143 255907968
240104942 255907968
387752833 255907968
115894727 255907968
423350821 255907968
291200454 255907968
273131446 255907968
279191158 255907968
120293814 255907968
198063219 255907968
369858716 255907968
103873447 255907968
275047020 255907968
28897842 255907968
408800480 255907968
251143465 255907968
100795966 255907968
117941258 255907968
87806650 255907968
449262398 255907968
323952485 255907968
292765182 255907968
206072715 255907968
123882122 255907968
234164687 255907968
82707657 255907968
162384085 255907968
444520329 255907968
298811956 255907968
240855674 255907968
72226563 255907968
244249696 255907968
469182289 255907968
447719967 255907968
314111452 255907968
13531713 255907968
23716843 255907968
122382568 255907968
36319963 255907968
194561079 255907968
334071574 255907968
418843577 255907968
197325136 255907968
199346819 255907968
422206489 255907968
241055057 255907968
40618564 255907968
446838225 255907968
452015902 255907968
331783152 255907968
38484386 255907968
125005050 255907968
174448038 255907968
376162230 255907968
290225952 255907968
36729528 255907968
114226811 255907968
180420878 255907968
100824673 255907968
470993236 255907968
331970174 255907968
137488061 255907968
41684864 255907968
497888087 255907968
90459577 255907968
210982906 255907968
468844898 255907968
124830830 255907968
447992116 255907968
162622261 255907968
79071597 255907968
223172389 255907968
292421300 255907968
117032713 255907968
388047256 255907968
215064203 255907968
141375130 255907968
241905213 255907968
274260873 255907968
63772123 255907968
91782430 255907968
236346699 255907968
204231937 255907968
402752251 255907968
62734665 255907968
351264501 255907968
40817203 255907968
459278979 255907968
203090047 255907968
215978491 255907968
47874102 255907968
75092373 255907968
272671521 255907968
273455005 255907968
24047767 255907968
32249896 255907968
216897838 255907968
28194859 255907968
421054727 255907968
139719929 255907968
157121264 255907968
72291829 255907968
130032082 255907968
279701848 255907968
103454925 255907968
308295045 255907968
369903641 255907968
36458020 255907968
356955712 255907968
405996008 255907968
456723033 255907968
325447918 255907968
313739282 255907968
382976881 255907968
476681836 255907968
311930900 255907968
250981005 255907968
57987237 255907968
64100978 255907968
298613639 255907968
51069851 255907968
240587222 255907968
299155206 255907968
393057533 255907968
381903675 255907968
69287961 255907968
301455796 255907968
366079212 255907968
455532927 255907968
157995077 255907968
466477724 255907968
408727802 255907968
453022716 255907968
255309074 255907968
412965106 255907968
55846073 255907968
443239839 255907968
370026887 255907968
418971989 255907968
123355417 255907968
283787344 255907968
127982303 255907968
414372049 255907968
344995466 255907968
51808726 255907968
221573883 255907968
399115659 255907968
108024865 255907968
392486060 255907968
216472626 255907968
357129770 255907968
262774950 255907968
457449615 255907968
399662967 255907968
115680700 255907968
334053848 255907968
319054626 255907968
455223540 255907968
278402727 255907968
64131239 255907968
183666551 255907968
155016091 255907968
87443849 255907968
498854953 255907968
313842311 255907968
320548045 255907968
494325251 255907968
112294562 255907968
326753566 255907968
237295414 255907968
160833326 255907968
450297772 255907968
262363524 255907968
145385664 255907968
19026485 255907968
363838180 255907968
117172326 255907968
232582684 255907968
24103420 255907968
452596681 255907968
218373083 255907968
207864552 255907968
192903592 255907968
333702705 255907968
401757998 255907968
326140934 255907968
179875738 255907968
244702856 255907968
378900509 255907968
426338124 255907968
473175884 255907968
430516378 255907968
240986836 255907968
283855330 255907968
213040581 255907968
283930352 255907968
383638927 255907968
149550499 255907968
48452546 255907968
196148245 255907968
202657641 255907968
184273042 255907968
180447304 255907968
232081208 255907968
483104244 255907968
218936960 255907968
84013550 255907968
3649945 255907968
361119990 255907968
349249068 255907968
294347734 255907968
250924446 255907968
329261763 255907968
244238690 255907968
456136604 255907968
117580601 255907968
345874319 255907968
456074548 255907968
74365024 255907968
301561780 255907968
381834185 255907968
224860320 255907968
293474121 255907968
226051690 255907968
162701668 255907968
393390708 255907968
343509040 255907968
223849203 255907968
364014166 255907968
201459227 255907968
230462967 255907968
268277265 255907968
258190805 255907968
461180417 255907968
132468879 255907968
142210761 255907968
274493126 255907968
292664018 255907968
203186438 255907968
30048828 255907968
334026172 255907968
251288016 255907968
17360238 255907968
58402301 255907968
75890635 255907968
113798986 255907968
353985015 255907968
130642996 255907968
156035670 255907968
287607944 255907968
343523650 255907968
69773631 255907968
352257235 255907968
382816977 255907968
337829772 255907968
245207063 255907968
222045193 255907968
447882401 255907968
367467981 255907968
11398784 255907968
35721673 255907968
436197957 255907968
100674643 255907968
320196249 255907968
275080857 255907968
404107208 255907968
423254873 255907968
237397714 255907968
151677584 255907968
419065838 255907968
345258175 255907968
364827844 255907968
401304348 255907968
133328349 255907968
15892237 255907968
127439430 255907968
460012666 255907968
292580057 255907968
191375700 255907968
54863878 255907968
178622653 255907968
85220275 255907968
140046946 255907968
481560593 255907968
110818926 255907968
453285602 255907968
259937929 255907968
499842424 255907968
