3000
0 0
0 296422
296422 0
296422 296422
592844 0
592844 296422
889266 0
889266 296422
1185688 0
1185688 296422
1482110 0
1482110 296422
1778532 0
1778532 296422
2074954 0
2074954 296422
2371376 0
2371376 296422
2667798 0
2667798 296422
2964220 0
2964220 296422
3260642 0
3260642 296422
3557064 0
3557064 296422
3853486 0
3853486 296422
4149908 0
4149908 296422
4446330 0
4446330 296422
4742752 0
4742752 296422
5039174 0
5039174 296422
5335596 0
5335596 296422
5632018 0
5632018 296422
5928440 0
5928440 296422
6224862 0
6224862 296422
6521284 0
6521284 296422
6817706 0
6817706 296422
7114128 0
7114128 296422
7410550 0
7410550 296422
7706972 0
7706972 296422
8003394 0
8003394 296422
8299816 0
8299816 296422
8596238 0
8596238 296422
8892660 0
8892660 296422
9189082 0
9189082 296422
9485504 0
9485504 296422
9781926 0
9781926 296422
10078348 0
10078348 296422
10374770 0
10374770 296422
10671192 0
10671192 296422
10967614 0
10967614 296422
11264036 0
11264036 296422
11560458 0
11560458 296422
11856880 0
11856880 296422
12153302 0
12153302 296422
12449724 0
12449724 296422
12746146 0
12746146 296422
13042568 0
13042568 296422
13338990 0
13338990 296422
13635412 0
13635412 296422
13931834 0
13931834 296422
14228256 0
14228256 296422
14524678 0
14524678 296422
14821100 0
14821100 296422
15117522 0
15117522 296422
15413944 0
15413944 296422
15710366 0
15710366 296422
16006788 0
16006788 296422
16303210 0
16303210 296422
16599632 0
16599632 296422
16896054 0
16896054 296422
17192476 0
17192476 296422
17488898 0
17488898 296422
17785320 0
17785320 296422
18081742 0
18081742 296422
18378164 0
18378164 296422
18674586 0
18674586 296422
18971008 0
18971008 296422
19267430 0
19267430 296422
19563852 0
19563852 296422
19860274 0
19860274 296422
20156696 0
20156696 296422
20453118 0
20453118 296422
20749540 0
20749540 296422
21045962 0
21045962 296422
21342384 0
21342384 296422
21638806 0
21638806 296422
21935228 0
21935228 296422
22231650 0
22231650 296422
22528072 0
22528072 296422
22824494 0
22824494 296422
23120916 0
23120916 296422
23417338 0
23417338 296422
23713760 0
23713760 296422
24010182 0
24010182 296422
24306604 0
24306604 296422
24603026 0
24603026 296422
24899448 0
24899448 296422
25195870 0
25195870 296422
25492292 0
25492292 296422
25788714 0
25788714 296422
26085136 0
26085136 296422
26381558 0
26381558 296422
26677980 0
26677980 296422
26974402 0
26974402 296422
27270824 0
27270824 296422
27567246 0
27567246 296422
27863668 0
27863668 296422
28160090 0
28160090 296422
28456512 0
28456512 296422
28752934 0
28752934 296422
29049356 0
29049356 296422
29345778 0
29345778 296422
29642200 0
29642200 296422
29938622 0
29938622 296422
30235044 0
30235044 296422
30531466 0
30531466 296422
30827888 0
30827888 296422
31124310 0
31124310 296422
31420732 0
31420732 296422
31717154 0
31717154 296422
32013576 0
32013576 296422
32309998 0
32309998 296422
32606420 0
32606420 296422
32902842 0
32902842 296422
33199264 0
33199264 296422
33495686 0
33495686 296422
33792108 0
33792108 296422
34088530 0
34088530 296422
34384952 0
34384952 296422
34681374 0
34681374 296422
34977796 0
34977796 296422
35274218 0
35274218 296422
35570640 0
35570640 296422
35867062 0
35867062 296422
36163484 0
36163484 296422
36459906 0
36459906 296422
36756328 0
36756328 296422
37052750 0
37052750 296422
37349172 0
37349172 296422
37645594 0
37645594 296422
37942016 0
37942016 296422
38238438 0
38238438 296422
38534860 0
38534860 296422
38831282 0
38831282 296422
39127704 0
39127704 296422
39424126 0
39424126 296422
39720548 0
39720548 296422
40016970 0
40016970 296422
40313392 0
40313392 296422
40609814 0
40609814 296422
40906236 0
40906236 296422
41202658 0
41202658 296422
41499080 0
41499080 296422
41795502 0
41795502 296422
42091924 0
42091924 296422
42388346 0
42388346 296422
42684768 0
42684768 296422
42981190 0
42981190 296422
43277612 0
43277612 296422
43574034 0
43574034 296422
43870456 0
43870456 296422
44166878 0
44166878 296422
44463300 0
44463300 296422
44759722 0
44759722 296422
45056144 0
45056144 296422
45352566 0
45352566 296422
45648988 0
45648988 296422
45945410 0
45945410 296422
46241832 0
46241832 296422
46538254 0
46538254 296422
46834676 0
46834676 296422
47131098 0
47131098 296422
47427520 0
47427520 296422
47723942 0
47723942 296422
48020364 0
48020364 296422
48316786 0
48316786 296422
48613208 0
48613208 296422
48909630 0
48909630 296422
49206052 0
49206052 296422
49502474 0
49502474 296422
49798896 0
49798896 296422
50095318 0
50095318 296422
50391740 0
50391740 296422
50688162 0
50688162 296422
50984584 0
50984584 296422
51281006 0
51281006 296422
51577428 0
51577428 296422
51873850 0
51873850 296422
52170272 0
52170272 296422
52466694 0
52466694 296422
52763116 0
52763116 296422
53059538 0
53059538 296422
53355960 0
53355960 296422
53652382 0
53652382 296422
53948804 0
53948804 296422
54245226 0
54245226 296422
54541648 0
54541648 296422
54838070 0
54838070 296422
55134492 0
55134492 296422
55430914 0
55430914 296422
55727336 0
55727336 296422
56023758 0
56023758 296422
56320180 0
56320180 296422
56616602 0
56616602 296422
56913024 0
56913024 296422
57209446 0
57209446 296422
57505868 0
57505868 296422
57802290 0
57802290 296422
58098712 0
58098712 296422
58395134 0
58395134 296422
58691556 0
58691556 296422
58987978 0
58987978 296422
59284400 0
59284400 296422
59580822 0
59580822 296422
59877244 0
59877244 296422
60173666 0
60173666 296422
60470088 0
60470088 296422
60766510 0
60766510 296422
61062932 0
61062932 296422
61359354 0
61359354 296422
61655776 0
61655776 296422
61952198 0
61952198 296422
62248620 0
62248620 296422
62545042 0
62545042 296422
62841464 0
62841464 296422
63137886 0
63137886 296422
63434308 0
63434308 296422
63730730 0
63730730 296422
64027152 0
64027152 296422
64323574 0
64323574 296422
64619996 0
64619996 296422
64916418 0
64916418 296422
65212840 0
65212840 296422
65509262 0
65509262 296422
65805684 0
65805684 296422
66102106 0
66102106 296422
66398528 0
66398528 296422
66694950 0
66694950 296422
66991372 0
66991372 296422
67287794 0
67287794 296422
67584216 0
67584216 296422
67880638 0
67880638 296422
68177060 0
68177060 296422
68473482 0
68473482 296422
68769904 0
68769904 296422
69066326 0
69066326 296422
69362748 0
69362748 296422
69659170 0
69659170 296422
69955592 0
69955592 296422
70252014 0
70252014 296422
70548436 0
70548436 296422
70844858 0
70844858 296422
71141280 0
71141280 296422
71437702 0
71437702 296422
71734124 0
71734124 296422
72030546 0
72030546 296422
72326968 0
72326968 296422
72623390 0
72623390 296422
72919812 0
72919812 296422
73216234 0
73216234 296422
73512656 0
73512656 296422
73809078 0
73809078 296422
74105500 0
74105500 296422
74401922 0
74401922 296422
74698344 0
74698344 296422
74994766 0
74994766 296422
75291188 0
75291188 296422
75587610 0
75587610 296422
75884032 0
75884032 296422
76180454 0
76180454 296422
76476876 0
76476876 296422
76773298 0
76773298 296422
77069720 0
77069720 296422
77366142 0
77366142 296422
77662564 0
77662564 296422
77958986 0
77958986 296422
78255408 0
78255408 296422
78551830 0
78551830 296422
78848252 0
78848252 296422
79144674 0
79144674 296422
79441096 0
79441096 296422
79737518 0
79737518 296422
80033940 0
80033940 296422
80330362 0
80330362 296422
80626784 0
80626784 296422
80923206 0
80923206 296422
81219628 0
81219628 296422
81516050 0
81516050 296422
81812472 0
81812472 296422
82108894 0
82108894 296422
82405316 0
82405316 296422
82701738 0
82701738 296422
82998160 0
82998160 296422
83294582 0
83294582 296422
83591004 0
83591004 296422
83887426 0
83887426 296422
84183848 0
84183848 296422
84480270 0
84480270 296422
84776692 0
84776692 296422
85073114 0
85073114 296422
85369536 0
85369536 296422
85665958 0
85665958 296422
85962380 0
85962380 296422
86258802 0
86258802 296422
86555224 0
86555224 296422
86851646 0
86851646 296422
87148068 0
87148068 296422
87444490 0
87444490 296422
87740912 0
87740912 296422
88037334 0
88037334 296422
88333756 0
88333756 296422
88630178 0
88630178 296422
88926600 0
88926600 296422
89223022 0
89223022 296422
89519444 0
89519444 296422
89815866 0
89815866 296422
90112288 0
90112288 296422
90408710 0
90408710 296422
90705132 0
90705132 296422
91001554 0
91001554 296422
91297976 0
91297976 296422
91594398 0
91594398 296422
91890820 0
91890820 296422
92187242 0
92187242 296422
92483664 0
92483664 296422
92780086 0
92780086 296422
93076508 0
93076508 296422
93372930 0
93372930 296422
93669352 0
93669352 296422
93965774 0
93965774 296422
94262196 0
94262196 296422
94558618 0
94558618 296422
94855040 0
94855040 296422
95151462 0
95151462 296422
95447884 0
95447884 296422
95744306 0
95744306 296422
96040728 0
96040728 296422
96337150 0
96337150 296422
96633572 0
96633572 296422
96929994 0
96929994 296422
97226416 0
97226416 296422
97522838 0
97522838 296422
97819260 0
97819260 296422
98115682 0
98115682 296422
98412104 0
98412104 296422
98708526 0
98708526 296422
99004948 0
99004948 296422
99301370 0
99301370 296422
99597792 0
99597792 296422
99894214 0
99894214 296422
100190636 0
100190636 296422
100487058 0
100487058 296422
100783480 0
100783480 296422
101079902 0
101079902 296422
101376324 0
101376324 296422
101672746 0
101672746 296422
101969168 0
101969168 296422
102265590 0
102265590 296422
102562012 0
102562012 296422
102858434 0
102858434 296422
103154856 0
103154856 296422
103451278 0
103451278 296422
103747700 0
103747700 296422
104044122 0
104044122 296422
104340544 0
104340544 296422
104636966 0
104636966 296422
104933388 0
104933388 296422
105229810 0
105229810 296422
105526232 0
105526232 296422
105822654 0
105822654 296422
106119076 0
106119076 296422
106415498 0
106415498 296422
106711920 0
106711920 296422
107008342 0
107008342 296422
107304764 0
107304764 296422
107601186 0
107601186 296422
107897608 0
107897608 296422
108194030 0
108194030 296422
108490452 0
108490452 296422
108786874 0
108786874 296422
109083296 0
109083296 296422
109379718 0
109379718 296422
109676140 0
109676140 296422
109972562 0
109972562 296422
110268984 0
110268984 296422
110565406 0
110565406 296422
110861828 0
110861828 296422
111158250 0
111158250 296422
111454672 0
111454672 296422
111751094 0
111751094 296422
112047516 0
112047516 296422
112343938 0
112343938 296422
112640360 0
112640360 296422
112936782 0
112936782 296422
113233204 0
113233204 296422
113529626 0
113529626 296422
113826048 0
113826048 296422
114122470 0
114122470 296422
114418892 0
114418892 296422
114715314 0
114715314 296422
115011736 0
115011736 296422
115308158 0
115308158 296422
115604580 0
115604580 296422
115901002 0
115901002 296422
116197424 0
116197424 296422
116493846 0
116493846 296422
116790268 0
116790268 296422
117086690 0
117086690 296422
117383112 0
117383112 296422
117679534 0
117679534 296422
117975956 0
117975956 296422
118272378 0
118272378 296422
118568800 0
118568800 296422
118865222 0
118865222 296422
119161644 0
119161644 296422
119458066 0
119458066 296422
119754488 0
119754488 296422
120050910 0
120050910 296422
120347332 0
120347332 296422
120643754 0
120643754 296422
120940176 0
120940176 296422
121236598 0
121236598 296422
121533020 0
121533020 296422
121829442 0
121829442 296422
122125864 0
122125864 296422
122422286 0
122422286 296422
122718708 0
122718708 296422
123015130 0
123015130 296422
123311552 0
123311552 296422
123607974 0
123607974 296422
123904396 0
123904396 296422
124200818 0
124200818 296422
124497240 0
124497240 296422
124793662 0
124793662 296422
125090084 0
125090084 296422
125386506 0
125386506 296422
125682928 0
125682928 296422
125979350 0
125979350 296422
126275772 0
126275772 296422
126572194 0
126572194 296422
126868616 0
126868616 296422
127165038 0
127165038 296422
127461460 0
127461460 296422
127757882 0
127757882 296422
128054304 0
128054304 296422
128350726 0
128350726 296422
128647148 0
128647148 296422
128943570 0
128943570 296422
129239992 0
129239992 296422
129536414 0
129536414 296422
129832836 0
129832836 296422
130129258 0
130129258 296422
130425680 0
130425680 296422
130722102 0
130722102 296422
131018524 0
131018524 296422
131314946 0
131314946 296422
131611368 0
131611368 296422
131907790 0
131907790 296422
132204212 0
132204212 296422
132500634 0
132500634 296422
132797056 0
132797056 296422
133093478 0
133093478 296422
133389900 0
133389900 296422
133686322 0
133686322 296422
133982744 0
133982744 296422
134279166 0
134279166 296422
134575588 0
134575588 296422
134872010 0
134872010 296422
135168432 0
135168432 296422
135464854 0
135464854 296422
135761276 0
135761276 296422
136057698 0
136057698 296422
136354120 0
136354120 296422
136650542 0
136650542 296422
136946964 0
136946964 296422
137243386 0
137243386 296422
137539808 0
137539808 296422
137836230 0
137836230 296422
138132652 0
138132652 296422
138429074 0
138429074 296422
138725496 0
138725496 296422
139021918 0
139021918 296422
139318340 0
139318340 296422
139614762 0
139614762 296422
139911184 0
139911184 296422
140207606 0
140207606 296422
140504028 0
140504028 296422
140800450 0
140800450 296422
141096872 0
141096872 296422
141393294 0
141393294 296422
141689716 0
141689716 296422
141986138 0
141986138 296422
142282560 0
142282560 296422
142578982 0
142578982 296422
142875404 0
142875404 296422
143171826 0
143171826 296422
143468248 0
143468248 296422
143764670 0
143764670 296422
144061092 0
144061092 296422
144357514 0
144357514 296422
144653936 0
144653936 296422
144950358 0
144950358 296422
145246780 0
145246780 296422
145543202 0
145543202 296422
145839624 0
145839624 296422
146136046 0
146136046 296422
146432468 0
146432468 296422
146728890 0
146728890 296422
147025312 0
147025312 296422
147321734 0
147321734 296422
147618156 0
147618156 296422
147914578 0
147914578 296422
148211000 0
148211000 296422
148507422 0
148507422 296422
148803844 0
148803844 296422
149100266 0
149100266 296422
149396688 0
149396688 296422
149693110 0
149693110 296422
149989532 0
149989532 296422
150285954 0
150285954 296422
150582376 0
150582376 296422
150878798 0
150878798 296422
151175220 0
151175220 296422
151471642 0
151471642 296422
151768064 0
151768064 296422
152064486 0
152064486 296422
152360908 0
152360908 296422
152657330 0
152657330 296422
152953752 0
152953752 296422
153250174 0
153250174 296422
153546596 0
153546596 296422
153843018 0
153843018 296422
154139440 0
154139440 296422
154435862 0
154435862 296422
154732284 0
154732284 296422
155028706 0
155028706 296422
155325128 0
155325128 296422
155621550 0
155621550 296422
155917972 0
155917972 296422
156214394 0
156214394 296422
156510816 0
156510816 296422
156807238 0
156807238 296422
157103660 0
157103660 296422
157400082 0
157400082 296422
157696504 0
157696504 296422
157992926 0
157992926 296422
158289348 0
158289348 296422
158585770 0
158585770 296422
158882192 0
158882192 296422
159178614 0
159178614 296422
159475036 0
159475036 296422
159771458 0
159771458 296422
160067880 0
160067880 296422
160364302 0
160364302 296422
160660724 0
160660724 296422
160957146 0
160957146 296422
161253568 0
161253568 296422
161549990 0
161549990 296422
161846412 0
161846412 296422
162142834 0
162142834 296422
162439256 0
162439256 296422
162735678 0
162735678 296422
163032100 0
163032100 296422
163328522 0
163328522 296422
163624944 0
163624944 296422
163921366 0
163921366 296422
164217788 0
164217788 296422
164514210 0
164514210 296422
164810632 0
164810632 296422
165107054 0
165107054 296422
165403476 0
165403476 296422
165699898 0
165699898 296422
165996320 0
165996320 296422
166292742 0
166292742 296422
166589164 0
166589164 296422
166885586 0
166885586 296422
167182008 0
167182008 296422
167478430 0
167478430 296422
167774852 0
167774852 296422
168071274 0
168071274 296422
168367696 0
168367696 296422
168664118 0
168664118 296422
168960540 0
168960540 296422
169256962 0
169256962 296422
169553384 0
169553384 296422
169849806 0
169849806 296422
170146228 0
170146228 296422
170442650 0
170442650 296422
170739072 0
170739072 296422
171035494 0
171035494 296422
171331916 0
171331916 296422
171628338 0
171628338 296422
171924760 0
171924760 296422
172221182 0
172221182 296422
172517604 0
172517604 296422
172814026 0
172814026 296422
173110448 0
173110448 296422
173406870 0
173406870 296422
173703292 0
173703292 296422
173999714 0
173999714 296422
174296136 0
174296136 296422
174592558 0
174592558 296422
174888980 0
174888980 296422
175185402 0
175185402 296422
175481824 0
175481824 296422
175778246 0
175778246 296422
176074668 0
176074668 296422
176371090 0
176371090 296422
176667512 0
176667512 296422
176963934 0
176963934 296422
177260356 0
177260356 296422
177556778 0
177556778 296422
177853200 0
177853200 296422
178149622 0
178149622 296422
178446044 0
178446044 296422
178742466 0
178742466 296422
179038888 0
179038888 296422
179335310 0
179335310 296422
179631732 0
179631732 296422
179928154 0
179928154 296422
180224576 0
180224576 296422
180520998 0
180520998 296422
180817420 0
180817420 296422
181113842 0
181113842 296422
181410264 0
181410264 296422
181706686 0
181706686 296422
182003108 0
182003108 296422
182299530 0
182299530 296422
182595952 0
182595952 296422
182892374 0
182892374 296422
183188796 0
183188796 296422
183485218 0
183485218 296422
183781640 0
183781640 296422
184078062 0
184078062 296422
184374484 0
184374484 296422
184670906 0
184670906 296422
184967328 0
184967328 296422
185263750 0
185263750 296422
185560172 0
185560172 296422
185856594 0
185856594 296422
186153016 0
186153016 296422
186449438 0
186449438 296422
186745860 0
186745860 296422
187042282 0
187042282 296422
187338704 0
187338704 296422
187635126 0
187635126 296422
187931548 0
187931548 296422
188227970 0
188227970 296422
188524392 0
188524392 296422
188820814 0
188820814 296422
189117236 0
189117236 296422
189413658 0
189413658 296422
189710080 0
189710080 296422
190006502 0
190006502 296422
190302924 0
190302924 296422
190599346 0
190599346 296422
190895768 0
190895768 296422
191192190 0
191192190 296422
191488612 0
191488612 296422
191785034 0
191785034 296422
192081456 0
192081456 296422
192377878 0
192377878 296422
192674300 0
192674300 296422
192970722 0
192970722 296422
193267144 0
193267144 296422
193563566 0
193563566 296422
193859988 0
193859988 296422
194156410 0
194156410 296422
194452832 0
194452832 296422
194749254 0
194749254 296422
195045676 0
195045676 296422
195342098 0
195342098 296422
195638520 0
195638520 296422
195934942 0
195934942 296422
196231364 0
196231364 296422
196527786 0
196527786 296422
196824208 0
196824208 296422
197120630 0
197120630 296422
197417052 0
197417052 296422
197713474 0
197713474 296422
198009896 0
198009896 296422
198306318 0
198306318 296422
198602740 0
198602740 296422
198899162 0
198899162 296422
199195584 0
199195584 296422
199492006 0
199492006 296422
199788428 0
199788428 296422
200084850 0
200084850 296422
200381272 0
200381272 296422
200677694 0
200677694 296422
200974116 0
200974116 296422
201270538 0
201270538 296422
201566960 0
201566960 296422
201863382 0
201863382 296422
202159804 0
202159804 296422
202456226 0
202456226 296422
202752648 0
202752648 296422
203049070 0
203049070 296422
203345492 0
203345492 296422
203641914 0
203641914 296422
203938336 0
203938336 296422
204234758 0
204234758 296422
204531180 0
204531180 296422
204827602 0
204827602 296422
205124024 0
205124024 296422
205420446 0
205420446 296422
205716868 0
205716868 296422
206013290 0
206013290 296422
206309712 0
206309712 296422
206606134 0
206606134 296422
206902556 0
206902556 296422
207198978 0
207198978 296422
207495400 0
207495400 296422
207791822 0
207791822 296422
208088244 0
208088244 296422
208384666 0
208384666 296422
208681088 0
208681088 296422
208977510 0
208977510 296422
209273932 0
209273932 296422
209570354 0
209570354 296422
209866776 0
209866776 296422
210163198 0
210163198 296422
210459620 0
210459620 296422
210756042 0
210756042 296422
211052464 0
211052464 296422
211348886 0
211348886 296422
211645308 0
211645308 296422
211941730 0
211941730 296422
212238152 0
212238152 296422
212534574 0
212534574 296422
212830996 0
212830996 296422
213127418 0
213127418 296422
213423840 0
213423840 296422
213720262 0
213720262 296422
214016684 0
214016684 296422
214313106 0
214313106 296422
214609528 0
214609528 296422
214905950 0
214905950 296422
215202372 0
215202372 296422
215498794 0
215498794 296422
215795216 0
215795216 296422
216091638 0
216091638 296422
216388060 0
216388060 296422
216684482 0
216684482 296422
216980904 0
216980904 296422
217277326 0
217277326 296422
217573748 0
217573748 296422
217870170 0
217870170 296422
218166592 0
218166592 296422
218463014 0
218463014 296422
218759436 0
218759436 296422
219055858 0
219055858 296422
219352280 0
219352280 296422
219648702 0
219648702 296422
219945124 0
219945124 296422
220241546 0
220241546 296422
220537968 0
220537968 296422
220834390 0
220834390 296422
221130812 0
221130812 296422
221427234 0
221427234 296422
221723656 0
221723656 296422
222020078 0
222020078 296422
222316500 0
222316500 296422
222612922 0
222612922 296422
222909344 0
222909344 296422
223205766 0
223205766 296422
223502188 0
223502188 296422
223798610 0
223798610 296422
224095032 0
224095032 296422
224391454 0
224391454 296422
224687876 0
224687876 296422
224984298 0
224984298 296422
225280720 0
225280720 296422
225577142 0
225577142 296422
225873564 0
225873564 296422
226169986 0
226169986 296422
226466408 0
226466408 296422
226762830 0
226762830 296422
227059252 0
227059252 296422
227355674 0
227355674 296422
227652096 0
227652096 296422
227948518 0
227948518 296422
228244940 0
228244940 296422
228541362 0
228541362 296422
228837784 0
228837784 296422
229134206 0
229134206 296422
229430628 0
229430628 296422
229727050 0
229727050 296422
230023472 0
230023472 296422
230319894 0
230319894 296422
230616316 0
230616316 296422
230912738 0
230912738 296422
231209160 0
231209160 296422
231505582 0
231505582 296422
231802004 0
231802004 296422
232098426 0
232098426 296422
232394848 0
232394848 296422
232691270 0
232691270 296422
232987692 0
232987692 296422
233284114 0
233284114 296422
233580536 0
233580536 296422
233876958 0
233876958 296422
234173380 0
234173380 296422
234469802 0
234469802 296422
234766224 0
234766224 296422
235062646 0
235062646 296422
235359068 0
235359068 296422
235655490 0
235655490 296422
235951912 0
235951912 296422
236248334 0
236248334 296422
236544756 0
236544756 296422
236841178 0
236841178 296422
237137600 0
237137600 296422
237434022 0
237434022 296422
237730444 0
237730444 296422
238026866 0
238026866 296422
238323288 0
238323288 296422
238619710 0
238619710 296422
238916132 0
238916132 296422
239212554 0
239212554 296422
239508976 0
239508976 296422
239805398 0
239805398 296422
240101820 0
240101820 296422
240398242 0
240398242 296422
240694664 0
240694664 296422
240991086 0
240991086 296422
241287508 0
241287508 296422
241583930 0
241583930 296422
241880352 0
241880352 296422
242176774 0
242176774 296422
242473196 0
242473196 296422
242769618 0
242769618 296422
243066040 0
243066040 296422
243362462 0
243362462 296422
243658884 0
243658884 296422
243955306 0
243955306 296422
244251728 0
244251728 296422
244548150 0
244548150 296422
244844572 0
244844572 296422
245140994 0
245140994 296422
245437416 0
245437416 296422
245733838 0
245733838 296422
246030260 0
246030260 296422
246326682 0
246326682 296422
246623104 0
246623104 296422
246919526 0
246919526 296422
247215948 0
247215948 296422
247512370 0
247512370 296422
247808792 0
247808792 296422
248105214 0
248105214 296422
248401636 0
248401636 296422
248698058 0
248698058 296422
248994480 0
248994480 296422
249290902 0
249290902 296422
249587324 0
249587324 296422
249883746 0
249883746 296422
250180168 0
250180168 296422
250476590 0
250476590 296422
250773012 0
250773012 296422
251069434 0
251069434 296422
251365856 0
251365856 296422
251662278 0
251662278 296422
251958700 0
251958700 296422
252255122 0
252255122 296422
252551544 0
252551544 296422
252847966 0
252847966 296422
253144388 0
253144388 296422
253440810 0
253440810 296422
253737232 0
253737232 296422
254033654 0
254033654 296422
254330076 0
254330076 296422
254626498 0
254626498 296422
254922920 0
254922920 296422
255219342 0
255219342 296422
255515764 0
255515764 296422
255812186 0
255812186 296422
256108608 0
256108608 296422
256405030 0
256405030 296422
256701452 0
256701452 296422
256997874 0
256997874 296422
257294296 0
257294296 296422
257590718 0
257590718 296422
257887140 0
257887140 296422
258183562 0
258183562 296422
258479984 0
258479984 296422
258776406 0
258776406 296422
259072828 0
259072828 296422
259369250 0
259369250 296422
259665672 0
259665672 296422
259962094 0
259962094 296422
260258516 0
260258516 296422
260554938 0
260554938 296422
260851360 0
260851360 296422
261147782 0
261147782 296422
261444204 0
261444204 296422
261740626 0
261740626 296422
262037048 0
262037048 296422
262333470 0
262333470 296422
262629892 0
262629892 296422
262926314 0
262926314 296422
263222736 0
263222736 296422
263519158 0
263519158 296422
263815580 0
263815580 296422
264112002 0
264112002 296422
264408424 0
264408424 296422
264704846 0
264704846 296422
265001268 0
265001268 296422
265297690 0
265297690 296422
265594112 0
265594112 296422
265890534 0
265890534 296422
266186956 0
266186956 296422
266483378 0
266483378 296422
266779800 0
266779800 296422
267076222 0
267076222 296422
267372644 0
267372644 296422
267669066 0
267669066 296422
267965488 0
267965488 296422
268261910 0
268261910 296422
268558332 0
268558332 296422
268854754 0
268854754 296422
269151176 0
269151176 296422
269447598 0
269447598 296422
269744020 0
269744020 296422
270040442 0
270040442 296422
270336864 0
270336864 296422
270633286 0
270633286 296422
270929708 0
270929708 296422
271226130 0
271226130 296422
271522552 0
271522552 296422
271818974 0
271818974 296422
272115396 0
272115396 296422
272411818 0
272411818 296422
272708240 0
272708240 296422
273004662 0
273004662 296422
273301084 0
273301084 296422
273597506 0
273597506 296422
273893928 0
273893928 296422
274190350 0
274190350 296422
274486772 0
274486772 296422
274783194 0
274783194 296422
275079616 0
275079616 296422
275376038 0
275376038 296422
275672460 0
275672460 296422
275968882 0
275968882 296422
276265304 0
276265304 296422
276561726 0
276561726 296422
276858148 0
276858148 296422
277154570 0
277154570 296422
277450992 0
277450992 296422
277747414 0
277747414 296422
278043836 0
278043836 296422
278340258 0
278340258 296422
278636680 0
278636680 296422
278933102 0
278933102 296422
279229524 0
279229524 296422
279525946 0
279525946 296422
279822368 0
279822368 296422
280118790 0
280118790 296422
280415212 0
280415212 296422
280711634 0
280711634 296422
281008056 0
281008056 296422
281304478 0
281304478 296422
281600900 0
281600900 296422
281897322 0
281897322 296422
282193744 0
282193744 296422
282490166 0
282490166 296422
282786588 0
282786588 296422
283083010 0
283083010 296422
283379432 0
283379432 296422
283675854 0
283675854 296422
283972276 0
283972276 296422
284268698 0
284268698 296422
284565120 0
284565120 296422
284861542 0
284861542 296422
285157964 0
285157964 296422
285454386 0
285454386 296422
285750808 0
285750808 296422
286047230 0
286047230 296422
286343652 0
286343652 296422
286640074 0
286640074 296422
286936496 0
286936496 296422
287232918 0
287232918 296422
287529340 0
287529340 296422
287825762 0
287825762 296422
288122184 0
288122184 296422
288418606 0
288418606 296422
288715028 0
288715028 296422
289011450 0
289011450 296422
289307872 0
289307872 296422
289604294 0
289604294 296422
289900716 0
289900716 296422
290197138 0
290197138 296422
290493560 0
290493560 296422
290789982 0
290789982 296422
291086404 0
291086404 296422
291382826 0
291382826 296422
291679248 0
291679248 296422
291975670 0
291975670 296422
292272092 0
292272092 296422
292568514 0
292568514 296422
292864936 0
292864936 296422
293161358 0
293161358 296422
293457780 0
293457780 296422
293754202 0
293754202 296422
294050624 0
294050624 296422
294347046 0
294347046 296422
294643468 0
294643468 296422
294939890 0
294939890 296422
295236312 0
295236312 296422
295532734 0
295532734 296422
295829156 0
295829156 296422
296125578 0
296125578 296422
296422000 0
296422000 296422
296718422 0
296718422 296422
297014844 0
297014844 296422
297311266 0
297311266 296422
297607688 0
297607688 296422
297904110 0
297904110 296422
298200532 0
298200532 296422
298496954 0
298496954 296422
298793376 0
298793376 296422
299089798 0
299089798 296422
299386220 0
299386220 296422
299682642 0
299682642 296422
299979064 0
299979064 296422
300275486 0
300275486 296422
300571908 0
300571908 296422
300868330 0
300868330 296422
301164752 0
301164752 296422
301461174 0
301461174 296422
301757596 0
301757596 296422
302054018 0
302054018 296422
302350440 0
302350440 296422
302646862 0
302646862 296422
302943284 0
302943284 296422
303239706 0
303239706 296422
303536128 0
303536128 296422
303832550 0
303832550 296422
304128972 0
304128972 296422
304425394 0
304425394 296422
304721816 0
304721816 296422
305018238 0
305018238 296422
305314660 0
305314660 296422
305611082 0
305611082 296422
305907504 0
305907504 296422
306203926 0
306203926 296422
306500348 0
306500348 296422
306796770 0
306796770 296422
307093192 0
307093192 296422
307389614 0
307389614 296422
307686036 0
307686036 296422
307982458 0
307982458 296422
308278880 0
308278880 296422
308575302 0
308575302 296422
308871724 0
308871724 296422
309168146 0
309168146 296422
309464568 0
309464568 296422
309760990 0
309760990 296422
310057412 0
310057412 296422
310353834 0
310353834 296422
310650256 0
310650256 296422
310946678 0
310946678 296422
311243100 0
311243100 296422
311539522 0
311539522 296422
311835944 0
311835944 296422
312132366 0
312132366 296422
312428788 0
312428788 296422
312725210 0
312725210 296422
313021632 0
313021632 296422
313318054 0
313318054 296422
313614476 0
313614476 296422
313910898 0
313910898 296422
314207320 0
314207320 296422
314503742 0
314503742 296422
314800164 0
314800164 296422
315096586 0
315096586 296422
315393008 0
315393008 296422
315689430 0
315689430 296422
315985852 0
315985852 296422
316282274 0
316282274 296422
316578696 0
316578696 296422
316875118 0
316875118 296422
317171540 0
317171540 296422
317467962 0
317467962 296422
317764384 0
317764384 296422
318060806 0
318060806 296422
318357228 0
318357228 296422
318653650 0
318653650 296422
318950072 0
318950072 296422
319246494 0
319246494 296422
319542916 0
319542916 296422
319839338 0
319839338 296422
320135760 0
320135760 296422
320432182 0
320432182 296422
320728604 0
320728604 296422
321025026 0
321025026 296422
321321448 0
321321448 296422
321617870 0
321617870 296422
321914292 0
321914292 296422
322210714 0
322210714 296422
322507136 0
322507136 296422
322803558 0
322803558 296422
323099980 0
323099980 296422
323396402 0
323396402 296422
323692824 0
323692824 296422
323989246 0
323989246 296422
324285668 0
324285668 296422
324582090 0
324582090 296422
324878512 0
324878512 296422
325174934 0
325174934 296422
325471356 0
325471356 296422
325767778 0
325767778 296422
326064200 0
326064200 296422
326360622 0
326360622 296422
326657044 0
326657044 296422
326953466 0
326953466 296422
327249888 0
327249888 296422
327546310 0
327546310 296422
327842732 0
327842732 296422
328139154 0
328139154 296422
328435576 0
328435576 296422
328731998 0
328731998 296422
329028420 0
329028420 296422
329324842 0
329324842 296422
329621264 0
329621264 296422
329917686 0
329917686 296422
330214108 0
330214108 296422
330510530 0
330510530 296422
330806952 0
330806952 296422
331103374 0
331103374 296422
331399796 0
331399796 296422
331696218 0
331696218 296422
331992640 0
331992640 296422
332289062 0
332289062 296422
332585484 0
332585484 296422
332881906 0
332881906 296422
333178328 0
333178328 296422
333474750 0
333474750 296422
333771172 0
333771172 296422
334067594 0
334067594 296422
334364016 0
334364016 296422
334660438 0
334660438 296422
334956860 0
334956860 296422
335253282 0
335253282 296422
335549704 0
335549704 296422
335846126 0
335846126 296422
336142548 0
336142548 296422
336438970 0
336438970 296422
336735392 0
336735392 296422
337031814 0
337031814 296422
337328236 0
337328236 296422
337624658 0
337624658 296422
337921080 0
337921080 296422
338217502 0
338217502 296422
338513924 0
338513924 296422
338810346 0
338810346 296422
339106768 0
339106768 296422
339403190 0
339403190 296422
339699612 0
339699612 296422
339996034 0
339996034 296422
340292456 0
340292456 296422
340588878 0
340588878 296422
340885300 0
340885300 296422
341181722 0
341181722 296422
341478144 0
341478144 296422
341774566 0
341774566 296422
342070988 0
342070988 296422
342367410 0
342367410 296422
342663832 0
342663832 296422
342960254 0
342960254 296422
343256676 0
343256676 296422
343553098 0
343553098 296422
343849520 0
343849520 296422
344145942 0
344145942 296422
344442364 0
344442364 296422
344738786 0
344738786 296422
345035208 0
345035208 296422
345331630 0
345331630 296422
345628052 0
345628052 296422
345924474 0
345924474 296422
346220896 0
346220896 296422
346517318 0
346517318 296422
346813740 0
346813740 296422
347110162 0
347110162 296422
347406584 0
347406584 296422
347703006 0
347703006 296422
347999428 0
347999428 296422
348295850 0
348295850 296422
348592272 0
348592272 296422
348888694 0
348888694 296422
349185116 0
349185116 296422
349481538 0
349481538 296422
349777960 0
349777960 296422
350074382 0
350074382 296422
350370804 0
350370804 296422
350667226 0
350667226 296422
350963648 0
350963648 296422
351260070 0
351260070 296422
351556492 0
351556492 296422
351852914 0
351852914 296422
352149336 0
352149336 296422
352445758 0
352445758 296422
352742180 0
352742180 296422
353038602 0
353038602 296422
353335024 0
353335024 296422
353631446 0
353631446 296422
353927868 0
353927868 296422
354224290 0
354224290 296422
354520712 0
354520712 296422
354817134 0
354817134 296422
355113556 0
355113556 296422
355409978 0
355409978 296422
355706400 0
355706400 296422
356002822 0
356002822 296422
356299244 0
356299244 296422
356595666 0
356595666 296422
356892088 0
356892088 296422
357188510 0
357188510 296422
357484932 0
357484932 296422
357781354 0
357781354 296422
358077776 0
358077776 296422
358374198 0
358374198 296422
358670620 0
358670620 296422
358967042 0
358967042 296422
359263464 0
359263464 296422
359559886 0
359559886 296422
359856308 0
359856308 296422
360152730 0
360152730 296422
360449152 0
360449152 296422
360745574 0
360745574 296422
361041996 0
361041996 296422
361338418 0
361338418 296422
361634840 0
361634840 296422
361931262 0
361931262 296422
362227684 0
362227684 296422
362524106 0
362524106 296422
362820528 0
362820528 296422
363116950 0
363116950 296422
363413372 0
363413372 296422
363709794 0
363709794 296422
364006216 0
364006216 296422
364302638 0
364302638 296422
364599060 0
364599060 296422
364895482 0
364895482 296422
365191904 0
365191904 296422
365488326 0
365488326 296422
365784748 0
365784748 296422
366081170 0
366081170 296422
366377592 0
366377592 296422
366674014 0
366674014 296422
366970436 0
366970436 296422
367266858 0
367266858 296422
367563280 0
367563280 296422
367859702 0
367859702 296422
368156124 0
368156124 296422
368452546 0
368452546 296422
368748968 0
368748968 296422
369045390 0
369045390 296422
369341812 0
369341812 296422
369638234 0
369638234 296422
369934656 0
369934656 296422
370231078 0
370231078 296422
370527500 0
370527500 296422
370823922 0
370823922 296422
371120344 0
371120344 296422
371416766 0
371416766 296422
371713188 0
371713188 296422
372009610 0
372009610 296422
372306032 0
372306032 296422
372602454 0
372602454 296422
372898876 0
372898876 296422
373195298 0
373195298 296422
373491720 0
373491720 296422
373788142 0
373788142 296422
374084564 0
374084564 296422
374380986 0
374380986 296422
374677408 0
374677408 296422
374973830 0
374973830 296422
375270252 0
375270252 296422
375566674 0
375566674 296422
375863096 0
375863096 296422
376159518 0
376159518 296422
376455940 0
376455940 296422
376752362 0
376752362 296422
377048784 0
377048784 296422
377345206 0
377345206 296422
377641628 0
377641628 296422
377938050 0
377938050 296422
378234472 0
378234472 296422
378530894 0
378530894 296422
378827316 0
378827316 296422
379123738 0
379123738 296422
379420160 0
379420160 296422
379716582 0
379716582 296422
380013004 0
380013004 296422
380309426 0
380309426 296422
380605848 0
380605848 296422
380902270 0
380902270 296422
381198692 0
381198692 296422
381495114 0
381495114 296422
381791536 0
381791536 296422
382087958 0
382087958 296422
382384380 0
382384380 296422
382680802 0
382680802 296422
382977224 0
382977224 296422
383273646 0
383273646 296422
383570068 0
383570068 296422
383866490 0
383866490 296422
384162912 0
384162912 296422
384459334 0
384459334 296422
384755756 0
384755756 296422
385052178 0
385052178 296422
385348600 0
385348600 296422
385645022 0
385645022 296422
385941444 0
385941444 296422
386237866 0
386237866 296422
386534288 0
386534288 296422
386830710 0
386830710 296422
387127132 0
387127132 296422
387423554 0
387423554 296422
387719976 0
387719976 296422
388016398 0
388016398 296422
388312820 0
388312820 296422
388609242 0
388609242 296422
388905664 0
388905664 296422
389202086 0
389202086 296422
389498508 0
389498508 296422
389794930 0
389794930 296422
390091352 0
390091352 296422
390387774 0
390387774 296422
390684196 0
390684196 296422
390980618 0
390980618 296422
391277040 0
391277040 296422
391573462 0
391573462 296422
391869884 0
391869884 296422
392166306 0
392166306 296422
392462728 0
392462728 296422
392759150 0
392759150 296422
393055572 0
393055572 296422
393351994 0
393351994 296422
393648416 0
393648416 296422
393944838 0
393944838 296422
394241260 0
394241260 296422
394537682 0
394537682 296422
394834104 0
394834104 296422
395130526 0
395130526 296422
395426948 0
395426948 296422
395723370 0
395723370 296422
396019792 0
396019792 296422
396316214 0
396316214 296422
396612636 0
396612636 296422
396909058 0
396909058 296422
397205480 0
397205480 296422
397501902 0
397501902 296422
397798324 0
397798324 296422
398094746 0
398094746 296422
398391168 0
398391168 296422
398687590 0
398687590 296422
398984012 0
398984012 296422
399280434 0
399280434 296422
399576856 0
399576856 296422
399873278 0
399873278 296422
400169700 0
400169700 296422
400466122 0
400466122 296422
400762544 0
400762544 296422
401058966 0
401058966 296422
401355388 0
401355388 296422
401651810 0
401651810 296422
401948232 0
401948232 296422
402244654 0
402244654 296422
402541076 0
402541076 296422
402837498 0
402837498 296422
403133920 0
403133920 296422
403430342 0
403430342 296422
403726764 0
403726764 296422
404023186 0
404023186 296422
404319608 0
404319608 296422
404616030 0
404616030 296422
404912452 0
404912452 296422
405208874 0
405208874 296422
405505296 0
405505296 296422
405801718 0
405801718 296422
406098140 0
406098140 296422
406394562 0
406394562 296422
406690984 0
406690984 296422
406987406 0
406987406 296422
407283828 0
407283828 296422
407580250 0
407580250 296422
407876672 0
407876672 296422
408173094 0
408173094 296422
408469516 0
408469516 296422
408765938 0
408765938 296422
409062360 0
409062360 296422
409358782 0
409358782 296422
409655204 0
409655204 296422
409951626 0
409951626 296422
410248048 0
410248048 296422
410544470 0
410544470 296422
410840892 0
410840892 296422
411137314 0
411137314 296422
411433736 0
411433736 296422
411730158 0
411730158 296422
412026580 0
412026580 296422
412323002 0
412323002 296422
412619424 0
412619424 296422
412915846 0
412915846 296422
413212268 0
413212268 296422
413508690 0
413508690 296422
413805112 0
413805112 296422
414101534 0
414101534 296422
414397956 0
414397956 296422
414694378 0
414694378 296422
414990800 0
414990800 296422
415287222 0
415287222 296422
415583644 0
415583644 296422
415880066 0
415880066 296422
416176488 0
416176488 296422
416472910 0
416472910 296422
416769332 0
416769332 296422
417065754 0
417065754 296422
417362176 0
417362176 296422
417658598 0
417658598 296422
417955020 0
417955020 296422
418251442 0
418251442 296422
418547864 0
418547864 296422
418844286 0
418844286 296422
419140708 0
419140708 296422
419437130 0
419437130 296422
419733552 0
419733552 296422
420029974 0
420029974 296422
420326396 0
420326396 296422
420622818 0
420622818 296422
420919240 0
420919240 296422
421215662 0
421215662 296422
421512084 0
421512084 296422
421808506 0
421808506 296422
422104928 0
422104928 296422
422401350 0
422401350 296422
422697772 0
422697772 296422
422994194 0
422994194 296422
423290616 0
423290616 296422
423587038 0
423587038 296422
423883460 0
423883460 296422
424179882 0
424179882 296422
424476304 0
424476304 296422
424772726 0
424772726 296422
425069148 0
425069148 296422
425365570 0
425365570 296422
425661992 0
425661992 296422
425958414 0
425958414 296422
426254836 0
426254836 296422
426551258 0
426551258 296422
426847680 0
426847680 296422
427144102 0
427144102 296422
427440524 0
427440524 296422
427736946 0
427736946 296422
428033368 0
428033368 296422
428329790 0
428329790 296422
428626212 0
428626212 296422
428922634 0
428922634 296422
429219056 0
429219056 296422
429515478 0
429515478 296422
429811900 0
429811900 296422
430108322 0
430108322 296422
430404744 0
430404744 296422
430701166 0
430701166 296422
430997588 0
430997588 296422
431294010 0
431294010 296422
431590432 0
431590432 296422
431886854 0
431886854 296422
432183276 0
432183276 296422
432479698 0
432479698 296422
432776120 0
432776120 296422
433072542 0
433072542 296422
433368964 0
433368964 296422
433665386 0
433665386 296422
433961808 0
433961808 296422
434258230 0
434258230 296422
434554652 0
434554652 296422
434851074 0
434851074 296422
435147496 0
435147496 296422
435443918 0
435443918 296422
435740340 0
435740340 296422
436036762 0
436036762 296422
436333184 0
436333184 296422
436629606 0
436629606 296422
436926028 0
436926028 296422
437222450 0
437222450 296422
437518872 0
437518872 296422
437815294 0
437815294 296422
438111716 0
438111716 296422
438408138 0
438408138 296422
438704560 0
438704560 296422
439000982 0
439000982 296422
439297404 0
439297404 296422
439593826 0
439593826 296422
439890248 0
439890248 296422
440186670 0
440186670 296422
440483092 0
440483092 296422
440779514 0
440779514 296422
441075936 0
441075936 296422
441372358 0
441372358 296422
441668780 0
441668780 296422
441965202 0
441965202 296422
442261624 0
442261624 296422
442558046 0
442558046 296422
442854468 0
442854468 296422
443150890 0
443150890 296422
443447312 0
443447312 296422
443743734 0
443743734 296422
444040156 0
444040156 296422
444336578 0
444336578 296422
