3000
103573 102831
197811 54227
109852 94256
113087 23764
150279 45971
92705 103365
66571 134985
110920 151197
119978 104178
78607 105501
98059 96749
141539 181094
95003 141192
101835 100525
100937 83993
122442 101714
80292 103816
146433 79145
101116 122718
142582 116163
158407 192695
168079 50683
199689 66065
100685 122287
42833 29130
43611 16539
99236 97926
88936 107134
88440 190148
97359 96049
112557 39737
11892 193827
33617 10156
28480 99080
122021 124661
117406 106750
155952 81662
85452 135428
121353 171108
10804 190608
117446 106710
101944 78452
53610 27368
105681 77923
143520 29252
73338 193279
170518 128170
32824 154093
88273 107797
93127 102943
42466 190339
95681 94371
22529 120613
39736 103262
48552 133836
117479 106677
85710 186597
192992 66405
115429 108727
48156 42725
68245 72358
35073 166883
10620 156242
32624 783
126190 194300
64142 98613
91589 53802
105937 132995
96313 26571
98832 120434
190273 79446
151654 74206
118074 199368
100228 98918
89459 106611
93122 102948
154714 172221
99987 121589
13723 33714
100886 122488
68830 121188
104995 132053
74569 128922
25185 64413
147178 41926
122927 101229
117041 121204
80005 104103
102804 101494
128026 93896
88715 107355
120884 186282
78781 105327
711 41104
87792 108278
34895 55308
104326 102078
61384 150298
116770 15506
199983 78285
107398 199217
91262 104808
100506 122108
65193 24603
63082 117937
99205 120807
174884 140711
103810 130868
100999 128057
52446 36918
87244 108826
100554 178666
97185 95875
2288 29202
170211 24154
100413 83469
90705 183906
53091 137447
56505 143942
44281 4456
105679 132737
92906 103164
10189 51502
104389 131447
103612 102792
88356 107714
102545 129603
53029 40547
28202 170845
66088 122356
178162 141035
102634 101324
103305 101995
76281 107827
22933 48144
131976 176407
125694 39390
113530 20419
77272 106836
66337 64572
102203 129261
105747 132805
173004 173022
137832 176327
101968 129026
103598 130656
48030 16235
101850 25904
87608 108462
156311 37880
55315 3423
146767 165712
137665 159888
171223 142558
100583 83639
189301 144953
97041 95731
138025 127363
51719 105259
82763 6590
23541 159342
124191 76962
101258 122860
46774 49328
99845 98535
121664 102492
99786 46680
73310 26172
116903 107253
149722 11295
104120 131178
100733 99423
101903 100593
66574 39464
63400 189991
122722 74851
98385 81441
103292 130350
156384 173572
104047 102357
22672 70371
46589 8050
33863 121890
98997 120599
122133 102023
98015 96705
81139 52834
88981 107089
101433 123035
97259 95949
30336 164257
153823 169681
101022 122624
99791 121393
122554 101602
198743 1891
119514 104642
183689 176955
100093 98783
81683 66139
121006 152047
98516 81572
96149 82212
102802 129860
63854 194276
150829 119213
100782 99472
79213 104895
140559 163483
34380 6943
118944 185117
139419 70731
185350 119067
182392 28769
171587 120428
103782 102622
120354 103802
105623 134292
143733 40317
101132 99822
131326 163910
71317 98099
195483 124525
141339 144136
120855 103301
90191 11951
52764 65518
77468 63058
103447 156376
89785 106285
122649 101507
101895 128953
90354 119160
125424 110451
74286 74137
103334 102024
96276 40368
102380 129438
185829 105815
146111 12782
194871 26681
92454 103616
92241 103829
102846 101536
159468 25058
47252 93511
105608 77850
177800 90188
99602 98292
160018 190622
54360 173534
44502 129898
157870 91327
91070 105000
119792 139799
97686 96376
105664 77906
118181 105975
178555 32655
104299 102105
133288 105530
78265 105843
127803 99373
132803 168411
35633 102177
65273 165493
98688 97378
75283 187994
105645 132703
99125 97815
115928 108228
43024 96970
120816 81020
192182 83252
87631 108439
52725 72407
89086 106984
136628 148449
87351 108719
117386 106770
134222 172975
98436 81492
8167 32765
105294 132352
101371 122973
79479 104629
161159 17051
73564 134694
106629 58710
97189 199277
101049 99739
101033 84089
7233 188598
67705 30933
92637 103433
72323 70515
80020 104088
180664 186954
37669 51585
90794 105276
117239 106917
147596 186788
116529 107627
105576 77818
132196 49797
103649 134439
35310 74911
89965 154269
93521 105870
142724 101841
103398 130456
101298 128356
140411 176574
77706 106402
191472 128682
105600 34261
116320 107836
106378 8912
103254 101944
53206 36260
20648 85585
161430 43044
118527 105629
140558 135464
12788 89268
24652 7026
79902 104206
13071 7414
113150 20594
90251 105819
20800 71737
82083 69914
40519 81361
66058 111346
111258 150899
176841 177484
93177 178149
105027 132085
99574 98264
121907 102249
120923 103233
25569 139527
103756 102648
119764 104392
135929 195941
87653 108417
121442 102714
59102 93236
109716 67710
14296 12350
44332 6825
146928 127282
99759 82815
102252 129310
99428 82484
187760 97028
120565 103591
133046 117814
104947 132005
53753 62370
103026 101716
186326 123644
15732 84954
78195 49518
150685 113398
110980 61539
98726 120328
25785 53604
193983 101049
122710 101446
98333 81389
54949 78289
101557 123159
117194 106962
179786 121497
155404 7127
119864 104292
65160 67667
132270 7315
98673 81729
77386 106722
102936 101626
190531 114808
128121 28686
34315 155677
96037 94727
79834 60889
97932 80988
160512 170068
98200 81256
164091 65098
103370 130428
89697 106373
100430 99120
134800 106026
122287 101869
97311 96001
100690 83746
115997 199438
99500 98190
89733 4004
104852 93007
119099 105057
130765 101172
115770 108386
151993 134032
68036 10379
98955 82011
118651 105505
26750 138668
136627 82840
97869 96559
97386 96076
138042 27612
4890 67467
80052 104056
102438 101128
38246 9064
91348 103371
101698 100388
121868 102288
24440 19794
11774 76723
135184 27569
116272 107884
48294 189560
78877 105231
113940 90825
103162 67172
123216 131615
98690 97380
121232 102924
71908 173830
102672 129730
117781 106375
101857 128915
45687 60022
73201 3167
89287 106783
102405 101095
191281 37492
121370 102786
37348 180607
100467 122069
26696 111781
31302 148124
77128 16734
76302 107806
93050 103020
100568 127626
98246 96936
184332 1898
115419 108737
3627 136825
115658 160993
72442 108232
152557 32310
101183 99873
106669 184636
182720 109248
120124 68537
99140 82196
7719 189831
170309 10665
151092 157994
99053 120655
90483 105587
3762 106273
158684 17725
117473 106683
121903 102253
15307 147011
92770 103300
133326 105492
75516 72769
47347 168070
131857 33738
90823 105247
114168 132152
155554 30332
184328 24333
183155 163826
15385 93892
4713 64836
121019 103137
120308 103848
122056 53274
104444 131502
92919 86719
89527 106543
162250 22372
172548 65045
89011 107059
105887 132945
121472 102684
17334 145471
85676 102466
173198 153165
143176 181318
34909 5861
33927 50338
173528 70500
53649 4381
86760 49122
163105 126961
101123 122725
98880 81936
165903 122070
124228 124324
85742 90163
188288 57300
158426 129604
62461 99113
119945 104211
136155 97287
118251 105905
104394 131452
16921 17028
155483 99357
112042 49229
78652 105456
95456 27314
26755 116244
66481 196294
115857 108299
119024 105132
64057 56459
155988 82142
106123 48882
100531 83587
149858 27770
122732 109853
91769 104301
41647 160664
158337 80916
98787 97477
178499 98496
118958 105198
122108 102048
119452 13900
60384 135167
165874 89558
118611 105545
101893 100583
87672 25388
79353 104755
168493 1187
119977 150966
99732 121334
88387 107683
65889 187748
82811 54383
85421 13047
165052 151151
53831 149416
78289 105555
117571 106585
53358 74515
97044 95734
122896 134805
57796 130396
98631 81687
79721 104387
113903 170348
115894 92796
45922 48102
106391 123765
86161 79238
177997 139724
141981 32630
146568 83642
186424 150840
175182 157559
188222 87426
198192 198118
139425 117996
100822 59247
179804 55564
97058 95748
121900 58837
40085 151965
20358 105199
174445 187617
103138 101828
129942 34912
74002 84843
139522 99160
64868 25551
178096 156783
91140 101504
100612 99302
76695 107413
101368 162277
90786 105284
95643 242
30076 98822
163821 137369
98483 97173
101451 128509
97716 96406
30806 84058
170638 65709
142353 172254
77396 105646
83106 30324
6953 164869
103712 102692
102881 101571
90719 105351
40527 152820
47492 193726
183937 139950
76232 107876
96247 94937
57855 115534
97479 96169
1388 175724
71026 3607
99781 98471
77904 17721
104872 131930
175310 66789
98810 97500
118077 144030
11375 199664
101513 123115
58527 93315
108288 156267
62247 61763
167270 30237
133456 105362
118832 105324
99173 82229
151051 130857
99540 98230
100956 128014
77166 106942
104053 8456
42017 3119
193026 54185
89902 2703
90088 105982
149233 68681
96198 100635
10715 11720
76630 107478
99082 97772
70022 194487
134803 3361
161251 114357
38301 81561
186962 168663
90121 105949
100219 83275
90326 105744
105560 144321
96856 95546
118752 105404
122721 101435
192944 54139
22327 64248
76874 29427
188464 110187
6080 87626
87900 176078
113798 43633
99109 64612
84912 80495
121066 103090
101939 128997
64887 156587
124483 74705
92278 103792
103308 101998
61194 12323
136753 61372
78291 105817
79861 104247
88711 107359
71712 141407
37349 103292
178580 129600
63696 58677
99651 82707
100706 99396
93346 102724
99069 120671
165381 50741
108007 20285
105646 132704
108014 91142
183213 194105
190351 100383
96853 95543
20401 155223
121126 103030
58205 117285
115498 108658
5165 113058
97385 11236
98349 81405
117004 87015
180746 102485
101926 100616
115560 108596
121374 102782
90952 105118
79236 71621
8961 142598
98476 97166
90983 105087
92369 103701
98180 96870
90085 75539
31585 180665
104825 131883
102682 101372
178515 126048
103427 179832
165425 118329
148472 167751
167057 77827
99033 120635
10969 91462
140191 195457
117675 106481
85797 93154
101001 122603
171408 118438
101080 128138
69866 104809
114949 74549
120353 103803
95358 81402
98753 97443
134966 154764
117144 107012
86155 193862
150622 160138
21806 148528
86913 113611
103474 102164
120069 104087
100736 144108
99820 121422
119620 104536
139517 69240
13312 42838
63388 33453
115693 108463
29188 82987
117033 107123
175059 90513
190160 125037
99233 97923
178454 30192
1165 72107
39746 72067
78248 105596
21574 155581
175895 83454
101389 20205
116172 107984
119508 104648
105977 133035
191651 155428
100161 98851
98883 97573
104531 101873
106731 131080
89224 106846
67565 18787
79228 104880
89939 154141
90653 129037
103744 129729
143155 91807
69126 61635
99185 97875
100145 98835
35224 59330
103967 131025
79291 188137
92377 103693
150689 138991
84816 157791
101458 128516
27004 151562
192415 63661
78193 105915
79186 104922
163500 177404
164086 145757
113749 14127
99223 82279
173892 170635
115091 28879
77628 162404
129281 196326
79846 104262
77053 107055
101354 185413
100477 99167
119438 54520
139729 147068
97507 96197
168697 127307
102452 129510
38348 121094
119840 45054
78167 105941
29392 155563
133283 105535
51198 135191
191202 128005
105982 133040
84804 72937
135804 146042
101802 54443
117517 106639
99860 82916
8802 171232
98134 81190
187339 40783
101308 122910
107367 92584
90460 105610
180495 43841
82413 165369
76403 107705
92031 104039
53769 14964
165009 141254
103909 130967
159180 4987
122138 124133
99578 98268
119275 104881
99776 121378
98649 97339
103590 130648
103086 130144
105615 132673
124217 97486
144847 2444
148900 25953
53054 2158
161694 35257
138039 174298
122547 101609
59679 99434
90492 105578
134160 121086
194352 8298
62392 156400
70135 101008
78383 105725
118467 105689
24123 87528
158738 163904
103004 130062
18326 189874
99629 98319
157038 123071
57481 18679
105729 77971
175725 29557
77188 106920
101425 100115
119419 104737
169633 102566
119299 104857
90743 118833
199871 192886
118867 105289
95543 129390
73550 45195
92452 12656
93107 102963
89299 106771
85999 88683
105594 77836
97889 96579
105947 133005
105716 132774
72230 167709
88740 107330
96202 169722
126256 12874
58501 42668
99268 82324
47408 157180
136898 1459
99763 121365
92343 103727
129656 38400
101814 128872
121697 102459
18578 189843
71680 195675
62459 33028
22291 102072
78780 105328
103593 102811
97681 96371
105521 77763
188026 193578
187870 155435
37331 64837
105990 31238
120972 103184
97136 109063
140571 326
117051 166535
119892 104264
114005 35649
78678 105430
100366 192373
103145 130203
41515 70848
105537 132595
189090 157768
118502 135798
102711 101401
158637 182829
99873 82929
98510 81566
91811 165606
14770 132797
122229 101927
157691 103194
144820 55187
110066 13397
2203 50558
99981 83037
91753 104317
124393 171163
8476 98502
28894 99073
189474 87140
99716 98406
115671 108485
36119 161811
153053 121129
60745 94457
98777 97467
172632 161359
58195 72224
104684 131742
49144 146105
122261 101895
91520 104550
57182 198151
103049 130107
66134 155841
95944 178503
171895 97141
117628 106528
80435 103673
122670 101486
23184 143569
97916 149039
182427 30449
99101 97791
105387 132445
89730 106340
176895 55024
118075 106081
198994 143854
93782 69697
173557 148367
52409 51153
99864 98554
98202 96892
92798 103272
90921 105149
176395 105974
41902 30963
99446 82502
115184 4080
179025 13785
50353 82198
137687 123711
176259 73516
199277 70464
160422 150704
43577 118357
82559 112410
93111 121657
194008 15423
89067 158670
97583 96273
100025 121627
99146 97836
97542 96232
100721 99411
162423 14025
99295 97985
131287 104865
121884 102272
55448 73195
19402 166527
135760 20260
117324 106832
95851 94541
122878 101278
87404 103248
5273 154387
77773 106335
92271 103799
100987 122589
41546 91148
33966 60410
188878 187327
121047 103109
21848 111284
79707 104401
78614 105494
116007 63693
78220 148798
92514 103556
124746 53944
101721 128779
31708 25895
3127 68977
115567 108589
31033 80378
100857 127915
79393 104715
99350 82406
196219 164956
100073 121675
100170 98860
83559 169561
25089 10970
108702 199016
55767 19418
4346 23308
114848 18338
89495 106575
62773 70943
78182 105662
86442 197042
97132 95822
80187 103921
122692 101464
103831 130889
91076 104994
58732 153740
154412 100663
99814 98504
99392 120994
91018 105052
179043 156224
97789 80845
115800 108356
97555 96245
102609 101299
115812 108344
67022 22904
178710 61128
11452 186822
103968 102436
100807 127865
193155 87847
98786 120388
18507 70952
122032 101781
21849 191387
116296 107860
121929 102227
61446 60193
92232 103838
147888 97608
77320 106788
55568 180092
98980 120582
102100 100790
190585 137977
92513 103557
15224 80391
143432 142424
65409 142075
120026 104130
171407 160874
120739 103417
37654 109921
104147 131205
100192 98882
100066 63348
66930 53554
120137 104019
93393 102677
143483 68619
119179 104977
15691 147061
9991 27584
161872 20347
148738 111668
76680 107428
188833 190010
118383 151201
69767 145578
87848 108222
135080 101233
116142 108014
101129 128187
69458 83486
184788 100776
78717 105391
167942 69471
66335 131970
173020 91336
84897 59036
61778 125233
108914 17453
157263 76228
155452 192048
78526 105582
128966 61646
77709 106399
115403 108753
103077 67073
29174 177397
183882 118387
104774 101630
118966 105190
192264 195917
125692 171605
53527 144312
116933 107223
99714 121316
100711 122313
16894 179624
129547 176109
120077 104079
118231 61662
144699 80472
118898 105258
91084 104986
154560 158663
115338 144327
88959 107111
116808 107348
170937 100505
64662 34350
104994 132052
54837 170620
101692 100382
193017 42889
101055 99745
33132 75219
138631 41058
93371 102699
119731 104425
42291 154667
77863 106245
123588 116063
192221 157696
156618 143092
99104 82160
163280 131997
100885 99575
96979 115368
86342 16786
115823 108333
87458 108612
198323 197322
100745 122347
32271 127168
117795 39021
104067 102337
11462 97973
76931 107177
121930 159955
97481 96171
71115 159942
101877 128935
128877 140627
122050 102106
76447 107661
91797 104273
40593 69856
121843 102313
78121 105987
116442 24377
154149 40875
11802 173972
85516 117618
88708 107362
35135 27191
68383 64226
171146 7115
104404 102000
101126 128184
99840 98530
154735 114662
181313 869
102240 100930
91023 105047
41889 88610
122269 101887
92233 103837
118650 105506
20966 118125
163123 112127
44837 29806
35912 50571
82206 123719
79219 51120
88147 107923
41435 42545
98589 97279
80391 103717
96734 95424
148142 58241
88395 107675
89987 106083
122461 101695
79713 104395
111741 4488
149902 147695
125340 121759
197917 192354
169582 40056
182781 144609
100406 122008
188377 901
109263 133080
103860 102544
78698 105410
47121 166564
95793 94483
95814 94504
196211 190985
103071 130129
82117 64058
118363 105793
107944 81017
98805 81861
146242 180796
101032 122634
58727 60077
40599 74777
79415 104693
79335 104773
100534 99224
89796 55822
135548 148990
89170 106900
89449 106621
9454 27031
122017 102139
138543 175601
95550 94240
1157 134436
105142 132200
102317 101007
119629 104527
140319 73743
116504 107652
165380 171149
121258 102898
101063 99753
100116 96763
20891 112154
2149 88560
102140 129198
39276 17890
117700 106456
99682 98372
107139 55097
97425 96115
99170 97860
100018 121620
47319 199576
93341 102729
28274 121078
100734 122336
101440 100130
56005 115861
27222 180337
101742 100432
88286 107784
116469 107687
155397 17719
120259 18432
36287 325
85627 57670
104073 131131
164906 166891
100043 83099
58481 80523
183890 154159
24503 154888
48035 71189
102302 12847
91133 58057
100973 84029
104350 131408
88810 107260
116554 73972
91745 73479
21045 1251
101042 122644
149534 36240
98760 120362
100438 83494
36630 128351
196216 164300
68851 121844
102342 129400
99519 82575
105648 77890
103347 24849
4142 187848
120209 103947
44277 80285
53929 59549
91828 99292
72117 179165
47925 27216
122795 101361
118205 105951
96452 95142
6193 87675
170817 180359
124500 189741
63069 135878
29952 194927
102483 129541
136789 29297
15219 191045
101801 128859
120378 30382
97831 96521
71977 98415
96860 95550
120720 103436
103312 102002
99832 98522
178654 112350
5215 81974
44954 92649
118366 128944
121012 80043
87243 108827
129713 83535
181670 31119
103531 130589
150748 51771
106413 123063
101851 128909
183868 105377
78619 105489
34011 66866
96830 131273
117070 84315
88111 107959
175028 94472
136374 138839
194857 49793
92029 104041
75398 991
79524 104584
79656 104452
174030 97635
101093 84149
115460 108696
126938 104680
122955 110967
76808 107300
195554 94952
76863 107245
102098 100788
96868 95558
100558 122160
133493 105325
122111 102045
110732 174906
140496 135721
132273 82359
119257 104899
129155 190123
102026 100716
56541 84310
100427 83483
114754 51272
126417 90986
1098 192012
48036 117995
116275 107881
100081 83137
77516 106592
142482 72648
100925 122527
100763 94357
35917 117504
79016 105092
107156 95203
57181 95436
78434 105674
13502 171292
92968 133262
182869 93240
98392 81448
186352 24485
101503 128561
118076 106080
24784 95161
14072 29541
8901 112099
91106 79843
104545 131603
78610 105498
137307 44680
14838 104841
183901 186218
121239 7140
92859 130055
89160 126273
97979 81035
51320 118749
151949 197266
59780 58277
82898 56378
57333 34305
104449 101955
90848 105222
101038 122640
78337 105771
130919 195952
115808 108348
157499 75068
30598 65758
1298 52045
121710 102446
91996 104074
130949 14745
89822 108173
19479 130183
64189 61841
102459 57482
147754 86480
179684 15848
66739 95372
78244 105600
25062 113400
123996 177086
56582 37472
57775 193294
148266 40747
88454 107616
198400 199
113318 101044
103394 102084
45271 93225
133294 105524
102126 129184
59178 186826
193270 30544
169522 165946
89058 66385
17650 2120
137371 8658
140056 134046
77988 106120
33751 78198
132339 174168
167705 118975
84142 175402
146025 33026
172986 67316
97255 95945
96596 95286
115828 108328
68130 47884
88720 107350
150058 22866
2018 12278
105677 144892
99507 121109
151931 159081
135062 145858
176047 108846
150487 172638
76106 108002
186586 118722
88993 107077
105996 133054
189245 26859
78822 105286
119940 104216
12689 160169
19516 17130
79176 151684
134518 76342
104102 131160
115971 108185
101410 128468
184304 75897
2580 86038
116913 107243
98148 163610
13598 181038
15625 127337
132831 148869
70921 12406
82454 4611
25407 125216
125735 159386
89211 156682
103606 102798
41320 115458
119542 104614
167761 171398
101989 129047
18333 155699
97940 80996
43275 160936
119912 104244
157897 141780
118856 105300
49113 106607
77539 106569
119206 104950
136489 198392
92274 103796
100622 122224
87399 108671
118661 160059
118790 105366
92212 136211
98847 81903
132312 128774
145067 4903
66638 141699
143749 176843
77184 106924
98562 81618
104236 102168
85541 23436
46354 43903
40162 141665
182303 147873
197254 41790
162458 186574
77819 106289
119693 104463
189270 68683
47599 192495
92575 103495
64261 196826
139132 168224
92302 103768
103117 101807
56771 106288
114886 172256
77067 86253
87306 108764
119168 104988
28108 51090
782 110166
178374 109351
112846 100242
176984 43344
32870 91198
98440 81496
17018 110808
100215 121817
106415 182268
77995 108498
104251 102153
131394 169369
80262 12128
100806 99496
88969 95853
99767 98457
25487 36406
101424 100114
199122 43216
90999 123563
176387 367
79292 104816
137981 112623
120672 103484
123906 181057
104478 101926
69139 48537
87639 108431
99880 121482
88521 43266
40286 104308
128908 184618
98916 120518
63803 15303
100539 99229
84644 145943
100581 83637
94457 50791
88753 107317
126210 111955
169864 97090
133478 175925
97419 96109
180648 69664
163400 61719
160767 40958
121130 103026
90740 105330
122766 101390
59711 39213
29830 72718
81208 41356
121279 22773
105650 132708
103636 130694
97884 80940
91933 104137
100421 83477
36194 156690
177593 82220
99643 121245
187395 27852
117557 106599
79860 104248
146423 21654
101426 123028
100134 98824
99645 82701
29264 151782
169159 61185
88340 107730
120999 103157
97792 96482
105544 77786
41589 120867
76767 107341
168472 6110
93447 102623
33750 78881
108040 85892
101407 168527
170056 43937
158007 100698
90652 105418
101550 128608
70721 98266
77463 106645
92465 103605
143573 122292
101607 128665
9120 78327
166990 69793
101153 99843
130551 146529
139002 46699
39821 79030
93644 69189
87471 108599
97842 80898
124698 198586
98646 97336
53205 137851
147616 120190
78525 105583
97480 96170
154722 156478
102943 176945
111011 129865
20540 121377
149090 168093
140462 180807
92781 103289
137349 16837
150025 96954
29520 7380
101202 128260
100703 162786
193308 143480
94642 80028
118037 198780
148868 21628
53190 191530
101400 128458
149485 132373
141062 127006
99131 82187
87846 108224
97224 95914
104382 102022
128573 37047
188164 97233
34902 159783
120435 103721
87333 12943
106623 129826
143690 11537
100419 99109
89894 106176
125706 18728
47444 176607
89826 1036
1016 16416
35591 48419
122617 101539
101099 84155
133480 123789
2108 137139
67380 73245
112168 74077
100480 99170
56212 145917
115994 108162
97608 96298
82307 61076
101795 128853
122101 102055
25299 126835
169044 126016
119597 104559
142496 197372
76107 108001
174577 179880
101081 40492
86538 59041
10889 145499
152422 89290
98842 120444
98146 81202
27359 84232
101030 122632
132812 141523
87398 108672
196662 42539
21751 61573
100083 83139
100664 99354
34330 110861
188725 164551
161028 133150
100416 83472
100982 122584
85478 47425
17233 45287
99526 152664
78759 105349
140877 32807
128422 75905
193428 144235
158321 26961
117513 106643
70169 78011
97959 81015
87567 97326
106961 167287
88412 107658
89395 101039
117444 106712
11839 70352
63152 105638
92348 103722
89708 106362
50372 36215
23836 12227
182048 199427
178779 50681
95409 94099
99979 173168
102511 129569
144132 47771
103914 130972
46983 15664
97101 95791
100129 83185
165285 1753
20409 129478
188683 38964
125366 29761
87956 10657
101419 100109
102504 101194
74966 53233
50123 114948
89052 107018
97791 96481
104292 131350
169179 12091
104200 131258
105604 77846
136050 23427
46562 42820
104739 131797
98433 134054
104398 131456
90110 105960
119192 104964
103833 130891
29171 59993
97023 95713
29998 91859
2216 61866
75049 38450
155793 119767
80272 103836
63801 45985
105354 132412
102234 100924
49280 138512
85790 31347
95759 94449
105187 132245
100853 83909
160024 134925
105307 132365
118864 105292
172647 148062
186505 47923
90730 105340
112327 178210
25432 155377
114455 122498
176451 26347
101761 128819
101586 123188
35048 162716
139276 131322
78492 105616
187174 49775
99220 120822
105962 133020
71219 135050
4233 35378
160369 171710
79924 104184
100656 122258
138171 27613
83902 113081
99731 98421
90145 105925
155543 139977
60415 73864
105873 132931
183936 145952
116760 107396
118917 105239
118087 106069
97868 96558
64239 182760
159400 105238
155117 149976
33092 85850
100227 98917
93121 16872
77204 106904
101048 122650
98144 81200
38312 146527
196687 65298
177991 180224
137644 172274
58581 115918
105880 132938
92633 103437
78397 91338
85839 49291
79495 104613
87514 108556
88626 107444
48556 56748
193957 181739
195565 132792
78839 105269
24271 110276
41458 174296
112216 167182
93258 102812
142256 115162
119504 104652
120998 20322
67771 109553
54818 145249
102789 138732
102162 129220
117869 106287
33766 34396
120503 76324
189000 114431
103166 101856
135311 137152
102290 100980
97372 96062
125776 10533
99627 121229
198727 171642
98963 82019
133257 105561
13151 66730
105801 78043
120569 103587
76955 107153
180803 114616
99838 82894
45931 195580
61507 193749
169002 116895
122125 14144
102702 129760
117110 115021
93062 103008
131652 71124
17052 151022
39298 83050
109729 125063
97937 96627
127592 88999
147597 139525
15139 170169
58968 41696
154564 188774
50661 138444
101277 122879
93976 4206
41290 97920
74276 163298
121134 103022
190392 7642
155680 19744
47769 117738
116105 108051
100437 83493
174614 30559
105584 132642
117620 188755
107332 30581
69836 123530
186969 145850
91490 104580
102844 101534
124955 127745
103874 102530
79594 104514
72107 82530
102796 175466
51043 74809
102598 101288
65800 156374
186362 134512
104454 131512
185098 77852
90755 105315
99630 82686
98128 96818
178104 93800
152454 59347
117553 106603
78804 105304
122062 102094
99086 97776
98263 81319
149322 55353
129755 38581
102919 105730
91738 104332
25611 14201
57906 58521
77561 106547
29590 62935
78629 191051
97768 96458
141416 30628
47744 62951
162511 1463
98441 97131
194247 147117
119062 105094
37730 56456
107558 111398
119356 2618
1124 164195
120885 103271
99685 121287
48723 173496
115451 108705
87234 108836
103357 103597
138392 71985
99194 120796
101554 123156
122446 15342
78298 130123
14997 32579
89600 106470
78009 106099
99422 121024
185820 123008
91301 104769
43514 101661
185465 40173
195477 57794
45139 144357
102315 101005
82597 114485
29427 110283
100710 122312
89384 106686
103620 102784
70368 8466
168885 21925
104498 131556
104163 131221
157787 61269
100961 128019
159377 84677
3461 64447
196971 190919
115730 108426
127406 71271
45788 138260
186372 151506
87449 124441
27624 65498
42821 114425
142287 102358
103988 102416
172707 93228
87428 108642
77826 114107
133373 105445
98975 120577
15335 64838
117375 106781
135645 70655
45445 93709
154692 198417
136983 72144
171030 112002
88777 107293
90408 46604
142026 196824
119325 104831
27530 119754
7063 173054
60189 190712
87611 187052
69988 11960
179846 130701
125064 138947
42549 83721
77005 107103
180702 144574
109367 85170
87488 108582
137839 51276
183596 152088
120116 104040
101074 84130
99997 109913
89021 107049
82799 44834
71566 167185
98983 97673
99961 83017
117095 107061
158203 36766
100303 83359
195218 155451
57550 47659
78817 105291
99964 121566
3543 44725
39919 167630
75251 119882
122028 102128
48247 143906
121526 86429
169732 192724
102190 100880
20755 109466
173141 84944
11304 28839
37311 100393
89397 28013
61494 198853
44975 2543
55582 80950
26472 132442
114714 42402
142111 191846
97211 95901
139124 6493
120550 103606
18501 58235
97278 95968
190766 35532
137021 44408
14075 161303
99847 98537
97880 96570
16212 69506
105973 133031
173834 47003
96437 9385
102136 100826
102723 129781
154463 181299
123705 50675
48934 113593
43964 160121
46016 150151
76179 107929
133279 105539
92598 103472
29105 177850
61308 170332
36988 69946
111228 130470
50504 60577
98573 97263
166630 195526
173952 32537
20624 98959
154398 40153
92719 103351
74299 93806
110307 138845
111972 145309
11057 81938
84921 84247
104261 131319
105670 132728
134212 11200
74625 176359
111625 55057
90854 42294
104691 101713
753 158015
98474 97164
151511 59913
100286 98976
96096 94786
53418 180585
24146 179320
99916 98606
101830 128888
105602 132660
35023 182385
26463 170306
149217 197509
97111 95801
103167 130225
79759 70925
157957 38759
88269 77675
76422 107686
101769 128827
121285 102871
102806 133070
87392 14029
105725 132783
159753 4813
102956 101646
40712 46535
181342 106090
100050 98740
44019 199956
77615 106493
101579 128637
11692 93691
84941 75552
102401 101091
89155 106915
57048 93668
106233 191386
121473 102683
121944 102212
11898 122353
164417 24627
96374 95064
125353 170747
71062 81899
124764 46583
120635 103521
119414 137883
98635 81691
118091 106065
98642 81698
29673 136123
105113 175331
96477 95167
97779 96469
105260 132318
79894 104214
78197 105911
116222 107934
198203 186370
37080 101503
122760 101396
174739 127622
133501 181345
103717 84070
138729 198732
31394 118551
121938 102218
99290 120892
126182 146858
41348 162252
7081 167330
5333 173600
98007 96697
173259 145919
115793 108363
95838 94528
142345 1808
96543 95233
87999 4475
103688 130746
82377 177383
71087 102958
25990 163214
100543 127601
91927 196464
78390 105718
101107 128165
52846 40028
156565 507
102072 100762
171429 147077
40918 50207
90289 105781
29875 100437
93032 67505
99175 192163
56485 130591
141336 29163
199124 53140
40913 180168
132734 191984
125659 54200
88681 164660
741 86559
103994 102410
78256 11139
31933 5833
100585 127643
98674 81730
98800 81856
145555 158228
124070 143385
99309 82365
5310 141475
174644 47998
128151 93166
137328 60666
105694 132752
173258 164003
114816 45832
98605 81661
92207 103863
78874 105234
86501 81818
27540 28208
120518 103638
40028 50870
110866 181868
90909 32236
100907 83963
115927 138805
174803 108117
97776 96466
91469 104601
39853 30635
123864 17889
131242 144995
2243 45552
189352 5014
100258 168110
30001 67456
100570 122172
180185 77118
104605 131663
173315 63347
16226 43649
83454 62611
168636 76590
152819 79011
101766 100456
117833 106323
83049 118715
101950 129008
158945 49867
116425 107731
46839 98886
196727 51681
118058 106098
159889 28427
72276 89710
9542 23761
91652 104418
96383 44754
95031 42005
98710 97400
109999 186765
96401 95091
30863 29381
35295 154569
774 19730
115440 108716
72940 122708
107174 97745
98097 81153
197655 26847
178995 115565
118996 105160
7840 871
102481 101171
79739 144594
100425 83481
76055 108053
38035 42518
15206 139991
92710 103360
120935 127459
175332 16943
32234 196643
181193 116374
121959 94121
108407 51764
31887 124731
78566 105542
122830 101326
79573 104535
116250 107906
36457 75352
99822 121424
141614 168198
47901 170151
91966 104104
65362 167580
80456 27875
182596 126235
89522 106548
107205 140636
185991 67447
94358 165430
98681 97371
101566 123168
32649 102876
187189 38833
80228 166206
186375 171666
80038 104070
138232 84439
103419 102109
122432 142878
92228 103842
105190 132248
55091 186420
147421 198907
90288 105782
66581 163717
194405 154249
112510 140
100904 122506
105871 159451
196696 41717
104181 102223
95903 143512
100325 121927
3648 60402
30227 123169
100188 83244
14225 909
14799 99156
77379 106729
115528 28376
18576 161193
86060 32309
174960 37521
39811 160134
176469 83028
39902 83241
28333 104119
101845 128903
102971 130029
184657 45749
92294 103776
99976 98666
99112 82168
77077 107031
165849 101101
106045 171302
3109 112310
92164 103906
116562 107594
97965 96655
49771 199980
43379 69654
100526 83582
155266 30896
173673 119208
92665 103405
16673 50636
96959 52777
117813 106343
105827 132885
162561 147957
189888 187234
98545 81601
89551 106519
101712 128770
143550 15517
196406 193871
100358 99048
101596 128654
4005 74102
64532 120424
36064 124185
10541 141508
76327 67208
95372 38934
98418 97108
157909 83144
112817 156814
92527 103543
132710 192606
80049 123575
3154 40920
93075 102995
187438 134918
15877 13974
175770 137672
99665 121267
100529 145530
92894 103176
2552 131241
100076 115235
116239 107917
3681 183114
11374 123875
79465 104643
69439 24192
117195 106961
78234 105874
1488 23149
104968 132026
102701 129759
6780 118116
101365 122967
97090 95780
73671 194855
110828 90948
119614 75555
80028 104080
11060 63199
28506 54358
166650 153071
8491 63568
185210 48454
58358 186008
9578 106303
91009 105061
126906 188180
98504 81560
71453 85299
79443 104665
97863 80919
188522 17038
88799 34049
108938 114114
167221 23954
98403 97093
101102 84158
105891 132949
103935 102469
175357 188973
99632 121234
118250 105906
7278 63808
102680 129738
131201 36439
128431 172435
120901 49472
3158 198601
77688 106420
90863 105207
22900 2102
105795 132853
118594 70861
168991 63801
26465 147865
131626 143287
102460 101150
75875 42828
99795 121397
169739 149701
91434 104636
151998 33850
191618 55059
50635 171380
12936 176681
158253 107937
98751 97441
65906 45217
92536 103534
4983 54286
46121 94207
102291 100981
104708 131766
75139 131140
167678 128111
120821 103335
96159 94849
10062 96191
92824 103246
189036 15492
99006 97696
120400 103756
195903 98748
150783 189731
98380 97070
13829 40230
79627 104481
137443 5418
96117 94807
53382 105645
100409 83465
102983 101673
54001 82801
29281 125683
117248 106908
13203 40906
92383 103687
36059 112385
101677 128735
102128 100818
70154 3589
100510 99200
99470 152951
77206 106902
99807 98497
58218 118434
100817 83873
117129 107027
103469 130527
19078 78311
137792 17256
87329 108741
138858 33414
98878 97568
176745 67309
89753 106317
85448 130013
99261 120863
96011 184597
76057 77796
91574 104496
33773 184663
149908 94278
72817 183115
103832 130890
99717 121319
34938 50091
175160 166903
104773 101631
11211 179824
101072 122674
111800 19563
90986 105084
133266 105552
99005 97695
77847 106261
76315 107793
104335 102069
140242 164997
143858 173041
117228 170180
78837 105271
118612 105544
95580 189677
21584 110370
101441 128499
145466 183182
171732 27399
100457 83513
122740 153971
105825 78067
66179 60778
47387 138496
49985 159149
104142 131200
78593 105515
95565 126305
125491 1933
116993 107163
119251 104905
100923 83979
26986 183193
161046 175272
99396 120998
99494 98184
101409 100099
156578 146166
134674 163383
162437 198102
132291 26711
47349 106754
7973 56278
99650 82706
109755 136407
90926 19352
138622 145174
92357 103713
86082 36372
90194 105876
118784 105372
99657 82713
88112 107958
151666 91696
63562 199284
139222 16815
103354 102044
90094 105976
97056 95746
79678 104430
119001 84904
194349 129487
130619 159096
181311 16447
95512 94202
172943 121483
75578 8449
40852 195656
118824 105332
68886 107119
82090 85750
88598 63149
8767 148788
119548 104608
179154 69761
120042 104114
104660 131718
101675 100365
79388 104720
15152 128826
158654 76102
161364 102901
15367 175027
59034 68332
99984 98674
162356 137401
99032 120634
194114 113701
72548 121854
184205 119489
96862 95552
93042 103028
11424 172809
170192 176559
99549 98239
11034 25504
117692 106464
4984 166
117657 106499
98711 81767
101100 84156
116104 143206
103064 116141
119760 104396
104898 131956
159957 6144
117023 107133
115778 108378
13306 160797
41495 66111
117240 106916
83954 109822
78198 105910
100944 128002
135854 108771
105111 132169
122894 3246
186951 20627
101286 128344
104334 102070
176721 188270
89948 106122
104426 101978
154329 91260
105575 77817
1607 50654
92219 1352
119560 30908
189621 17702
97885 96575
167610 54434
86039 33468
129675 130687
85148 131088
76176 107932
93202 102868
156100 196770
91653 104417
194993 71122
61046 32723
52283 37796
120266 103890
32658 106814
98069 81125
80023 104085
116737 107419
14632 174856
127036 150682
87984 25472
40150 126603
88325 107745
133262 57613
79427 102016
104530 131588
166033 124233
19869 171674
117799 106357
95542 49147
191409 27167
167709 176464
77263 19201
108375 44149
36967 193370
33084 119222
56019 95758
119763 6364
80478 103630
100323 99013
105660 132718
130618 41815
99914 82970
78538 105570
100591 122193
117627 106529
74618 88809
122705 16185
100021 98711
166311 102287
106987 124533
103911 102493
121082 103074
103871 102533
67047 86996
71137 185494
183564 49061
108719 43091
147044 66008
97225 35908
96065 94755
104841 131899
104008 102396
109260 21367
117844 106312
177555 4515
71885 100825
83818 189176
137929 141466
103857 102547
147739 96905
88392 107678
101874 128932
90306 105764
6952 94639
95881 158559
28820 160512
116412 107744
103393 130451
52176 136895
98721 97411
100202 98892
78301 105807
117828 83233
163620 136636
97833 80889
4624 85772
128538 51068
104194 102210
45280 114991
77637 106471
193254 70496
95508 148512
89573 106497
164534 195174
151581 120846
37500 50985
97753 96443
108397 93752
181333 22613
120871 189855
107325 89842
120270 103886
107253 180455
91224 104846
84767 79593
36488 127570
102988 130046
88704 107366
39291 161743
193259 101271
36449 6603
174443 145142
111429 28497
199888 170189
142549 7468
27553 167559
41928 160982
101088 122690
90994 105076
105499 77741
77058 107050
79220 74112
95506 94196
92585 73829
193071 89153
64384 197836
97021 14476
139915 126496
94494 132631
129241 16055
96047 94737
137484 155197
68902 17285
173142 42280
140789 62561
101148 99838
41919 142646
27166 16599
122304 101852
78579 105529
103701 102703
108835 72679
100704 83760
93826 62316
48344 193248
173727 106821
100919 127977
53191 55396
68086 76664
92414 103656
78654 105454
101061 122663
142918 64285
172135 126679
34419 188664
87805 108265
127703 168552
31232 55797
101227 84283
101506 128564
179748 89324
101262 128320
100122 98812
91263 104807
76924 107184
87676 108394
79070 105038
98971 120573
15005 76148
120128 104028
141165 154113
97279 27336
101624 100314
93072 102998
148295 93550
103538 130596
77952 106156
55487 82883
179333 50193
75627 74238
44594 44803
71119 10500
33590 126943
118315 105841
101059 84115
100435 109226
125498 93527
88441 88192
32422 33064
97298 95988
103075 101765
93383 102687
119958 104198
187483 120274
28181 33849
142257 165822
89637 106433
8995 145962
100582 83638
102954 101644
31162 162753
67818 152082
78129 105979
99108 82164
167389 172677
120862 111641
56783 146743
168597 57462
102657 129715
30472 26891
103534 152516
34618 173524
80135 103973
9712 139625
47620 153332
154581 39259
99619 82675
103339 130397
77215 106893
156630 70758
15669 156523
50725 87864
109103 13370
102292 100982
22065 85815
147899 178441
151584 44398
39708 173362
148475 97251
167058 184313
100542 83598
293 26979
117349 106807
97117 121994
59018 168472
72753 170607
107147 75476
102663 188299
117539 106617
184234 173860
166313 84042
118703 105453
102898 101588
38833 146600
22587 63588
121331 102825
37221 72143
161216 162913
29320 62559
195105 63843
102046 129104
190436 143366
100720 127778
180787 7726
26316 42932
101813 100503
25602 187122
153860 181648
121373 174696
92366 89612
76806 71070
127154 150480
90252 105818
163692 56470
67055 127694
101760 191468
152668 164684
10337 179233
104387 33579
103980 131038
57451 196275
182089 116088
97951 96641
72501 29466
10159 84576
87821 108249
48048 194351
181353 152771
97389 35791
99401 82457
92139 8918
101269 128327
147525 12008
25173 7482
60247 142951
118589 122359
176826 42695
124369 189863
108080 68821
118884 77515
87961 108109
169354 192510
112877 43430
125393 121452
94777 98794
131945 71648
102031 100721
91660 104410
68387 149758
101222 99912
173421 198024
59179 7792
88783 15690
148604 42410
76531 89326
115466 165051
