3000
131956 120969
96846 148023
124823 119108
136976 124787
61267 183798
132203 126488
130861 125146
95613 112586
131031 130732
140012 130619
135668 126095
111646 157207
141793 91417
143499 179223
145789 47622
45439 121279
144038 67108
6294 151579
142114 132721
135132 125739
176623 28438
122697 116982
117881 80971
119136 168042
132102 120823
7059 38399
164835 92505
191664 64287
136640 128523
134351 124958
138081 123682
137431 131716
103082 153533
79422 23270
140137 121626
126024 120309
27939 93007
134436 126319
102557 105922
193127 104035
181732 102161
128267 120150
116992 74743
113733 12328
116270 172772
141167 133050
156006 46731
140626 84839
9408 11822
70744 9648
86914 100882
138141 128748
128889 120772
136730 128613
97318 162180
134888 126875
153119 33089
120598 114883
136282 130567
141669 133552
142531 51278
120235 176344
183045 146857
198158 55272
197205 7641
136526 127133
78068 177258
133314 127599
120630 114915
146258 23142
16311 110179
7826 177133
115223 41153
130503 124788
11799 110208
124037 118322
164362 69340
24299 190370
124865 119150
5488 49868
92808 50665
135290 125897
129632 120239
131275 125560
182737 152569
133650 124257
21099 55854
186528 82205
138234 128841
188488 13156
152770 32234
136708 126067
146864 43832
134771 129056
100309 111504
127025 118908
130340 124625
134894 127881
134437 126320
192143 66164
114443 99771
108470 85651
131165 42186
77825 51801
50047 29179
151448 34875
177398 118266
136556 125207
192014 168153
167301 66590
135456 13876
137302 125473
161580 191215
182954 25977
116947 105863
190142 31355
54262 187465
135671 126204
129845 120452
127561 121846
134790 129075
23456 111557
164328 152259
8524 156446
153972 151638
181568 175914
48299 182041
113434 177497
115473 16684
138506 130389
128535 122820
144358 105009
9448 85219
127481 134282
126686 118569
169258 106942
155011 81368
129365 119972
77146 139898
9980 1499
126693 118576
33322 9221
121949 116234
133591 124198
150195 179398
5662 66084
24666 20016
133867 119058
152900 16619
135276 126487
5091 88809
135315 124148
72488 37037
191339 189949
6195 44790
3442 15197
89738 105309
85145 9826
134773 126656
132438 126723
131689 130074
137598 125177
131938 120987
1765 80395
128035 133728
129877 124162
4961 141434
143218 16135
24381 41494
37950 9414
11035 59792
49696 71648
26022 131955
62244 51616
140784 131391
89317 31811
135987 123476
138152 130035
135646 126253
21402 33810
193103 139792
66576 192486
47812 26324
133530 119395
140154 130761
135946 126553
136014 130299
132210 129553
133804 125659
51078 92731
60865 161253
168490 155714
130815 130948
96677 167417
195935 171533
95884 45451
44040 89930
128326 120209
141843 133726
58694 148258
37797 156444
18362 71099
135906 125857
142485 24538
34448 61298
189257 95716
135333 127442
147753 60271
74931 107927
121670 115955
121047 135178
57081 40802
134310 118615
3354 67769
9159 89261
189743 133317
8530 130281
123201 196382
136083 125680
129041 120924
120808 115093
129730 132033
185063 170608
140600 131207
101570 174649
131238 180633
94120 72851
151777 56788
180014 117698
97244 44803
136557 128440
22868 90518
133064 127349
135617 125820
76174 129100
106240 109795
134263 128548
129027 120910
140553 131160
133793 128982
133700 124307
130862 121469
140885 132768
28857 108375
73183 82797
74462 38875
127891 122176
131680 123563
127177 119060
71187 59789
194308 163083
104701 162583
134569 126452
174149 29948
148324 50521
123068 117353
130446 122329
133695 119230
59745 15773
46377 90435
32254 159442
75429 180467
128227 133536
133788 128987
91457 122550
133445 129330
54005 88035
18206 44284
22479 166279
140133 130740
73864 77332
139622 36131
105417 2828
197947 99742
128284 122569
124369 118654
103313 68738
160440 129311
159146 153229
71303 55658
133292 126171
192859 48378
136558 125205
81124 40997
155791 23402
19496 113275
19834 7053
132749 126714
39907 147939
134023 124630
134460 127303
94152 63397
127824 133939
128114 119997
132806 120119
124738 156502
2508 151220
175372 177762
132663 44947
139244 131127
124055 118340
101988 65862
186453 93317
112256 107504
130191 122734
138715 130598
138096 129979
133449 119476
53988 26972
122979 117264
131616 125901
135234 126529
126688 182131
123522 117807
123900 159641
150613 85893
102749 25710
134319 140961
111370 177185
134971 125578
177140 143898
139932 121831
3014 198188
137905 132190
132346 124229
130979 121586
52853 19213
70350 81183
101961 7588
138194 123569
40659 61299
127915 122200
22080 63464
19468 6673
141251 133134
33121 27991
155407 82091
139694 131577
148749 90969
137441 128048
24210 175359
32297 5046
129538 121421
162411 186859
139016 122747
146831 126584
131435 130328
137010 127617
94563 157062
58093 17931
155099 85268
85528 107483
142484 12891
58670 57061
39935 82787
65349 104349
137514 125261
127794 168355
98260 86469
135432 126039
52428 87972
136073 119087
118197 62991
166027 81216
129203 25438
92850 41600
126818 118701
14061 72855
24927 162598
145075 100043
130488 139931
51462 51937
131547 123430
117391 139621
133931 128844
138080 128687
189849 30977
127309 119192
59059 147607
135824 126431
84596 15366
26879 109473
9390 68615
32366 142074
181138 21456
128388 122673
130345 122580
137415 129298
70459 71489
130659 121266
130927 121998
138338 95497
109233 147362
136286 126489
133615 125848
78477 32202
173256 97509
9058 196018
3900 47826
3282 107472
123953 118238
127720 85061
135805 126338
125380 119665
154745 74531
10899 117108
45493 182590
40316 21918
140937 138780
130234 125135
21330 26287
163465 33883
122991 117276
45023 20881
81657 23821
134041 118884
129963 122962
138706 130589
21427 23800
125826 117709
118629 55670
181243 123059
135966 127849
126708 120993
129081 119688
150839 197123
199069 111028
100946 177632
52090 158660
134384 125079
168501 154495
47660 64219
129958 124243
139354 129961
48301 138410
138130 130013
127121 119004
137293 127900
125986 117869
95004 3705
155087 130090
136567 130852
135416 85684
114399 136699
3811 43835
30717 6859
140955 131562
96321 197931
79543 57132
132581 120344
134678 128963
129985 122940
42481 82778
162144 4002
76309 75213
67130 191687
73750 165986
130198 122727
53422 63794
146627 105991
125054 47465
135837 126444
129853 123072
131185 123068
109024 194014
135705 126058
197999 62410
110445 192844
32352 62892
137837 129720
81011 99222
33151 109487
127009 118892
16452 182133
167771 98224
22832 28395
187924 41547
12742 21622
108770 114310
150427 66673
194629 47093
142196 132803
136699 127306
129178 119785
24156 107530
135549 127432
136159 125604
143737 114225
24211 172128
137366 127973
139147 62599
143824 198739
128233 120116
3918 153632
156619 109455
124260 175607
148222 42460
126211 123099
129899 131864
136183 125580
164117 38479
69303 160151
157738 76204
151979 42753
130170 120777
132871 126592
182823 119932
116572 120383
152951 23159
130961 121964
32415 141644
141731 132338
127494 134269
133502 128261
130302 122185
177066 117119
130618 131145
74801 13669
188777 54048
12451 184624
183054 177659
49777 6262
193036 186702
10285 137750
135634 125837
124294 151652
98817 96947
132872 127157
53089 83261
76564 103209
168422 109834
138581 130464
49188 47315
128512 120395
120679 114964
131995 122602
137114 124649
128738 133025
68516 169378
84031 96877
97569 96096
198993 132306
122210 116495
51779 82956
123722 127331
198005 188996
125941 117824
187837 108981
23608 103201
123837 118122
132662 120263
127370 134393
6029 4294
54380 22535
130912 121519
139092 122671
9231 191381
58712 179632
31407 188843
132521 129242
7070 66458
122520 116805
162950 43814
47248 144092
110844 93795
133673 125556
169101 178192
126412 120697
97714 167302
134809 126954
129050 120933
50870 72568
130121 122004
140652 131259
176501 87802
128553 122838
119953 154562
134593 128182
65795 132107
82733 138873
125395 6659
132816 124699
140194 121569
147059 17648
120546 114831
27537 194182
136440 128323
181122 37246
136895 125880
139828 74446
151294 23090
125042 119327
126527 187462
47166 160049
8068 135687
28940 72932
147362 109820
134191 124798
143571 32220
131750 121175
137406 125369
25965 177343
140065 130672
128607 133156
166558 121617
135529 129814
131028 121897
179468 107561
136078 126281
197339 4545
67084 99465
22317 154346
135551 126084
86542 142812
107601 168
161276 5346
62876 187523
137482 131767
128398 186943
128517 120400
48987 96636
43195 134266
94660 73974
139518 122245
852 187610
158182 52884
71009 21294
134137 118788
134914 179827
142375 7973
122382 116667
136469 130754
107835 81589
137769 132054
135018 126745
137750 129633
130647 121254
46665 117035
164027 2836
134561 127202
180596 136388
41539 147978
45801 92236
193777 3057
128481 120364
26216 14681
958 161729
156832 21654
141315 131922
82238 76902
130687 131076
190805 83896
75724 59006
121658 158433
167237 161437
134378 128397
22249 42172
133065 127350
134945 124518
75450 48931
33082 10840
105617 179497
10577 92671
107802 194344
133119 119806
157948 78904
156278 102198
128920 120803
136033 126742
8719 141479
57391 123005
92534 41708
139310 131193
121445 115730
101098 131487
167876 199632
163841 137642
47587 55258
139895 131778
78954 100021
126900 121185
89050 199034
132321 122928
11364 42166
139976 130583
62885 142390
127449 119332
129595 123880
75027 77989
130561 121168
147682 123123
154186 11472
96611 119715
134828 129113
96624 50766
141589 132196
140590 132473
161665 158758
129001 123286
109333 20707
129754 123171
50031 142567
136142 125621
121650 115935
137173 131458
158209 26032
187676 155492
135589 126362
131341 130422
144945 196293
111858 87319
40568 28784
87422 19904
132324 122931
94945 12359
164135 138532
194827 71586
16643 112858
82158 139407
180688 106917
115381 143563
135973 126580
135242 36540
138910 129517
54130 148875
72215 143586
134895 125502
174277 170609
133268 129507
80728 195996
189250 117501
199349 75612
129297 132466
129286 119893
128446 120329
196001 31383
135182 127593
63974 14251
185956 151883
139503 122260
110554 152262
38273 50143
40929 102626
123027 157306
137698 129581
182817 175027
136431 126634
121106 61328
132186 129577
22191 162958
13856 49699
44357 1431
176832 91694
123482 117767
149152 63446
142269 82096
71387 108080
141710 133593
150615 122754
131383 121542
137084 127691
17489 171357
136075 126682
53317 193172
63618 21645
134248 126131
24088 40118
5765 54273
38269 79571
133274 126189
135619 126226
134587 128188
77761 54351
2401 44200
148615 41729
8567 16861
127304 169712
132499 120426
130910 122793
183331 36505
184313 66686
137506 131791
133143 64540
86963 150453
123039 168060
138722 129329
127157 121442
40486 113212
136629 126832
63044 96122
146855 82536
78089 69587
190120 78719
89342 175205
131909 122516
12857 52627
125642 117525
131470 125755
124028 19579
195180 178526
3788 168073
130066 122859
143753 46671
48849 76824
43433 39370
134804 126959
134194 127569
131018 121625
100129 128380
137780 129663
72355 137711
135871 127754
134276 124883
123284 117569
140615 131222
139658 122105
196020 81354
167875 35750
135954 125809
15749 131257
75247 87226
139805 121958
146950 168022
124860 119145
132155 120770
138701 123062
182822 176094
16115 105730
130921 121528
143070 94923
85875 44840
92740 30849
93090 135206
129186 121069
64493 60462
129112 120995
106065 164927
169536 84109
161882 60309
136235 123228
136038 125913
134323 127440
134405 127358
168860 51864
67108 18905
164029 82316
132533 129230
130678 131085
45341 31155
129849 124134
118887 18052
715 141877
40252 184324
128006 119889
22889 121228
53314 162734
192448 28332
75342 133451
24956 166880
93559 89243
129775 33704
171634 148837
135486 125689
130325 96174
73583 5993
11541 63778
166069 115117
197712 92492
84896 118546
132771 126692
134208 128567
139199 131082
85617 117830
116743 139834
143796 12180
138156 128763
124208 78768
134108 125355
133178 123785
174790 124263
136566 126769
150289 107355
136971 124792
135566 127449
140231 130838
141119 88748
138261 132546
138362 130245
133836 127927
35252 146640
118935 155305
145527 10159
133912 125551
195145 175764
134217 128558
183141 127420
17293 56359
99894 104052
138304 132589
76305 175531
26460 82423
141886 132493
87858 112320
134821 127954
129534 120141
181350 133884
127166 134597
17269 123340
123518 117803
28778 142936
25933 71599
152694 97768
186311 123121
169357 27736
129646 132117
5331 24633
134390 128385
59088 176200
134365 127398
129884 169740
136032 126639
130567 124852
124911 119196
138212 123551
157864 140415
46632 86429
132176 129587
83394 197838
117441 84371
83992 173724
57767 130720
32403 52359
131236 121689
116053 115866
64060 100706
192534 191760
94199 105489
129919 120526
9345 180484
13480 129859
81286 57412
137359 195585
135727 125930
43080 64354
127514 121799
130751 122634
72641 187832
76046 123028
186607 30197
94180 72266
194743 130104
116948 49183
133567 127852
161321 184011
197259 193382
81252 187670
12954 178589
64724 146723
45079 64935
134493 124970
180977 4933
11049 122500
135136 127019
157486 190824
198504 91084
59352 67644
11816 184592
142050 40199
34732 142236
120002 15136
136860 33689
131635 121290
113553 95945
141713 132320
49271 94196
129860 120467
131267 130496
10458 74762
176730 68801
127839 119722
149417 138638
141721 132328
137065 127268
136107 123356
131801 122408
120991 115276
97163 120529
194487 190797
90761 105039
166123 79920
131203 121810
93975 29171
7615 169210
188144 194911
122852 127492
125151 119436
136551 55036
131091 121834
154533 36562
133146 123753
14369 100633
134623 126506
126234 118117
159428 86955
126224 67514
130472 121079
112823 82559
175098 143105
168597 61145
189946 193415
128833 123118
151412 116526
135911 126864
7134 55107
136071 126678
114938 114007
133290 128473
37230 41694
125954 117837
134389 128386
131342 123225
63946 64570
161237 93840
156022 167311
36069 165822
80190 177292
135218 75146
19394 98758
144887 130998
12029 174977
135409 126016
125142 119427
161938 162273
136967 127170
136534 130819
107651 131580
119927 86086
58105 14238
37876 122635
166482 78121
123184 163611
8666 77496
17289 174861
57026 68686
107742 194351
110614 167742
92976 109203
129274 123559
167074 183780
64756 2784
137339 87436
191644 162085
75767 79930
16527 48619
112012 6999
126948 121233
175787 120203
134598 118327
108827 72117
89458 103764
128791 123076
133644 125819
35701 100560
141180 133063
84884 14984
121150 115435
135848 130133
140723 131330
165168 19152
196896 66779
137340 129223
54898 180375
9411 173265
135233 127542
130543 131220
78878 50188
136832 128715
92847 51091
108321 31977
132296 124179
132103 123986
37186 78742
126459 120744
138327 130210
173109 191490
152109 70714
120561 11578
143156 23735
134233 127530
109408 127825
89296 16862
149110 105158
136628 127235
123533 117818
146130 94524
129559 150893
135482 126015
138529 116625
136212 128095
173293 106893
128262 79288
146982 81822
159849 159003
130433 131236
127751 119634
33937 14265
149604 180032
137342 131627
54844 42165
136152 128035
127979 133784
27100 43157
121735 116020
133584 125879
123505 117790
39820 124860
135481 165910
134428 125035
81663 56783
165429 23264
52113 183699
136391 125372
83360 127062
112450 141997
134610 128165
132708 123315
128558 122843
137939 129822
160394 181010
148076 62660
195632 103847
33486 126578
133098 119827
6208 92091
60558 171509
141134 133017
131564 130199
130164 120771
179701 74112
3822 51934
79900 5687
129873 131890
194679 179686
125966 86275
120159 2697
131556 123439
135588 127187
39270 66190
39853 6457
135600 126351
140325 121438
127801 119684
100500 185642
76796 88058
137213 127820
34228 24692
124391 118676
139884 143125
62526 53538
129614 120221
118326 74991
138223 123540
106901 50666
42958 190325
191141 85624
94272 141245
180580 113398
59300 101878
183540 186019
148022 72805
132915 127200
74245 80826
152065 154128
167673 160811
48401 179178
136755 131040
132021 120904
121227 66885
8088 23879
123323 117608
131208 123091
41398 24386
136357 125406
82097 144359
135799 130084
105056 137921
131320 125605
158765 17749
29724 179289
36385 80123
75893 20895
153643 5131
141259 133142
139869 121894
54238 113082
92201 102475
158763 98442
134003 128772
136260 126867
133645 129495
130832 192520
194996 182447
143931 150218
136802 127005
133475 128288
131494 125779
40016 47761
73667 119002
26847 161776
66767 37875
137088 125687
134875 129160
164169 64482
133345 128418
150752 83822
134933 126816
59998 120340
136512 126263
135878 126897
111775 146390
123874 25265
22980 64352
133015 119910
135672 129957
99449 143601
61643 133024
24432 57134
199227 117832
138431 130314
75619 97170
145492 111221
136234 126437
120577 114862
137682 124081
131282 123165
198947 191083
150281 965
62137 84719
120404 114689
61391 57866
26832 79783
194467 122772
160589 49672
14366 3631
57726 165711
137281 127888
172810 122654
153415 38419
129039 132724
39673 160450
54197 157089
61247 187384
138308 132593
141477 133360
65392 119525
192087 81599
133207 128556
137126 124637
67656 96340
85434 146176
45312 159215
49584 129537
141231 133114
92409 198591
95106 121307
88570 101487
22724 29851
59390 104772
142074 132681
25471 197602
134048 125415
135739 87907
19444 127798
131534 122141
131675 121250
135320 124143
169188 73561
7307 89702
129511 120118
128686 122971
16048 37074
140659 131266
62016 164675
129777 123148
131805 123688
126513 120798
70236 122452
135528 126061
70817 29911
41080 105008
134238 118687
128390 122675
125405 32025
103261 183359
43822 87746
129320 123605
81620 96961
139571 131454
129723 124008
197316 110266
55999 101892
76860 13256
141879 133762
41341 19045
132613 120312
93061 22894
11705 106187
128699 122984
191080 69458
83953 70655
192489 70511
165637 65428
139733 131616
161643 135144
163484 173766
135583 127466
182229 104998
45505 22585
103565 107271
91950 110303
133159 127444
129419 121302
81596 65338
94076 166337
134442 125049
115149 171578
172066 111628
127758 122043
92735 56107
160315 123739
30016 33997
24415 489
77474 191582
192975 63905
21036 47922
133554 129221
58463 175575
127958 122243
121269 115554
140783 132666
127056 196289
148654 194499
86436 12443
132500 123107
126140 120425
138358 121890
58588 199010
27118 2488
91201 20656
134521 127242
99735 94170
174181 161634
141289 131896
4439 182503
23028 5694
101564 52258
127653 108808
131954 123837
126842 118725
20992 75572
137557 131842
194785 87749
132639 126824
132278 124161
60039 163057
127198 121483
194809 33706
142511 108908
27535 86988
56556 25301
135719 123744
12346 171847
126921 82015
87026 77672
48891 54676
81900 64675
153061 97070
88358 86566
101397 127151
140375 166544
32998 2938
64801 146951
135999 125952
67323 24329
54615 112219
39681 50109
47668 114459
128088 119971
128555 155183
83519 32488
127109 118992
95028 6012
74742 193726
75928 138276
112706 169842
128220 122505
188824 196884
149256 49522
134085 125378
38800 158778
155377 64932
132028 120897
131677 123560
135268 124195
92946 24009
146922 133578
167938 69931
185047 41639
108095 145563
123017 117302
31450 135258
133187 125070
134527 127236
129796 131967
138527 123236
379 193590
128828 976
102823 187586
193831 51123
137699 129582
143118 125012
135613 127496
139329 136483
163355 87138
71365 136296
169660 127276
133379 128384
37576 128599
136737 126038
132977 128786
138507 123469
91819 95624
126344 152296
3109 100918
92099 79851
60111 55641
171497 87896
132785 128978
98641 158412
133739 128024
133820 128105
127239 121524
89912 52328
129380 132383
177184 40673
135784 130069
174739 66734
112637 60574
138524 129131
134123 128408
129035 123320
42280 49495
131799 121126
95669 68092
128286 120169
131134 121791
63365 92348
133842 125725
129029 120912
136893 127500
29495 22008
137766 129649
132106 129657
6068 95542
6240 148111
170673 196484
135423 126030
134450 125013
137913 128520
125865 15214
117066 15520
133220 129555
6812 96702
127613 119496
133666 129109
134092 118833
142659 3358
37429 117704
88987 7793
62529 188694
10238 6002
134785 124678
52531 38339
180360 86435
26024 110720
12882 28137
141153 133036
57393 29607
123212 117497
132258 126543
74665 65917
124566 88548
41733 164400
133014 119911
122458 1241
132740 129023
79164 115419
162890 119478
9571 29044
129387 123672
26519 87924
130372 122553
143639 19277
140670 131277
129200 123485
136624 126827
133984 128791
131069 122952
135446 127329
104601 88452
177609 161854
131159 123042
140167 130774
84123 147462
71837 63756
139353 122410
158028 199840
133399 126064
120015 32475
119478 147475
138520 123243
140747 15364
104559 190009
131896 128079
81590 7725
133364 119561
126925 133623
95622 87684
86008 169068
97855 14686
138427 123336
87166 54105
83094 81022
48529 111709
134898 129183
81381 64368
131888 121037
135953 126560
139954 130561
130578 122461
133821 128106
197471 133874
99762 177853
156946 104255
168317 44941
123200 117485
127671 134092
136230 123233
132248 129515
134940 125547
176545 75064
105125 150671
136601 127208
15096 18570
138295 130178
174094 110022
23569 93045
35419 57243
127878 133885
2939 157189
185927 77060
106454 57252
131777 121148
195839 90612
145535 197598
179645 173122
32702 69469
126279 120564
137484 131769
71222 116804
137052 3906
137617 124146
142308 132915
172030 159423
39336 21138
139996 130603
197240 137904
174603 150537
176395 125668
134477 118448
135821 130106
171455 54161
124111 66619
37512 44436
114925 59691
119332 22673
55010 151868
27087 163828
109271 83855
140089 121674
165771 150395
18128 169463
136257 123206
140162 132045
62755 166986
142009 28823
33731 170576
7047 126911
135892 123571
117069 114249
165394 126102
91537 155777
144542 5515
148492 181524
129227 121110
136731 127338
132006 126291
131863 123746
120877 115162
27909 159821
125836 80754
54517 107393
97008 56360
156390 172536
141396 133279
128255 120138
110396 165078
128351 133412
91857 171963
158630 124362
131613 130150
139790 130397
100884 125041
132668 120257
152400 90251
130195 124480
132284 126569
106731 98379
182182 91906
120424 18854
129585 132178
16291 199493
136374 128257
34818 192551
56570 8856
71778 85544
119035 73637
130082 121965
30314 63817
145369 48637
135689 126296
132449 124332
127410 121695
1206 188173
131369 75311
17942 12900
155093 138326
138740 130623
115663 38384
187277 142425
142026 54583
52694 55450
68056 64569
133790 125673
86731 176964
139249 131132
132180 120745
35615 8072
152733 45067
135961 126568
136772 124991
47327 65487
160528 145504
126615 69329
135775 126382
42063 193767
178439 6702
129410 123695
172906 163670
78803 86863
134340 124947
136067 123396
159954 163039
130497 122868
195809 12558
49994 151876
140394 121369
10009 93458
141383 131990
85901 132460
130387 120994
26353 146057
77338 149745
134871 126892
28544 128184
139984 121779
126457 120742
14009 71684
134553 127210
185354 69444
122315 62912
136570 130855
136239 125524
121196 115481
135896 126055
73817 95831
21765 151118
123573 117858
105497 179596
123930 114421
134653 127110
142432 89682
136264 126871
124850 26805
133199 127484
139486 130093
93736 178116
135804 126007
129429 120036
20529 117683
135952 126155
87865 26931
20255 108527
137890 128497
124110 118395
139952 130559
141834 133717
33231 18327
134317 55305
34063 68379
173548 131551
147086 77425
187962 112812
116012 117605
121057 112750
53994 98353
121795 116080
150472 145074
138439 130322
133805 127958
132040 122647
124188 118473
135957 125806
142235 132842
27681 62109
135627 127510
176897 67876
104597 3005
134255 126138
137236 125539
194831 189612
93006 146791
136911 136353
124827 119112
19264 59512
176487 95748
128414 104325
129613 123312
134845 396
66752 133545
158925 149896
124425 177002
136603 130888
104972 96348
75698 39438
125141 34827
16153 195713
131492 122099
136926 131211
132930 119995
155544 139102
7270 135107
128441 94587
135702 125905
121830 134358
138250 132535
178366 175081
35707 187460
135578 126185
28654 52216
137677 128284
40908 31064
195315 81629
5040 6617
133694 124301
130523 124808
123125 117410
197142 118182
124590 122184
63071 94222
100862 6184
2553 144986
140525 132408
132141 126426
123320 71092
178915 170659
46359 194020
164848 161630
133742 128027
109782 63806
13579 135510
131887 121038
126395 118278
130398 121005
139250 129857
193141 172456
9912 60174
138659 130542
131688 130075
162392 196439
89496 158728
12025 23634
135703 126060
120580 114865
149441 67122
151628 4465
190759 45252
136458 21074
156881 106976
135358 126405
123677 112258
133647 132747
128159 88539
87735 110048
129526 123811
131585 48681
65296 115794
135577 127198
137355 131640
96670 11465
39326 45389
135211 8437
136248 125515
131816 129947
121708 115993
26450 136227
15532 90822
176263 42947
139467 122296
132104 185897
186683 124345
139982 131865
133999 125882
134631 128144
134546 125153
131587 81987
133101 123708
149242 108846
128146 133617
12984 30864
131024 121901
125976 79424
68904 148708
137011 125764
21435 142724
152424 196405
76728 102989
89788 149206
135366 126397
122078 27217
125820 120105
2160 3320
130510 131253
83446 125674
134367 128652
135131 127644
127368 117888
136252 126523
30218 79655
11612 105532
130806 122689
131615 130148
61691 102237
101802 48053
137338 124425
126240 120525
128360 133403
96322 61703
71979 39915
189090 75404
44910 22885
141238 131845
136519 129269
128977 123262
116949 188209
128283 122568
140935 131542
138589 129196
131542 130221
144862 109052
64306 187541
185962 99664
125318 119603
132631 129132
130400 115041
130423 105518
101385 25257
183162 85821
136577 126198
79297 1239
148594 186969
140938 131545
85802 145756
133895 128180
7164 5986
175731 148575
140336 83599
187312 152218
131685 125970
170287 47645
145996 71695
24688 65431
155245 127083
140879 132762
59708 33719
198258 95305
174052 167979
55767 136555
42248 107214
125180 80723
133956 127807
135699 126306
68646 158363
131097 121704
44 199605
139983 68810
67669 92128
172276 111050
147014 6308
130088 131675
124442 118727
124286 118571
19972 94258
12663 70752
197578 198846
87875 133568
61472 123757
107906 193689
136164 130449
172306 12945
135480 126013
138835 130718
161138 111827
66413 93411
135743 123720
24225 84875
65276 188488
61325 82556
129020 120903
88486 170615
129416 121299
68931 99713
150582 13172
81675 115108
106667 14194
136642 127249
136650 126853
39783 158177
20460 9192
1257 151984
103206 169793
137784 129667
177104 91153
127894 119777
64714 76501
80769 82933
128587 120470
164873 30925
138511 130394
130563 122446
72268 148989
134040 127723
29555 83035
33423 99649
135539 129824
132306 120619
42813 163448
1177 184074
134447 125016
33025 119355
71125 157354
161965 63552
133706 124313
7086 118418
133960 125503
93131 132985
131877 126162
175805 136840
139795 121968
109634 177371
141569 48048
121681 198611
136937 127140
133779 124386
176565 195736
172439 85344
135325 124138
185463 131013
141336 133219
131026 122909
93266 76601
134014 127749
16627 181433
126238 112287
37553 67280
87318 88891
137477 129360
123124 117409
179206 9112
181158 18949
155061 108183
132348 129415
21032 47121
45476 139020
194922 44682
131540 121385
132451 124334
18481 133244
73148 29984
131172 125457
68295 128862
51800 65585
186850 34859
135190 125797
130533 87262
156957 59832
156512 34961
139706 131589
135025 124438
21498 108474
135903 126048
133344 123951
88829 17343
84484 54442
137330 127937
129939 124224
137985 132270
135316 127199
137306 142966
94208 151689
134848 129133
56959 11101
56393 4756
95770 36350
137304 125471
148847 164467
64134 10196
135448 129733
135012 129297
136119 125832
635 149763
133966 127797
130128 120735
136586 128469
136605 128488
129076 137699
139796 121967
132994 126469
128458 133305
182956 163705
199055 59655
184782 8975
65351 2819
129102 132661
24280 192330
64253 145321
18070 182179
74266 112490
127599 134164
74303 36386
92576 45265
93744 42203
40439 122482
135126 126637
127260 134503
137678 74360
175816 103049
84426 108698
68331 186008
135819 126368
134279 128496
124321 118606
131368 8683
142861 27798
196535 26645
106362 91241
36618 19793
138899 159213
126707 120992
133637 124244
92083 31202
129709 123216
138305 130188
134729 128046
133312 119613
134134 128641
121821 116106
130987 122870
136468 126307
54920 191290
196430 75264
132937 126526
3358 38678
64596 132406
135426 151202
24652 106783
136900 127507
138120 123643
72723 102541
141967 132574
121886 116171
137880 132165
134511 128264
192661 18961
128603 120486
150895 41642
118499 48612
44927 129538
133242 128521
26306 148026
138839 122924
127006 125867
126075 117958
141381 131988
130556 122439
88187 98779
198749 125546
164564 55295
56117 137695
176093 187532
135534 127241
133310 129465
17634 65874
133860 125603
122478 139870
130257 131506
130246 160226
104718 66347
135797 126346
147483 107508
136786 128669
48931 39430
198809 132349
130281 120888
140203 132086
123432 160655
135520 125723
22830 165733
141874 132481
136951 127558
121622 115907
129371 162558
97562 18287
195554 7488
101815 123893
25474 191460
35435 134806
153239 141220
132049 123932
139822 130429
136358 125405
55342 89294
69648 155167
129255 132508
38058 131703
135239 127122
135608 129893
130502 131261
136317 130602
138196 123567
140768 163536
51523 165385
141473 132080
20305 114181
117772 23849
129251 123536
136074 93915
128490 133273
131023 122906
41557 184204
160505 79215
137778 129661
99895 109515
131317 123200
26374 32997
82684 82425
131497 125782
139302 131185
117859 42992
191929 173620
128205 122490
136301 164545
136906 131191
14341 43546
175683 138891
96719 55677
62068 125637
142607 76663
45890 41779
99736 153363
105092 133801
75461 112759
137899 128506
196595 29212
75551 37626
198542 61502
17146 6259
48808 70899
2480 29676
27080 116647
135431 124032
16297 75384
136509 130794
80367 110420
11867 5356
106309 7038
135288 126475
126410 189495
136381 130666
91015 47160
26415 54775
93842 16150
134354 128421
139760 122003
136018 126757
133655 128108
43476 100408
128719 120602
4100 13085
138627 123136
1694 140387
140303 121460
134611 128896
139080 129687
1098 51501
132263 120662
102854 138899
133389 126074
135072 124391
59832 159021
130730 125015
139616 146897
140146 119001
157168 136009
136313 126462
129061 123346
131538 123421
129295 119902
51477 117560
76025 169172
136646 125117
77933 98770
138168 132453
1367 89542
139160 131043
133781 128066
183489 121948
135124 127651
169047 97185
16039 190107
29769 138231
141274 133157
134578 124885
130493 124778
63008 64304
109295 40012
42092 101120
167963 67289
64120 149477
47842 38329
16756 191740
55135 125512
64795 68012
131600 123483
130385 122540
136382 126989
131981 126266
90038 85858
119222 101897
133901 119024
98954 64260
24670 97613
72506 51092
150767 77789
30675 157159
135142 127025
40899 59647
169726 112607
183503 133983
134292 127471
38942 28589
52581 29953
139349 122414
136031 127914
149783 169854
130559 124844
51610 100313
139641 130248
33659 105720
128102 119985
58187 193265
199463 149054
25211 177393
108965 130616
83968 14697
78924 143255
115708 56908
29747 180400
135835 127718
198695 89848
133969 125494
133061 180223
197395 126145
137637 124126
130656 122269
128839 123124
146 97407
123224 62093
127920 122205
24039 48821
139417 131300
181019 92721
43637 107471
48762 27674
79736 36098
169941 111467
56056 48760
101080 102141
36915 81160
71544 131171
157412 26603
121584 5099
43159 153302
132551 120374
110190 75667
79697 180817
188383 97914
130812 122695
136330 126937
23577 135692
132976 119949
171333 52591
56267 25442
34608 48563
138075 40372
154049 137804
132957 119968
145052 61225
142033 132640
181338 63110
127694 134069
131579 122186
172020 23893
129000 119607
182359 138314
24402 53554
137192 131477
147000 137482
70990 138392
163509 143265
48109 1336
8873 119695
199598 60612
64145 86149
75399 22466
128002 119885
85318 165511
183375 182419
94402 106891
15878 115741
110219 198700
131136 125421
10385 145502
89587 71250
87918 675
130266 131497
53563 103200
137588 125187
128617 120500
138717 85618
95061 121133
181735 160323
120182 90782
135648 126181
111367 190940
121449 50748
183521 123533
36112 116897
141679 104820
47920 182319
133173 123780
101738 120472
87293 75490
126053 58498
78080 47837
16835 54744
132716 126747
78985 59069
17457 123423
56494 126760
88592 155600
116438 83742
130039 131724
130221 122104
74974 186203
137093 127296
62290 53744
113392 146816
2481 48535
140357 132240
137048 127655
142804 31257
144586 163473
132489 123096
130550 131213
137316 183511
40007 21326
148672 145395
134728 126611
110108 145086
132382 129381
135341 124122
83062 197815
141955 133838
185452 87422
135334 124129
135296 124167
164679 169465
84212 148928
134329 126212
130336 122589
130146 124431
111894 101407
141579 132186
128041 133722
93620 180119
135330 126433
124278 74908
192635 134480
5536 189424
70740 32720
168772 163704
159326 150887
137413 125362
45886 136621
131066 130697
34260 60620
134990 15570
136449 126326
135225 127550
137996 132281
97615 44408
120579 38971
131410 18154
166018 192459
131810 123693
119441 27015
138476 129083
80080 11070
184254 134466
9089 110247
23268 66398
141929 132536
82322 40866
136062 126669
142082 59217
108328 73744
57072 62736
141248 131855
32317 6090
41888 101833
93236 117523
137343 131628
139380 122383
177177 17037
195313 35457
59299 175659
103830 55017
103010 74910
72343 80040
152452 151893
121514 9475
187461 11102
178599 32785
129456 123741
137870 129753
131551 798
123399 117684
151531 167937
125650 62216
89547 113150
134663 125270
9494 190712
147505 95925
133932 15589
98501 102183
149414 157619
104384 177444
39779 140473
133469 125352
182479 194733
44545 191949
151453 52602
135473 129758
129751 123174
195401 151582
129117 20923
130779 121386
131831 121094
132118 129645
94308 109963
153706 60249
127903 101702
29484 141300
50935 44348
173178 197361
93671 34131
47098 193839
60508 136668
179923 20905
17144 121337
132370 126655
126517 120802
129615 120222
70245 144907
109567 4355
69537 193245
122006 116291
184159 88281
175332 149760
39604 84177
134199 124806
54568 8537
136875 125900
46107 129871
139686 130293
132470 126755
121199 115484
139007 122756
184409 82110
134273 126156
135874 126077
139860 131743
54327 31920
6008 149169
137455 124308
130286 122639
122446 174225
67662 7357
66397 33481
57957 162882
54118 190453
121891 116176
60510 173421
93694 79786
131642 123525
102382 157478
52650 7941
133594 128169
18531 148429
77370 82120
129767 138281
124163 8894
135289 129574
190473 129374
119495 120401
191715 136664
155386 135242
125965 116718
72684 68553
20436 56227
159223 36537
142550 37255
104963 26963
17381 161072
190753 151402
199513 174839
139002 122761
132350 120575
138969 122794
134699 125306
66134 3335
134121 128406
196645 87630
120437 114722
172605 49864
71205 53219
88207 44292
190969 189378
142537 127553
175569 53432
198009 180094
19698 93063
77214 161358
105084 65898
135587 126364
154864 175786
99974 38337
121063 10315
48669 46616
34205 35995
182288 145693
148639 21493
125832 120117
134151 118774
134604 128171
93011 161530
160093 167196
119013 54139
117532 191712
132658 126805
95639 141057
135592 129877
133746 128031
146730 45650
111140 142833
172041 149367
46028 45151
130519 124804
140359 121404
179341 27089
50665 9403
136656 126119
120276 138935
128740 120623
133732 124339
121510 115795
79115 128653
172434 51277
134262 124869
171814 31019
194998 96459
161561 137191
129684 132079
8563 50569
125929 120214
166764 50189
80224 26715
131880 122487
135822 123641
199088 95546
87629 169231
24588 77535
32154 91814
46131 51999
137285 125490
165258 161125
100310 93715
131932 126217
150982 101743
128180 89291
82762 127557
62044 158138
100493 37750
29401 8348
129604 121487
130768 130995
134080 127683
171769 111648
71785 147076
170128 50774
141821 133704
136068 125695
197566 63227
82467 64579
123217 131982
136023 123440
128134 133629
34321 82068
144182 17373
136470 126305
127997 119880
184855 104252
130858 122067
130450 124735
128604 46549
190501 78400
91411 95377
106415 168043
124185 118470
122922 117207
18644 121634
25680 83152
171469 153562
4108 183269
17112 138060
50850 186266
138705 123058
89319 9096
125168 136995
134098 124705
49024 101269
43491 130907
103718 87292
123170 117455
63379 32500
121781 116066
126670 118553
114700 182293
132895 127180
137892 129775
85425 124022
136077 130362
125695 117578
128373 11848
109703 109462
107546 166115
71083 175308
49119 96452
129990 121873
129389 123674
127608 119491
176478 19369
130124 124409
193419 128804
135094 129379
94119 27032
128881 132882
39870 104704
188076 174567
135216 127099
135654 129939
43322 141617
137208 125567
175119 61540
132620 123227
130887 122038
166562 30863
137299 129182
112758 149475
194867 38497
38003 26846
139439 130046
34372 186781
32692 90265
117437 199671
132875 127160
125447 119732
68566 140500
129905 121788
50214 47522
137104 127307
153231 89810
5960 129028
133873 125756
198879 198469
3948 175001
132841 127126
124765 119050
133745 124352
71861 73304
81838 27392
136060 125703
129219 32825
159931 133703
134322 124929
135803 127686
163759 153836
140045 131928
28530 31974
78669 199303
9291 129637
101685 130466
188430 48703
46317 113994
134883 124580
61594 134062
124753 119038
124779 119064
136000 123463
131661 130102
106602 87081
127662 134101
134004 127759
43966 193404
84926 18716
22462 108203
137534 128141
72221 192931
119910 164741
190684 118924
52563 17419
122681 116966
135595 127478
136322 128205
163716 194144
125107 119392
199864 126474
100686 60167
135737 125940
130851 121458
150591 97325
133640 124247
127640 121925
85362 59206
81479 10144
139738 122025
127060 118943
81254 129155
140548 128544
141969 132576
126047 117930
129543 121426
61611 3547
3789 29110
135709 126242
57853 24737
134422 118503
27467 166568
22821 152386
161520 193993
8981 54729
169401 283
131884 129879
180062 103306
2392 181184
93770 13238
52435 61448
133856 128919
128924 132839
131826 122433
130331 122214
53128 185930
194626 18675
127781 122066
130341 177414
173199 71670
137770 123993
128781 132982
197193 104488
62576 198763
132017 143271
140207 130814
147054 7325
128718 120601
162839 131100
131427 122034
137099 127302
193732 54049
154442 118761
162573 143127
12552 19970
197085 91191
135319 125926
15732 62407
129818 121701
67651 67539
3605 115138
20201 146436
125952 117835
145346 186404
135419 126026
132239 120686
136652 126855
107695 134307
78888 66711
136672 130957
75603 119992
138807 130690
133485 6761
130479 131284
139898 135635
125303 119588
114563 160112
142021 112325
196452 62662
66974 40156
70625 7214
47510 100107
163638 97819
130222 131541
74660 68963
195110 179666
131150 123033
132713 120212
124424 57736
128952 171529
130976 121583
129813 131950
179992 3236
128364 133399
124380 118665
179524 58383
134213 124820
129241 123526
127211 121496
187490 831
52457 198060
198495 119193
94851 185309
130410 121017
45741 135902
133376 127661
127850 119733
106328 85557
172739 167490
93962 96252
71935 117827
75662 88476
127099 118982
164697 112099
134655 128940
133542 125425
42382 118260
182529 8455
133760 129015
80326 99519
131697 122304
167702 68269
25153 66112
169177 142258
68543 116613
190982 83786
131707 130056
149839 113492
169164 140224
9682 117966
35743 156958
178652 121503
76753 30347
123801 159387
46585 120444
134036 128321
163254 68224
122021 116306
135732 127615
156291 12937
117374 3234
19341 59536
157024 118247
158465 160567
104125 4014
127216 119099
137824 129707
139841 121922
106676 67078
158301 192890
132002 129761
142819 86176
154137 120174
53071 4958
18599 87755
48244 193861
172351 175144
160933 55826
91199 48911
97080 118254
139116 130999
183808 110150
131225 121700
3742 107956
136717 127324
133086 127371
134892 124571
127502 121787
133011 123618
127884 119767
89989 39292
13288 73448
135041 126924
133024 119901
128216 133547
105844 868
88125 163745
55441 122192
147499 188331
130457 124742
135925 125838
120469 8205
123227 117512
99114 97694
36024 87735
71362 78105
156808 97272
133184 128579
138291 128898
115988 105022
134975 126788
145193 91309
27402 87508
100953 137079
134887 126770
114916 21925
110451 4800
136128 152205
154661 192385
140426 132309
171227 1067
125828 160697
133132 127417
177646 36056
155563 73176
59378 45204
123082 117367
133844 128129
23600 11111
71752 160
136422 125341
110595 41147
137685 129246
140260 132143
20851 191461
131584 123467
78918 173572
111240 152088
171126 24218
90841 55229
13787 80778
89596 84874
121813 71829
