3000
9228929 485785125
9228929 395682053
9228929 358472899
9228929 431668216
9228929 216256604
9228929 6879232
9228929 315622299
9228929 374203162
9228929 289304448
9228929 131000293
9228929 137680041
9228929 21572347
9228929 79529645
9228929 145908170
9228929 443835012
9228929 1878388
9228929 135686838
9228929 357728688
9228929 127290109
9228929 136147545
9228929 202914058
9228929 345322480
9228929 307478936
9228929 291822960
9228929 373230247
9228929 492666907
9228929 347468457
9228929 483458964
9228929 340790846
9228929 201530792
9228929 195677048
9228929 269114958
9228929 347903096
9228929 42636674
9228929 388260606
9228929 447882648
9228929 440475722
9228929 434907708
9228929 243206528
9228929 264349849
9228929 298050977
9228929 149881818
9228929 355718772
9228929 491105237
9228929 68898768
9228929 277708805
9228929 385316813
9228929 428808800
9228929 229750204
9228929 251591119
9228929 487488222
9228929 430444227
9228929 444345214
9228929 158989798
9228929 433294780
9228929 46333759
9228929 316375352
9228929 235599375
9228929 398777704
9228929 264411569
9228929 33938878
9228929 43055554
9228929 464245497
9228929 51483321
9228929 467555194
9228929 245749954
9228929 262270891
9228929 122025495
9228929 66110849
9228929 298162462
9228929 445981751
9228929 311102701
9228929 29386309
9228929 240086903
9228929 317681669
9228929 229851070
9228929 243339074
9228929 301808378
9228929 435439922
9228929 96238522
9228929 404871722
9228929 38353042
9228929 63458097
9228929 362850687
9228929 53640772
9228929 295628845
9228929 72130873
9228929 8140464
9228929 385463002
9228929 410923560
9228929 359115794
9228929 102689220
9228929 56808189
9228929 155001617
9228929 143991249
9228929 214531352
9228929 32055251
9228929 173209492
9228929 175640717
9228929 68347891
9228929 497246824
9228929 358761907
9228929 246874339
9228929 392022317
9228929 348280592
9228929 428531262
9228929 119625700
9228929 461435645
9228929 376432487
9228929 439151128
9228929 154355789
9228929 81591241
9228929 407791064
9228929 375336197
9228929 48418261
9228929 185926024
9228929 419926911
9228929 443841748
9228929 250659939
9228929 409880747
9228929 434047805
9228929 130306475
9228929 345912831
9228929 146027361
9228929 215355941
9228929 302576259
9228929 51399192
9228929 286815828
9228929 131996980
9228929 400084040
9228929 305694791
9228929 312655219
9228929 360961204
9228929 10023879
9228929 266698568
9228929 388358343
9228929 433760303
9228929 226337553
9228929 43365763
9228929 444616287
9228929 174844520
9228929 227699116
9228929 376910101
9228929 169065369
9228929 117061532
9228929 274618281
9228929 221589396
9228929 245472148
9228929 361450617
9228929 259167171
9228929 271197087
9228929 416416360
9228929 237068336
9228929 435073336
9228929 295171113
9228929 353984072
9228929 499970285
9228929 457049951
9228929 240253229
9228929 10939009
9228929 484304639
9228929 495872861
9228929 53692058
9228929 170955437
9228929 209484084
9228929 220628888
9228929 10296005
9228929 375241303
9228929 290398749
9228929 65756652
9228929 170821768
9228929 145296086
9228929 57241184
9228929 148115307
9228929 137515893
9228929 392713003
9228929 211500078
9228929 337568971
9228929 43174906
9228929 135091870
9228929 109533255
9228929 393105568
9228929 153152865
9228929 474017058
9228929 216897931
9228929 160798863
9228929 453695165
9228929 230443726
9228929 292720882
9228929 306104004
9228929 467595576
9228929 22229982
9228929 3291126
9228929 271928977
9228929 326495769
9228929 187265428
9228929 461404158
9228929 84137939
9228929 98193345
9228929 381549830
9228929 316586226
9228929 420973382
9228929 269049467
9228929 124499839
9228929 66979878
9228929 434519456
9228929 272012716
9228929 157818756
9228929 3187737
9228929 195328434
9228929 65618579
9228929 37855647
9228929 151314674
9228929 134950449
9228929 344412182
9228929 175767264
9228929 86439493
9228929 487484488
9228929 18892894
9228929 36437545
9228929 405272370
9228929 184133400
9228929 300208192
9228929 23751651
9228929 404833900
9228929 456810507
9228929 240547004
9228929 80908486
9228929 195759722
9228929 30171036
9228929 227580278
9228929 119012294
9228929 352709086
9228929 263891822
9228929 117439899
9228929 30399870
9228929 361125173
9228929 276430389
9228929 382060420
9228929 177076141
9228929 383231208
9228929 360263761
9228929 370544446
9228929 237165730
9228929 96205411
9228929 321620761
9228929 73991765
9228929 28121171
9228929 391621749
9228929 115644175
9228929 71831066
9228929 108985009
9228929 321201083
9228929 34937077
9228929 251248300
9228929 246268830
9228929 383884298
9228929 375390918
9228929 423172503
9228929 399897516
9228929 261440625
9228929 46847251
9228929 174285451
9228929 466939426
9228929 366403708
9228929 208699444
9228929 233920150
9228929 13660333
9228929 50261812
9228929 322046003
9228929 248555090
9228929 427871914
9228929 470712495
9228929 468902099
9228929 244398889
9228929 123315388
9228929 6295669
9228929 308438247
9228929 120091846
9228929 403134301
9228929 294188300
9228929 128015163
9228929 380130478
9228929 170058242
9228929 240458627
9228929 115234921
9228929 177248927
9228929 381180057
9228929 100366297
9228929 93144797
9228929 435221222
9228929 81162659
9228929 166187208
9228929 340267116
9228929 357527962
9228929 366246619
9228929 339506451
9228929 78090217
9228929 72997795
9228929 289127364
9228929 254928572
9228929 358979553
9228929 49896926
9228929 187232235
9228929 329579477
9228929 198628411
9228929 178101245
9228929 240581893
9228929 196685076
9228929 10053797
9228929 416416655
9228929 26668683
9228929 69614243
9228929 86709468
9228929 454906342
9228929 417191761
9228929 346420182
9228929 490660694
9228929 444048847
9228929 378598765
9228929 329219291
9228929 132215918
9228929 336376033
9228929 243679489
9228929 192591630
9228929 269144846
9228929 355396478
9228929 192639371
9228929 496742157
9228929 484360175
9228929 362550300
9228929 56081738
9228929 183643586
9228929 136489883
9228929 71750536
9228929 304699160
9228929 83458129
9228929 116907955
9228929 407122589
9228929 444746481
9228929 435622663
9228929 176791960
9228929 419223965
9228929 207801650
9228929 272174376
9228929 285259888
9228929 349989478
9228929 289574467
9228929 378682330
9228929 280750001
9228929 412745262
9228929 185977105
9228929 282412966
9228929 379926652
9228929 351071803
9228929 51935431
9228929 51488871
9228929 424909463
9228929 383941890
9228929 458310534
9228929 214604436
9228929 261641286
9228929 7085145
9228929 424333446
9228929 380570134
9228929 216935125
9228929 2337214
9228929 122753844
9228929 285193815
9228929 163284002
9228929 494327489
9228929 464591915
9228929 109468878
9228929 317463218
9228929 311101354
9228929 34152993
9228929 325192792
9228929 224052874
9228929 178680128
9228929 175698273
9228929 322165670
9228929 340525761
9228929 319543347
9228929 29556679
9228929 56536904
9228929 269254517
9228929 365363914
9228929 307807568
9228929 17854357
9228929 221601025
9228929 464161433
9228929 480232403
9228929 432478904
9228929 186352381
9228929 244646124
9228929 262102194
9228929 116698731
9228929 431911641
9228929 115502319
9228929 281224361
9228929 471330088
9228929 254755528
9228929 480232875
9228929 105875782
9228929 430841846
9228929 44187014
9228929 290347863
9228929 211077380
9228929 387317871
9228929 135515436
9228929 482777462
9228929 363467652
9228929 279959437
9228929 393318844
9228929 437879226
9228929 218932620
9228929 352080582
9228929 192140600
9228929 249585524
9228929 14454872
9228929 84853351
9228929 454941541
9228929 29729837
9228929 401538665
9228929 188019544
9228929 359305632
9228929 460777026
9228929 482520309
9228929 428665238
9228929 78915092
9228929 40958018
9228929 333280421
9228929 154115556
9228929 465733140
9228929 381111995
9228929 61984455
9228929 453377001
9228929 161289988
9228929 284182805
9228929 105153226
9228929 78645414
9228929 381443638
9228929 190166062
9228929 375993987
9228929 281512427
9228929 281358780
9228929 430898954
9228929 111491960
9228929 204733845
9228929 224097008
9228929 495556697
9228929 353024362
9228929 334290804
9228929 115376547
9228929 289315947
9228929 221750937
9228929 330572044
9228929 224029322
9228929 196972119
9228929 100391069
9228929 326709197
9228929 30688591
9228929 124150165
9228929 9220942
9228929 462185363
9228929 343388356
9228929 315600859
9228929 336173851
9228929 493478104
9228929 125767633
9228929 406581238
9228929 441366061
9228929 261669862
9228929 228196897
9228929 320310478
9228929 112112114
9228929 3454212
9228929 83745844
9228929 429626551
9228929 340256711
9228929 17564769
9228929 220722131
9228929 173632570
9228929 445339070
9228929 375038693
9228929 22059144
9228929 358132386
9228929 429186413
9228929 59763985
9228929 349703930
9228929 216111007
9228929 483783735
9228929 482679694
9228929 47387635
9228929 42480621
9228929 108962167
9228929 442258593
9228929 32661138
9228929 16764195
9228929 10697378
9228929 261728529
9228929 24479958
9228929 12159504
9228929 63466031
9228929 284634515
9228929 351365388
9228929 357909986
9228929 427169367
9228929 353690935
9228929 51066834
9228929 126585825
9228929 161859969
9228929 45178939
9228929 116823752
9228929 338552333
9228929 73202120
9228929 649159
9228929 2672008
9228929 104984970
9228929 384709735
9228929 338123189
9228929 291314714
9228929 41522989
9228929 378119329
9228929 81727117
9228929 274710273
9228929 229883857
9228929 301946137
9228929 487249862
9228929 14849998
9228929 391956550
9228929 108721292
9228929 278710660
9228929 81031358
9228929 432145591
9228929 157534117
9228929 488138544
9228929 288007595
9228929 35956860
9228929 347153713
9228929 243427800
9228929 267722802
9228929 281581787
9228929 425110497
9228929 226087188
9228929 383631764
9228929 126435224
9228929 65833207
9228929 235776745
9228929 405342442
9228929 178740581
9228929 63000423
9228929 287791558
9228929 204160621
9228929 347203729
9228929 251720046
9228929 111289204
9228929 1820208
9228929 211271221
9228929 252247446
9228929 315603730
9228929 452677106
9228929 168680314
9228929 252220838
9228929 415249163
9228929 493986456
9228929 261748084
9228929 434218167
9228929 380121187
9228929 101281900
9228929 340962513
9228929 290903279
9228929 49877661
9228929 381234422
9228929 455515912
9228929 317614558
9228929 219788838
9228929 322738792
9228929 79419794
9228929 6792773
9228929 9358397
9228929 294568382
9228929 75405735
9228929 237671306
9228929 68482230
9228929 191015293
9228929 409356543
9228929 199497267
9228929 470506518
9228929 464913592
9228929 469583972
9228929 353726271
9228929 452794326
9228929 269370097
9228929 233532683
9228929 90469734
9228929 377242873
9228929 5706245
9228929 26643370
9228929 223778073
9228929 17894782
9228929 318453307
9228929 427292254
9228929 46020060
9228929 301426133
9228929 56876269
9228929 314338419
9228929 37491468
9228929 379901909
9228929 170991807
9228929 370768892
9228929 175617243
9228929 320287168
9228929 211192573
9228929 470504339
9228929 59861619
9228929 228432590
9228929 7771202
9228929 337226042
9228929 89579853
9228929 64951105
9228929 314041661
9228929 34861456
9228929 424473727
9228929 78555912
9228929 112592998
9228929 112983293
9228929 220963732
9228929 92665350
9228929 244102391
9228929 48161191
9228929 391903745
9228929 17595294
9228929 18576847
9228929 26492362
9228929 444651398
9228929 64712337
9228929 248619220
9228929 8165650
9228929 66514868
9228929 142190088
9228929 146845321
9228929 81367034
9228929 236407781
9228929 239022466
9228929 230729236
9228929 179197351
9228929 408454893
9228929 151901535
9228929 8601242
9228929 220927744
9228929 69247008
9228929 477817311
9228929 114626106
9228929 61704025
9228929 192175386
9228929 175338033
9228929 395998559
9228929 213770640
9228929 350661595
9228929 90987805
9228929 130128227
9228929 189104302
9228929 282838737
9228929 221534
9228929 484613913
9228929 49887266
9228929 436878812
9228929 96755962
9228929 481239493
9228929 76314158
9228929 479328470
9228929 444180665
9228929 113646008
9228929 367987677
9228929 127840996
9228929 479011169
9228929 167334853
9228929 194991
9228929 453295206
9228929 333801438
9228929 295514278
9228929 168272537
9228929 239310594
9228929 216563596
9228929 25439607
9228929 13899155
9228929 315653122
9228929 274318364
9228929 254251582
9228929 332596125
9228929 473471718
9228929 227278780
9228929 205081801
9228929 471612070
9228929 175455239
9228929 475312901
9228929 393911404
9228929 256239137
9228929 70088695
9228929 203815249
9228929 52001557
9228929 435552554
9228929 268554606
9228929 369092685
9228929 40119800
9228929 228963837
9228929 56142224
9228929 377744229
9228929 342178643
9228929 479397294
9228929 392154074
9228929 193627335
9228929 400239311
9228929 55918672
9228929 107307856
9228929 354838372
9228929 494584862
9228929 277356148
9228929 44051660
9228929 345424347
9228929 337624832
9228929 359122406
9228929 184142963
9228929 47593637
9228929 406618574
9228929 240098934
9228929 157236251
9228929 182653808
9228929 114942546
9228929 302491622
9228929 176219422
9228929 207698067
9228929 251204465
9228929 459871136
9228929 281574291
9228929 458384293
9228929 404141998
9228929 378468698
9228929 43725146
9228929 25941825
9228929 416858828
9228929 394888754
9228929 409086226
9228929 240900609
9228929 296865155
9228929 485590118
9228929 64764111
9228929 479606255
9228929 46069364
9228929 120751384
9228929 273620761
9228929 323767863
9228929 178471642
9228929 352301049
9228929 260171276
9228929 195898455
9228929 229309422
9228929 436610000
9228929 243857898
9228929 28281459
9228929 287852481
9228929 257800479
9228929 261981134
9228929 49738105
9228929 367615345
9228929 57772668
9228929 260910880
9228929 23699467
9228929 72407046
9228929 21111237
9228929 150435327
9228929 79094662
9228929 22278908
9228929 449063767
9228929 412234457
9228929 253390981
9228929 44004636
9228929 460806255
9228929 148711614
9228929 271786979
9228929 126911632
9228929 415687427
9228929 354219931
9228929 211583683
9228929 77971446
9228929 341346671
9228929 476799097
9228929 59960341
9228929 266930589
9228929 456005871
9228929 213438773
9228929 172631191
9228929 60283129
9228929 321574167
9228929 372229997
9228929 329263080
9228929 432688272
9228929 236628644
9228929 270111633
9228929 309537285
9228929 297316328
9228929 29670530
9228929 19612035
9228929 477900554
9228929 366623555
9228929 251598395
9228929 383084888
9228929 445533680
9228929 2082928
9228929 273615004
9228929 73839180
9228929 105981602
9228929 343991181
9228929 163686724
9228929 237813746
9228929 405258173
9228929 77325551
9228929 197206919
9228929 191580911
9228929 139175138
9228929 41433646
9228929 116291533
9228929 72110917
9228929 245671915
9228929 445467617
9228929 171145182
9228929 322173118
9228929 447823755
9228929 279674492
9228929 75297177
9228929 214577975
9228929 40073095
9228929 495855508
9228929 199964093
9228929 343658865
9228929 230507318
9228929 376148210
9228929 288722653
9228929 263545961
9228929 138514546
9228929 12467602
9228929 106629905
9228929 258709708
9228929 152225205
9228929 406364368
9228929 337605810
9228929 114362157
9228929 438567299
9228929 272597057
9228929 114752117
9228929 426153584
9228929 443097558
9228929 105933469
9228929 167818739
9228929 160024834
9228929 163574530
9228929 411401940
9228929 468965655
9228929 300214912
9228929 298360626
9228929 213841683
9228929 59326243
9228929 117953829
9228929 100884299
9228929 287591728
9228929 438177977
9228929 378869969
9228929 255890913
9228929 39097352
9228929 178588803
9228929 283235174
9228929 349907769
9228929 251654787
9228929 195677033
9228929 409464747
9228929 258836401
9228929 18972406
9228929 395691763
9228929 434626364
9228929 386739433
9228929 161290861
9228929 317236835
9228929 197350844
9228929 229018558
9228929 424804980
9228929 303848595
9228929 44753898
9228929 247618390
9228929 401074484
9228929 312040704
9228929 99880471
9228929 358122343
9228929 397785320
9228929 375744941
9228929 394584593
9228929 18631468
9228929 318841360
9228929 219056386
9228929 300089227
9228929 138922373
9228929 175799005
9228929 37311897
9228929 422655414
9228929 310254010
9228929 40557355
9228929 362277126
9228929 488105601
9228929 411037484
9228929 259800984
9228929 146412694
9228929 162905814
9228929 208448466
9228929 436527601
9228929 414003539
9228929 158998936
9228929 175215178
9228929 67412497
9228929 174897032
9228929 345492685
9228929 254731004
9228929 309796531
9228929 73426866
9228929 298269123
9228929 491158839
9228929 384838301
9228929 272209929
9228929 187019998
9228929 191518230
9228929 411380145
9228929 312421808
9228929 135455204
9228929 176870016
9228929 319615352
9228929 207833105
9228929 465360574
9228929 426192304
9228929 466001331
9228929 39152300
9228929 289850427
9228929 95827197
9228929 436024260
9228929 423078064
9228929 165142669
9228929 212396541
9228929 272770432
9228929 468095797
9228929 472756539
9228929 22569567
9228929 108136930
9228929 31413755
9228929 214228419
9228929 410148815
9228929 420267740
9228929 114703731
9228929 325507594
9228929 492192619
9228929 167469123
9228929 193864545
9228929 456718559
9228929 48112720
9228929 22051843
9228929 18293357
9228929 321884400
9228929 499854980
9228929 344659298
9228929 451894701
9228929 446370422
9228929 240841783
9228929 115375014
9228929 72070612
9228929 60102868
9228929 240077162
9228929 302170801
9228929 146129036
9228929 162666940
9228929 98709185
9228929 360579788
9228929 288891657
9228929 159179067
9228929 277320937
9228929 32683027
9228929 6634568
9228929 199721744
9228929 45675622
9228929 361942680
9228929 323190276
9228929 305361372
9228929 104311853
9228929 166014629
9228929 455440279
9228929 29593027
9228929 441531921
9228929 498716881
9228929 353963993
9228929 424785897
9228929 337498240
9228929 182113654
9228929 62442062
9228929 200160516
9228929 205820248
9228929 480787400
9228929 122653903
9228929 320998483
9228929 160299857
9228929 223006711
9228929 319233572
9228929 179530226
9228929 26475985
9228929 259062168
9228929 122321065
9228929 4264723
9228929 491749278
9228929 411898321
9228929 204708590
9228929 273243077
9228929 379420107
9228929 188056340
9228929 45378784
9228929 321133874
9228929 2003993
9228929 3589012
9228929 41531877
9228929 175227499
9228929 450078680
9228929 359981089
9228929 294573661
9228929 353402938
9228929 107071837
9228929 347541162
9228929 256222644
9228929 267184417
9228929 19725199
9228929 270846250
9228929 346112414
9228929 414042399
9228929 413683199
9228929 112568645
9228929 258593777
9228929 232537705
9228929 228150278
9228929 223287074
9228929 442667577
9228929 379483573
9228929 441471759
9228929 318029577
9228929 233408654
9228929 329800516
9228929 123978061
9228929 449747908
9228929 31931315
9228929 178848813
9228929 33478543
9228929 30854700
9228929 368848945
9228929 111598101
9228929 478441806
9228929 430697592
9228929 192739872
9228929 13790029
9228929 180471041
9228929 33135036
9228929 2428151
9228929 69309164
9228929 204647488
9228929 494881284
9228929 79981012
9228929 388554044
9228929 473109310
9228929 456704318
9228929 393409478
9228929 481827520
9228929 392994460
9228929 110944598
9228929 276472384
9228929 26878821
9228929 495861059
9228929 296628502
9228929 196227482
9228929 416283372
9228929 242156483
9228929 66223786
9228929 169495961
9228929 384259848
9228929 101645889
9228929 10561259
9228929 160432329
9228929 123051897
9228929 368167669
9228929 225718934
9228929 222350642
9228929 313985382
9228929 499757660
9228929 1440516
9228929 78581449
9228929 5250560
9228929 359420726
9228929 249492797
9228929 358240969
9228929 398877338
9228929 497691639
9228929 311213815
9228929 395794950
9228929 329783551
9228929 194278099
9228929 200766032
9228929 233533576
9228929 312703662
9228929 469778785
9228929 335062127
9228929 290068855
9228929 69818509
9228929 327627738
9228929 319501575
9228929 262524368
9228929 109806608
9228929 405015664
9228929 40753144
9228929 198611833
9228929 17803317
9228929 497763390
9228929 208603944
9228929 426339696
9228929 224266142
9228929 260983303
9228929 481560951
9228929 299530639
9228929 67012757
9228929 142978660
9228929 191317692
9228929 367948432
9228929 298279211
9228929 427266
9228929 18403531
9228929 79425497
9228929 164204492
9228929 480859084
9228929 186258512
9228929 91666382
9228929 279583953
9228929 491511923
9228929 17764535
9228929 319244402
9228929 278809725
9228929 391178845
9228929 183705280
9228929 182796412
9228929 371192619
9228929 257655650
9228929 162285565
9228929 227732555
9228929 119064738
9228929 346273072
9228929 123897264
9228929 318675318
9228929 269348676
9228929 240490917
9228929 100844604
9228929 460198817
9228929 189633377
9228929 247229384
9228929 366694533
9228929 193239913
9228929 14390964
9228929 346789034
9228929 140996774
9228929 155475419
9228929 299074871
9228929 301098501
9228929 446939574
9228929 217181197
9228929 138322469
9228929 282123444
9228929 213146664
9228929 340583756
9228929 192371235
9228929 499303032
9228929 246046730
9228929 241019051
9228929 43948146
9228929 422965870
9228929 317863367
9228929 126389602
9228929 17924969
9228929 346168868
9228929 194544140
9228929 410916204
9228929 489147247
9228929 146938392
9228929 115812844
9228929 368010971
9228929 498028160
9228929 477264398
9228929 68648363
9228929 69454428
9228929 476527717
9228929 117339338
9228929 324434380
9228929 495630287
9228929 128481118
9228929 177191818
9228929 428320302
9228929 331402572
9228929 32162677
9228929 493243430
9228929 308134191
9228929 166608260
9228929 81819556
9228929 32660081
9228929 341563784
9228929 246963539
9228929 362480420
9228929 235813974
9228929 269112946
9228929 491752969
9228929 299793917
9228929 147080553
9228929 346908651
9228929 216621007
9228929 125262664
9228929 260122245
9228929 153932744
9228929 121822715
9228929 176594727
9228929 200624857
9228929 459318730
9228929 358556313
9228929 219656544
9228929 338144733
9228929 311297383
9228929 327637310
9228929 474751241
9228929 457966277
9228929 400091213
9228929 446618814
9228929 421149886
9228929 466650512
9228929 252311494
9228929 234658475
9228929 165082848
9228929 8738322
9228929 55512799
9228929 144490994
9228929 295201528
9228929 174893527
9228929 42466483
9228929 91733921
9228929 103612233
9228929 180603276
9228929 100942843
9228929 237946070
9228929 437105265
9228929 243702332
9228929 71149835
9228929 443952600
9228929 444167312
9228929 200970350
9228929 477873470
9228929 318353202
9228929 90583927
9228929 13125325
9228929 6636679
9228929 147862538
9228929 70893396
9228929 80111682
9228929 120259647
9228929 355655643
9228929 388424740
9228929 360848340
9228929 495405326
9228929 172973715
9228929 270693848
9228929 273316013
9228929 379326997
9228929 456378815
9228929 497852473
9228929 377817931
9228929 158747480
9228929 62991643
9228929 28998894
9228929 435921984
9228929 32578868
9228929 258264788
9228929 168510979
9228929 278667309
9228929 118347977
9228929 260240965
9228929 162100450
9228929 225543347
9228929 248083921
9228929 315289492
9228929 414528890
9228929 83688019
9228929 312168248
9228929 265688151
9228929 412876387
9228929 413924979
9228929 133328913
9228929 331916620
9228929 243970064
9228929 488791350
9228929 162305603
9228929 325457887
9228929 353147708
9228929 163186905
9228929 380998412
9228929 167337212
9228929 441082519
9228929 459165250
9228929 159439927
9228929 60366357
9228929 369873932
9228929 460413852
9228929 485362978
9228929 236910774
9228929 473344508
9228929 202570998
9228929 318491766
9228929 317998944
9228929 420137782
9228929 187626632
9228929 413994768
9228929 55761864
9228929 104510654
9228929 493050112
9228929 210425764
9228929 246774358
9228929 210318487
9228929 281960357
9228929 134830335
9228929 30108697
9228929 213086677
9228929 353679273
9228929 137282747
9228929 297236198
9228929 323172911
9228929 456610777
9228929 286884644
9228929 182555244
9228929 349275816
9228929 197457664
9228929 5207777
9228929 30869228
9228929 95800920
9228929 340913550
9228929 238601155
9228929 309036012
9228929 275779821
9228929 161696174
9228929 388987289
9228929 223265492
9228929 264788605
9228929 238610997
9228929 332617358
9228929 391702302
9228929 338818118
9228929 287754245
9228929 308247601
9228929 362788251
9228929 235517776
9228929 160850652
9228929 499193259
9228929 45572132
9228929 275091116
9228929 479624898
9228929 418018020
9228929 283483173
9228929 116678204
9228929 480406460
9228929 422168957
9228929 143024028
9228929 497473201
9228929 111293446
9228929 94175437
9228929 139603020
9228929 29968098
9228929 417732458
9228929 222269698
9228929 148466096
9228929 494501477
9228929 194535081
9228929 20411597
9228929 155234365
9228929 375439662
9228929 144143677
9228929 421368361
9228929 285540618
9228929 201214462
9228929 451570723
9228929 440823470
9228929 83466763
9228929 443762683
9228929 33521514
9228929 411611446
9228929 228791220
9228929 221709571
9228929 402158257
9228929 248461046
9228929 467974696
9228929 330868506
9228929 140948595
9228929 419993893
9228929 415937589
9228929 180085586
9228929 155410237
9228929 316745767
9228929 202012504
9228929 295283602
9228929 247417241
9228929 180428760
9228929 35894200
9228929 366467303
9228929 288548158
9228929 84219727
9228929 103921234
9228929 433698147
9228929 390849501
9228929 135958959
9228929 167648663
9228929 471087928
9228929 264566650
9228929 287449056
9228929 322562634
9228929 186796597
9228929 347681814
9228929 263190785
9228929 446564182
9228929 310128362
9228929 427441486
9228929 127375615
9228929 483084664
9228929 445479150
9228929 313100058
9228929 15244788
9228929 139043234
9228929 342322084
9228929 47605401
9228929 105227405
9228929 166423593
9228929 147532612
9228929 268659622
9228929 424055510
9228929 359725540
9228929 310479451
9228929 256378008
9228929 132102403
9228929 189555384
9228929 436623369
9228929 151395999
9228929 10277935
9228929 367130034
9228929 325550842
9228929 94949895
9228929 443716132
9228929 97572330
9228929 137512413
9228929 341162406
9228929 347197303
9228929 162691626
9228929 330280293
9228929 297187232
9228929 198851052
9228929 202960045
9228929 202329764
9228929 364303075
9228929 78476000
9228929 423180220
9228929 306901443
9228929 242222345
9228929 127019479
9228929 55202127
9228929 434854513
9228929 494774834
9228929 302556142
9228929 235243224
9228929 141322533
9228929 364843755
9228929 129527626
9228929 314790827
9228929 47904409
9228929 101757475
9228929 222042406
9228929 434074887
9228929 130693263
9228929 466306382
9228929 65187436
9228929 350999707
9228929 53197348
9228929 270548317
9228929 355230119
9228929 399653094
9228929 77702744
9228929 35640260
9228929 273881229
9228929 413990445
9228929 230661786
9228929 257991035
9228929 374325707
9228929 494334040
9228929 449051448
9228929 98735123
9228929 74273842
9228929 18654376
9228929 67339656
9228929 223913069
9228929 154285084
9228929 189912669
9228929 89673654
9228929 23985540
9228929 178693093
9228929 196270286
9228929 402491784
9228929 453426085
9228929 59018927
9228929 440973677
9228929 158291290
9228929 311708818
9228929 73350544
9228929 53287951
9228929 458278778
9228929 83427423
9228929 3521302
9228929 426249663
9228929 257782097
9228929 27036422
9228929 43514851
9228929 54806843
9228929 334418104
9228929 333235515
9228929 310464361
9228929 461640029
9228929 172479820
9228929 309990560
9228929 451163841
9228929 454955813
9228929 266470870
9228929 469556502
9228929 195644049
9228929 474551846
9228929 181741645
9228929 263230830
9228929 78557062
9228929 179964747
9228929 412852221
9228929 447911770
9228929 44874104
9228929 248903763
9228929 145441611
9228929 485414972
9228929 116206975
9228929 482246921
9228929 8367074
9228929 405201105
9228929 99705343
9228929 472569962
9228929 322672944
9228929 70692630
9228929 295174249
9228929 471449776
9228929 57518594
9228929 331931431
9228929 353157602
9228929 140709246
9228929 192156216
9228929 499253664
9228929 73033246
9228929 30534435
9228929 378830993
9228929 277605657
9228929 202165755
9228929 414595259
9228929 434775993
9228929 405051190
9228929 207126522
9228929 88907192
9228929 142104560
9228929 196145148
9228929 380195972
9228929 122437532
9228929 343636448
9228929 258819578
9228929 86594203
9228929 414783338
9228929 382969175
9228929 68267594
9228929 21072191
9228929 87240497
9228929 481671371
9228929 166559907
9228929 444987635
9228929 422165058
9228929 164683356
9228929 289329165
9228929 211603221
9228929 276384144
9228929 323158637
9228929 205147718
9228929 4577902
9228929 194982284
9228929 378156715
9228929 434373670
9228929 376841505
9228929 152588517
9228929 177147888
9228929 464306645
9228929 159666854
9228929 373291979
9228929 495455001
9228929 265687835
9228929 420349048
9228929 363907180
9228929 465114115
9228929 112468531
9228929 402503876
9228929 196938583
9228929 30499938
9228929 300523320
9228929 16136918
9228929 348802570
9228929 278901634
9228929 80528412
9228929 240447194
9228929 178157548
9228929 332719320
9228929 305028235
9228929 329543881
9228929 320327965
9228929 361338815
9228929 306262714
9228929 402097913
9228929 481070607
9228929 339009985
9228929 21102595
9228929 441044338
9228929 91752049
9228929 254823238
9228929 64004729
9228929 242501256
9228929 138856427
9228929 403002176
9228929 324618019
9228929 60776906
9228929 489820419
9228929 287645318
9228929 350475301
9228929 453552718
9228929 83438827
9228929 431811929
9228929 407034909
9228929 94698631
9228929 258327443
9228929 109824192
9228929 417463123
9228929 280587709
9228929 488294788
9228929 79229530
9228929 400336442
9228929 265541393
9228929 152058709
9228929 382289134
9228929 462006876
9228929 430061840
9228929 437239880
9228929 171969956
9228929 168722487
9228929 492374844
9228929 7648828
9228929 310805768
9228929 15880361
9228929 398166278
9228929 71196544
9228929 76769316
9228929 449134471
9228929 131620565
9228929 50743845
9228929 269510353
9228929 360878082
9228929 120291127
9228929 371861682
9228929 472818732
9228929 154778938
9228929 367938345
9228929 58082463
9228929 210410590
9228929 445823395
9228929 326769156
9228929 431889386
9228929 273888399
9228929 210520202
9228929 263514636
9228929 209678217
9228929 181119032
9228929 477865496
9228929 87320950
9228929 283723317
9228929 37075116
9228929 95704080
9228929 155817543
9228929 100745566
9228929 209124757
9228929 325257979
9228929 233672361
9228929 239149269
9228929 351900207
9228929 7039695
9228929 461066886
9228929 231643211
9228929 231904683
9228929 183824181
9228929 275490814
9228929 431788324
9228929 302009912
9228929 347140598
9228929 92054857
9228929 473887448
9228929 367252089
9228929 15180904
9228929 19453211
9228929 445772132
9228929 333012529
9228929 28021370
9228929 67862100
9228929 263560689
9228929 8063923
9228929 97588946
9228929 470807056
9228929 273068224
9228929 218712743
9228929 157777224
9228929 125767831
9228929 478745522
9228929 332472737
9228929 380519541
9228929 349696837
9228929 147521811
9228929 121470943
9228929 44514365
9228929 391934067
9228929 441454111
9228929 224210280
9228929 491712356
9228929 102963505
9228929 366722702
9228929 77203500
9228929 67312476
9228929 60568588
9228929 307483908
9228929 332310266
9228929 176233482
9228929 499965760
9228929 312397684
9228929 386665441
9228929 324341898
9228929 72849230
9228929 144521917
9228929 436582686
9228929 119099066
9228929 199002143
9228929 299616155
9228929 286465520
9228929 423325214
9228929 394986653
9228929 61792155
9228929 38917482
9228929 101691952
9228929 6893109
9228929 468077729
9228929 391700991
9228929 489088124
9228929 32220469
9228929 326963021
9228929 64443610
9228929 462118974
9228929 497806564
9228929 470581845
9228929 332115685
9228929 396494610
9228929 299220851
9228929 414456401
9228929 380135226
9228929 491705350
9228929 153764412
9228929 461948782
9228929 110764333
9228929 408631955
9228929 348478999
9228929 330345342
9228929 120012973
9228929 268091965
9228929 466511259
9228929 239351631
9228929 174050593
9228929 258513345
9228929 126875147
9228929 253623598
9228929 424916019
9228929 301217120
9228929 344535694
9228929 322237434
9228929 390903902
9228929 62706030
9228929 1682182
9228929 279601845
9228929 267141977
9228929 346668091
9228929 354130325
9228929 139722016
9228929 405540151
9228929 226999366
9228929 278959952
9228929 462420329
9228929 339113893
9228929 467379123
9228929 2990455
9228929 120202378
9228929 406166584
9228929 160874450
9228929 68321043
9228929 267166435
9228929 246598160
9228929 39962358
9228929 487723132
9228929 295028205
9228929 404694592
9228929 109048607
9228929 235939210
9228929 150912872
9228929 111597245
9228929 189301734
9228929 110424070
9228929 195147381
9228929 155020006
9228929 99864818
9228929 332057178
9228929 55364536
9228929 464234456
9228929 181110540
9228929 326842899
9228929 270107792
9228929 80784856
9228929 275138234
9228929 16788055
9228929 257709839
9228929 104273265
9228929 169316114
9228929 458335373
9228929 261706588
9228929 399931912
9228929 252531285
9228929 236065254
9228929 445511457
9228929 438542931
9228929 455417835
9228929 44922693
9228929 177263677
9228929 212758258
9228929 447556665
9228929 365801396
9228929 252514644
9228929 10603695
9228929 335027289
9228929 363395403
9228929 417373720
9228929 347249763
9228929 58602393
9228929 331352719
9228929 497104695
9228929 152111922
9228929 91418303
9228929 65887147
9228929 254890902
9228929 254767058
9228929 437738574
9228929 395789813
9228929 330640064
9228929 14075176
9228929 385836059
9228929 42358357
9228929 231218758
9228929 404902767
9228929 53169941
9228929 194077735
9228929 186392647
9228929 468648676
9228929 152988126
9228929 275560199
9228929 383927291
9228929 104095156
9228929 191659166
9228929 443593792
9228929 31289142
9228929 213504271
9228929 443657845
9228929 375273514
9228929 448169904
9228929 468444586
9228929 348279467
9228929 139688264
9228929 411528431
9228929 477806773
9228929 348305516
9228929 77967304
9228929 227717391
9228929 207802853
9228929 327423617
9228929 411087642
9228929 345577520
9228929 416527973
9228929 498837756
9228929 328091150
9228929 447593382
9228929 415066098
9228929 400312069
9228929 343010450
9228929 341953178
9228929 17278088
9228929 282656363
9228929 46717789
9228929 219276140
9228929 244616877
9228929 292231967
9228929 340690518
9228929 345987706
9228929 306065806
9228929 113119286
9228929 309273042
9228929 146439877
9228929 403643232
9228929 75630228
9228929 442927134
9228929 129266404
9228929 451464542
9228929 435294318
9228929 423370985
9228929 490957885
9228929 402279080
9228929 221021370
9228929 369890487
9228929 311925771
9228929 386776968
9228929 221607242
9228929 66005021
9228929 159876837
9228929 406166286
9228929 394645131
9228929 310095245
9228929 2169732
9228929 319028349
9228929 210516910
9228929 402392496
9228929 306086707
9228929 236590226
9228929 185949157
9228929 313331888
9228929 390259643
9228929 88107477
9228929 380433755
9228929 447921982
9228929 278331251
9228929 379466357
9228929 410670468
9228929 57091992
9228929 301832524
9228929 100948095
9228929 202716756
9228929 219290146
9228929 100536070
9228929 40394919
9228929 307000298
9228929 127126771
9228929 256165681
9228929 174624017
9228929 91743864
9228929 87318439
9228929 391525730
9228929 201889043
9228929 356993370
9228929 207850524
9228929 458233523
9228929 64339531
9228929 363287562
9228929 478754841
9228929 409889418
9228929 377259997
9228929 471912042
9228929 46589236
9228929 359350325
9228929 78526151
9228929 377246360
9228929 200605608
9228929 404455290
9228929 423463427
9228929 84862291
9228929 241675386
9228929 490998534
9228929 296353770
9228929 477571469
9228929 55207084
9228929 312505839
9228929 286115068
9228929 412695200
9228929 459576805
9228929 175805547
9228929 44905636
9228929 46136208
9228929 175384651
9228929 185266316
9228929 102400658
9228929 420033385
9228929 245628795
9228929 271142005
9228929 464079067
9228929 42485618
9228929 196390632
9228929 437202630
9228929 26771217
9228929 454195707
9228929 114330569
9228929 52613395
9228929 312047783
9228929 436726554
9228929 347649010
9228929 161169904
9228929 238441864
9228929 241934212
9228929 381790930
9228929 482524176
9228929 330771493
9228929 69827626
9228929 165676856
9228929 330838028
9228929 282057615
9228929 282948397
9228929 67606740
9228929 105851155
9228929 303134424
9228929 43415354
9228929 112799174
9228929 76763015
9228929 117046282
9228929 211877499
9228929 343548385
9228929 343357706
9228929 406839001
9228929 182053329
9228929 101814181
9228929 176551576
9228929 145993010
9228929 315478725
9228929 52961945
9228929 47408540
9228929 185824179
9228929 194254462
9228929 470212214
9228929 456344320
9228929 210963252
9228929 26862857
9228929 376840970
9228929 352573676
9228929 201943501
9228929 151348005
9228929 433601582
9228929 172881278
9228929 162525688
9228929 140036634
9228929 40312596
9228929 325676129
9228929 21167837
9228929 317833601
9228929 255153045
9228929 382917565
9228929 344827514
9228929 313279035
9228929 291575166
9228929 242774043
9228929 333358390
9228929 491042705
9228929 242379908
9228929 285386538
9228929 430098474
9228929 498585386
9228929 424064544
9228929 207664994
9228929 361798809
9228929 128374380
9228929 443636984
9228929 445655185
9228929 352287381
9228929 418397392
9228929 422907646
9228929 393931392
9228929 102618440
9228929 194833057
9228929 14019054
9228929 372114651
9228929 315998092
9228929 194211843
9228929 192291345
9228929 163028065
9228929 483786206
9228929 186478165
9228929 134199181
9228929 360597196
9228929 1343261
9228929 33858094
9228929 105146145
9228929 483032282
9228929 236563017
9228929 172469206
9228929 465955838
9228929 495495352
9228929 44569288
9228929 217401165
9228929 116332973
9228929 392449213
9228929 180690202
9228929 367607039
9228929 307655418
9228929 111754272
9228929 239891598
9228929 24647808
9228929 432520194
9228929 473631100
9228929 34543362
9228929 151858019
9228929 352552869
9228929 112136750
9228929 65836913
9228929 101430279
9228929 84328903
9228929 250001863
9228929 285468661
9228929 374769334
9228929 479012557
9228929 247875358
9228929 63710431
9228929 100626238
9228929 382937563
9228929 216225068
9228929 84444705
9228929 202388434
9228929 464360183
9228929 470885315
9228929 34576928
9228929 125291354
9228929 472027626
9228929 87759011
9228929 425201862
9228929 393982302
9228929 324981929
9228929 437556458
9228929 396698812
9228929 375965027
9228929 41810767
9228929 137412234
9228929 243984204
9228929 259750272
9228929 354396992
9228929 363125386
9228929 83807786
9228929 110783464
9228929 131954067
9228929 272723854
9228929 338340640
9228929 185395080
9228929 57279672
9228929 416066208
9228929 373087906
9228929 387449178
9228929 498060275
9228929 78449547
9228929 131517147
9228929 420447777
9228929 264202806
9228929 19513982
9228929 345399611
9228929 55370281
9228929 175091960
9228929 269299081
9228929 405963811
9228929 101000605
9228929 65019517
9228929 132930003
9228929 321037907
9228929 441988528
9228929 281185897
9228929 452633026
9228929 70557198
9228929 298148417
9228929 415371321
9228929 37227284
9228929 128934642
9228929 53854659
9228929 84068898
9228929 63508435
9228929 401003770
9228929 422975915
9228929 483676756
9228929 481482494
9228929 467698490
9228929 74193757
9228929 188662886
9228929 247762028
9228929 203791905
9228929 492127414
9228929 420814627
9228929 186657621
9228929 239162073
9228929 220489817
9228929 160644856
9228929 165919072
9228929 221010101
9228929 360581580
9228929 433954428
9228929 332820866
9228929 53981253
9228929 348151787
9228929 353278346
9228929 175358416
9228929 250875922
9228929 21693260
9228929 77681198
9228929 150477592
9228929 132457814
9228929 35810059
9228929 134366719
9228929 109297555
9228929 272266108
9228929 95786732
9228929 112177692
9228929 219734565
9228929 283129362
9228929 412459922
9228929 199265235
9228929 3728495
9228929 327779049
9228929 11972676
9228929 158753900
9228929 120614370
9228929 240228219
9228929 138518157
9228929 259142897
9228929 206175365
9228929 100446066
9228929 26011124
9228929 211509934
9228929 131104945
9228929 474730273
9228929 116225463
9228929 13811443
9228929 254868301
9228929 177399815
9228929 480107004
9228929 22409069
9228929 126267220
9228929 376102620
9228929 485620664
9228929 271157388
9228929 23753153
9228929 258733249
9228929 374056168
9228929 118279346
9228929 211783631
9228929 184466931
9228929 445147117
9228929 252344427
9228929 136818627
9228929 297352432
9228929 380268693
9228929 451851617
9228929 73561959
9228929 203095714
9228929 307220518
9228929 247278901
9228929 147111532
9228929 285034617
9228929 275912137
9228929 249450394
9228929 197492011
9228929 232246550
9228929 92687543
9228929 307723656
9228929 43554496
9228929 103585413
9228929 223197889
9228929 431294415
9228929 274781809
9228929 202918306
9228929 116533012
9228929 266381312
9228929 452842519
9228929 306132531
9228929 191117192
9228929 27579796
9228929 209187721
9228929 240131929
9228929 482350252
9228929 349921649
9228929 163144481
9228929 146168922
9228929 464866072
9228929 294076712
9228929 408459641
9228929 304866016
9228929 400227684
9228929 237041723
9228929 421457330
9228929 199960478
9228929 410144560
9228929 477853835
9228929 337006578
9228929 221291670
9228929 167997925
9228929 494090897
9228929 223897573
9228929 217714466
9228929 495796166
9228929 22938860
9228929 278948829
9228929 176750409
9228929 109877284
9228929 185600437
9228929 493007346
9228929 315032609
9228929 425803418
9228929 333380321
9228929 254348281
9228929 297695738
9228929 39582493
9228929 377578742
9228929 370542874
9228929 97745262
9228929 69066615
9228929 374497405
9228929 91538371
9228929 93977010
9228929 336054128
9228929 345998113
9228929 406242081
9228929 32418091
9228929 447918630
9228929 363969374
9228929 380627919
9228929 443996655
9228929 153044368
9228929 95644083
9228929 422494286
9228929 271196913
9228929 68486354
9228929 285287873
9228929 74592010
9228929 165337108
9228929 373460059
9228929 240096392
9228929 44567403
9228929 470683430
9228929 467948633
9228929 283064878
9228929 201813319
9228929 333982906
9228929 160752395
9228929 38801526
9228929 262426411
9228929 73430045
9228929 454333547
9228929 49313941
9228929 264058109
9228929 308827702
9228929 413860793
9228929 390965523
9228929 192793306
9228929 199657301
9228929 397614746
9228929 422477012
9228929 49663900
9228929 45054455
9228929 125388946
9228929 70446801
9228929 1268025
9228929 139558849
9228929 309402113
9228929 424516175
9228929 487236875
9228929 135464310
9228929 176701527
9228929 406619061
9228929 108103848
9228929 88559941
9228929 23019276
9228929 111803722
9228929 99385608
9228929 148297754
9228929 97633040
9228929 227031049
9228929 3987910
9228929 470597913
9228929 242617920
9228929 418313192
9228929 473429918
9228929 403048385
9228929 51134200
9228929 296057224
9228929 382349466
9228929 454572292
9228929 342147138
9228929 21689433
9228929 48905111
9228929 295738294
9228929 125369647
9228929 85557479
9228929 450980686
9228929 64408608
9228929 359991299
9228929 201648619
9228929 307996032
9228929 443442588
9228929 462316016
9228929 122839027
9228929 416859475
9228929 52791015
9228929 389662886
9228929 458696531
9228929 358109992
9228929 446734991
9228929 155239857
9228929 82589270
9228929 208128751
9228929 58639390
9228929 211964718
9228929 296573758
9228929 85423706
9228929 190513830
9228929 295952370
9228929 328300386
9228929 397101128
9228929 294169041
9228929 172234355
9228929 432797533
9228929 416566050
9228929 16644185
9228929 285275681
9228929 179087346
9228929 142143669
9228929 382074897
9228929 37082843
9228929 378881383
9228929 47201718
9228929 35125074
9228929 15592088
9228929 483271939
9228929 176902207
9228929 342794896
9228929 287288284
9228929 352392678
9228929 57142706
9228929 237536511
9228929 313880429
9228929 252560544
9228929 246648712
9228929 168292434
9228929 241821310
9228929 81891507
9228929 226206867
9228929 404205967
9228929 119153224
9228929 149404072
9228929 138471901
9228929 109668776
9228929 57631041
9228929 309225594
9228929 466068610
9228929 422323195
9228929 12089869
9228929 196137505
9228929 453046328
9228929 246177703
9228929 469019851
9228929 29182828
9228929 277068643
9228929 293016529
9228929 101880177
9228929 318388939
9228929 85948872
9228929 2648143
9228929 258429502
9228929 194840849
9228929 456791836
9228929 445836754
9228929 227950925
9228929 278285685
9228929 381430658
9228929 483887011
9228929 476130879
9228929 263256179
9228929 177308919
9228929 114368564
9228929 332259918
9228929 209148987
9228929 261587154
9228929 373947319
9228929 19469193
9228929 195093150
9228929 14480532
9228929 279222803
9228929 285389865
9228929 70190340
9228929 226571383
9228929 355265269
9228929 320959671
9228929 226161928
9228929 497458389
9228929 384643286
9228929 137166133
9228929 301522705
9228929 156329112
9228929 499523517
9228929 10200069
9228929 148533501
9228929 325614378
9228929 125638265
9228929 437164610
9228929 63184109
9228929 140244622
9228929 363785844
9228929 155992320
9228929 96431636
9228929 365058218
9228929 141061219
9228929 22172043
9228929 130403023
9228929 80068543
9228929 139000549
9228929 462787453
9228929 348602235
9228929 449761166
9228929 126226900
9228929 371178808
9228929 450604389
9228929 140770303
9228929 422270467
9228929 51953970
9228929 318652929
9228929 300142135
9228929 128871422
9228929 375915142
9228929 286481871
9228929 344501586
9228929 208737788
9228929 334428178
9228929 177066571
9228929 309678312
9228929 232789836
9228929 368240235
9228929 488663707
9228929 44242411
9228929 37023828
9228929 309688548
9228929 455695328
9228929 164400287
9228929 428809010
9228929 57243153
9228929 14187221
9228929 30583287
9228929 125650289
9228929 113709215
9228929 81815468
9228929 64218648
9228929 209750973
9228929 194999667
9228929 179081709
9228929 241549990
9228929 279831055
9228929 136534222
9228929 3683682
9228929 461535818
9228929 35624910
9228929 117645877
9228929 486053019
9228929 422386985
9228929 245964242
9228929 46894394
9228929 315053144
9228929 164703763
9228929 137834165
9228929 187988768
9228929 434179671
9228929 194579727
9228929 497588257
9228929 469424147
9228929 346437569
9228929 413625402
9228929 102215586
9228929 329619913
9228929 378361511
9228929 295901555
9228929 17996292
9228929 496457514
9228929 275689741
9228929 139676487
9228929 476574340
9228929 136932677
9228929 12362107
9228929 257314248
9228929 180872989
9228929 106987354
9228929 110348446
9228929 361144692
9228929 344740917
9228929 124284113
9228929 262127488
9228929 343479488
9228929 279566552
9228929 109938631
9228929 132982547
9228929 107351058
9228929 46952017
9228929 114926119
9228929 118329856
9228929 50961083
9228929 60244495
9228929 103764064
9228929 228725005
9228929 268376550
9228929 227030694
9228929 322865708
9228929 135694145
9228929 369905252
9228929 283971020
9228929 239081552
9228929 200285812
9228929 364716481
9228929 493798217
9228929 394557115
9228929 295288508
9228929 442053223
9228929 288587013
9228929 486659403
9228929 353985302
9228929 64793569
9228929 255977278
9228929 11832369
9228929 5292107
9228929 495724741
9228929 127848633
9228929 77656618
9228929 67313052
9228929 208833743
9228929 491663453
9228929 328244174
9228929 138840764
9228929 41005293
9228929 492079358
9228929 75499969
9228929 237263566
9228929 244384897
9228929 15797898
9228929 212544420
9228929 448847235
9228929 379939687
9228929 35701359
9228929 48593124
9228929 211465820
9228929 69962082
9228929 420658672
9228929 108190523
9228929 69745220
9228929 376152121
9228929 361657009
9228929 174769931
9228929 50207190
9228929 193303857
9228929 323877341
9228929 299319401
9228929 420190301
9228929 332215084
9228929 410822696
9228929 111467857
9228929 129177145
9228929 107445676
9228929 267271398
9228929 449579576
9228929 228348059
9228929 51828484
9228929 250986353
9228929 432333800
9228929 326178623
9228929 366094996
9228929 278025521
9228929 107817418
9228929 338445573
9228929 465611941
9228929 487955586
9228929 120686341
9228929 353371072
9228929 266866641
9228929 430407261
9228929 464925711
9228929 455824785
9228929 196420243
9228929 370805981
9228929 172956527
9228929 225622205
9228929 171287601
9228929 337009665
9228929 16643093
9228929 380351449
9228929 90146834
9228929 7311496
9228929 29513068
9228929 385989094
9228929 245385154
9228929 487033027
9228929 171705364
9228929 328903705
9228929 474494340
9228929 204270175
9228929 495875673
9228929 187942422
9228929 48101191
9228929 277093366
9228929 412181652
9228929 136841247
9228929 463695428
9228929 234567788
9228929 444410073
9228929 198441094
9228929 184706806
9228929 182878731
9228929 480004490
9228929 434399678
9228929 66812523
9228929 310231592
9228929 121142135
9228929 340443129
9228929 384800214
9228929 366184432
9228929 467643738
9228929 410976832
9228929 411752689
9228929 317515265
9228929 332755033
9228929 479084822
9228929 131800004
9228929 291401654
9228929 3763653
9228929 106308790
9228929 259255428
9228929 362944362
9228929 404049833
9228929 206964122
9228929 485082645
9228929 179156008
9228929 152319175
9228929 446207730
9228929 409288233
9228929 473388029
9228929 194677227
9228929 83484596
9228929 41722454
9228929 230246939
9228929 401019261
9228929 129207735
9228929 470337497
9228929 173761604
9228929 89094003
9228929 37440957
9228929 465249397
9228929 214558506
9228929 408760981
9228929 373285807
9228929 298133973
9228929 176379918
9228929 72752086
9228929 167064466
9228929 43285285
9228929 463948510
9228929 247542309
9228929 189293110
9228929 181901088
9228929 202064231
9228929 159673078
9228929 248104041
9228929 349694202
9228929 192757501
9228929 476238831
9228929 176685078
9228929 179360322
9228929 60673850
9228929 110918888
9228929 12557105
9228929 111995515
9228929 122747560
9228929 164863763
9228929 289966315
9228929 409218099
9228929 70406976
9228929 362125840
9228929 180832479
9228929 372992985
9228929 222179578
9228929 232675824
9228929 283177736
9228929 322629365
9228929 180950896
9228929 192825572
9228929 434470725
9228929 236777882
9228929 197511472
9228929 484368728
9228929 108864492
9228929 330920038
9228929 244472114
9228929 77998050
9228929 173529870
9228929 335294659
9228929 316218331
9228929 78229186
9228929 346003169
9228929 109278210
9228929 389176924
9228929 263230546
9228929 23466225
9228929 453446866
9228929 412042326
9228929 153775365
9228929 389080020
9228929 170336038
9228929 472003428
9228929 64458422
9228929 218802081
9228929 36888710
9228929 286239327
9228929 312366997
9228929 213670218
9228929 57294116
9228929 293895698
9228929 337345891
9228929 379922586
9228929 101284093
9228929 85180805
9228929 70899974
9228929 448422042
9228929 463236579
9228929 117769138
9228929 212361726
9228929 430496549
9228929 236295862
9228929 313516426
9228929 487018824
9228929 414352290
9228929 52437173
9228929 343363841
9228929 249186276
9228929 327534227
9228929 136282973
9228929 240670933
9228929 384366377
9228929 206616607
9228929 498386354
9228929 46997564
9228929 405317974
9228929 200881003
9228929 20894778
9228929 7188989
9228929 486158722
9228929 427696990
9228929 207452391
9228929 390509934
9228929 128736661
9228929 201238617
9228929 199337738
9228929 24955085
9228929 74368753
9228929 1952223
9228929 201935419
9228929 97219167
9228929 152428990
9228929 63457145
9228929 478360767
9228929 160740757
9228929 145156910
9228929 499337386
9228929 85286782
9228929 206142813
9228929 287488714
9228929 136537212
9228929 321022712
9228929 435386507
9228929 433107575
9228929 211471821
9228929 281097558
9228929 256594771
9228929 150729451
9228929 315925444
9228929 418082786
9228929 236501193
9228929 364661935
9228929 367308745
9228929 483353469
9228929 478950821
9228929 195359625
9228929 216266025
9228929 65778723
9228929 42899511
9228929 413386498
9228929 226054023
9228929 453108755
9228929 332421473
9228929 442377328
9228929 47499489
9228929 210592576
9228929 206736066
9228929 473865458
9228929 25223383
9228929 220008264
9228929 206903596
9228929 498495929
9228929 97520497
9228929 342098228
9228929 366278044
9228929 422306494
9228929 355231301
9228929 228798345
9228929 384060423
9228929 210581119
9228929 342337067
9228929 474860490
9228929 68026935
9228929 235270212
9228929 18842812
9228929 103344484
9228929 284923485
9228929 475324674
9228929 473863020
9228929 214592671
9228929 498140324
9228929 445034588
9228929 463575377
9228929 315935449
9228929 60911886
9228929 476031630
9228929 74578126
9228929 151997000
9228929 159173800
9228929 498096344
9228929 348512979
9228929 390341512
9228929 274605413
9228929 497161465
9228929 66629709
9228929 334232897
9228929 303788209
9228929 227948182
9228929 275609466
9228929 249700054
9228929 24484954
9228929 184432902
9228929 150525122
9228929 483957831
9228929 462819166
9228929 376529546
9228929 26288528
9228929 186723178
9228929 191046602
9228929 328373709
9228929 353706298
9228929 181171393
9228929 485716728
9228929 424944633
9228929 6168582
9228929 249899844
9228929 283282939
9228929 190740913
9228929 224669510
9228929 499378464
9228929 214862095
9228929 38979068
9228929 103610363
9228929 57422166
9228929 411679596
9228929 145994766
9228929 22587027
9228929 275897216
9228929 36052982
9228929 154497858
9228929 426422677
9228929 179597050
9228929 322401463
9228929 171422874
9228929 455639173
9228929 280605969
9228929 234003849
9228929 273440185
9228929 61245928
9228929 126320873
9228929 246847616
9228929 223721447
9228929 127394795
9228929 350881613
9228929 319367950
