3000
0 0
0 2038837
0 4077674
0 6116511
0 8155348
0 10194185
0 12233022
0 14271859
0 16310696
0 18349533
0 20388370
0 22427207
0 24466044
0 26504881
0 28543718
0 30582555
0 32621392
0 34660229
0 36699066
0 38737903
0 40776740
0 42815577
0 44854414
0 46893251
0 48932088
0 50970925
0 53009762
0 55048599
0 57087436
0 59126273
0 61165110
0 63203947
0 65242784
0 67281621
0 69320458
0 71359295
0 73398132
0 75436969
0 77475806
0 79514643
0 81553480
0 83592317
0 85631154
0 87669991
0 89708828
0 91747665
0 93786502
0 95825339
0 97864176
0 99903013
0 101941850
0 103980687
0 106019524
0 108058361
0 110097198
0 112136035
0 114174872
0 116213709
0 118252546
0 120291383
0 122330220
0 124369057
0 126407894
0 128446731
0 130485568
0 132524405
0 134563242
0 136602079
2038837 0
2038837 2038837
2038837 4077674
2038837 6116511
2038837 8155348
2038837 10194185
2038837 12233022
2038837 14271859
2038837 16310696
2038837 18349533
2038837 20388370
2038837 22427207
2038837 24466044
2038837 26504881
2038837 28543718
2038837 30582555
2038837 32621392
2038837 34660229
2038837 36699066
2038837 38737903
2038837 40776740
2038837 42815577
2038837 44854414
2038837 46893251
2038837 48932088
2038837 50970925
2038837 53009762
2038837 55048599
2038837 57087436
2038837 59126273
2038837 61165110
2038837 63203947
2038837 65242784
2038837 67281621
2038837 69320458
2038837 71359295
2038837 73398132
2038837 75436969
2038837 77475806
2038837 79514643
2038837 81553480
2038837 83592317
2038837 85631154
2038837 87669991
2038837 89708828
2038837 91747665
2038837 93786502
2038837 95825339
2038837 97864176
2038837 99903013
2038837 101941850
2038837 103980687
2038837 106019524
2038837 108058361
2038837 110097198
2038837 112136035
2038837 114174872
2038837 116213709
2038837 118252546
2038837 120291383
2038837 122330220
2038837 124369057
2038837 126407894
2038837 128446731
2038837 130485568
2038837 132524405
2038837 134563242
2038837 136602079
4077674 0
4077674 2038837
4077674 4077674
4077674 6116511
4077674 8155348
4077674 10194185
4077674 12233022
4077674 14271859
4077674 16310696
4077674 18349533
4077674 20388370
4077674 22427207
4077674 24466044
4077674 26504881
4077674 28543718
4077674 30582555
4077674 32621392
4077674 34660229
4077674 36699066
4077674 38737903
4077674 40776740
4077674 42815577
4077674 44854414
4077674 46893251
4077674 48932088
4077674 50970925
4077674 53009762
4077674 55048599
4077674 57087436
4077674 59126273
4077674 61165110
4077674 63203947
4077674 65242784
4077674 67281621
4077674 69320458
4077674 71359295
4077674 73398132
4077674 75436969
4077674 77475806
4077674 79514643
4077674 81553480
4077674 83592317
4077674 85631154
4077674 87669991
4077674 89708828
4077674 91747665
4077674 93786502
4077674 95825339
4077674 97864176
4077674 99903013
4077674 101941850
4077674 103980687
4077674 106019524
4077674 108058361
4077674 110097198
4077674 112136035
4077674 114174872
4077674 116213709
4077674 118252546
4077674 120291383
4077674 122330220
4077674 124369057
4077674 126407894
4077674 128446731
4077674 130485568
4077674 132524405
4077674 134563242
4077674 136602079
6116511 0
6116511 2038837
6116511 4077674
6116511 6116511
6116511 8155348
6116511 10194185
6116511 12233022
6116511 14271859
6116511 16310696
6116511 18349533
6116511 20388370
6116511 22427207
6116511 24466044
6116511 26504881
6116511 28543718
6116511 30582555
6116511 32621392
6116511 34660229
6116511 36699066
6116511 38737903
6116511 40776740
6116511 42815577
6116511 44854414
6116511 46893251
6116511 48932088
6116511 50970925
6116511 53009762
6116511 55048599
6116511 57087436
6116511 59126273
6116511 61165110
6116511 63203947
6116511 65242784
6116511 67281621
6116511 69320458
6116511 71359295
6116511 73398132
6116511 75436969
6116511 77475806
6116511 79514643
6116511 81553480
6116511 83592317
6116511 85631154
6116511 87669991
6116511 89708828
6116511 91747665
6116511 93786502
6116511 95825339
6116511 97864176
6116511 99903013
6116511 101941850
6116511 103980687
6116511 106019524
6116511 108058361
6116511 110097198
6116511 112136035
6116511 114174872
6116511 116213709
6116511 118252546
6116511 120291383
6116511 122330220
6116511 124369057
6116511 126407894
6116511 128446731
6116511 130485568
6116511 132524405
6116511 134563242
6116511 136602079
8155348 0
8155348 2038837
8155348 4077674
8155348 6116511
8155348 8155348
8155348 10194185
8155348 12233022
8155348 14271859
8155348 16310696
8155348 18349533
8155348 20388370
8155348 22427207
8155348 24466044
8155348 26504881
8155348 28543718
8155348 30582555
8155348 32621392
8155348 34660229
8155348 36699066
8155348 38737903
8155348 40776740
8155348 42815577
8155348 44854414
8155348 46893251
8155348 48932088
8155348 50970925
8155348 53009762
8155348 55048599
8155348 57087436
8155348 59126273
8155348 61165110
8155348 63203947
8155348 65242784
8155348 67281621
8155348 69320458
8155348 71359295
8155348 73398132
8155348 75436969
8155348 77475806
8155348 79514643
8155348 81553480
8155348 83592317
8155348 85631154
8155348 87669991
8155348 89708828
8155348 91747665
8155348 93786502
8155348 95825339
8155348 97864176
8155348 99903013
8155348 101941850
8155348 103980687
8155348 106019524
8155348 108058361
8155348 110097198
8155348 112136035
8155348 114174872
8155348 116213709
8155348 118252546
8155348 120291383
8155348 122330220
8155348 124369057
8155348 126407894
8155348 128446731
8155348 130485568
8155348 132524405
8155348 134563242
8155348 136602079
10194185 0
10194185 2038837
10194185 4077674
10194185 6116511
10194185 8155348
10194185 10194185
10194185 12233022
10194185 14271859
10194185 16310696
10194185 18349533
10194185 20388370
10194185 22427207
10194185 24466044
10194185 26504881
10194185 28543718
10194185 30582555
10194185 32621392
10194185 34660229
10194185 36699066
10194185 38737903
10194185 40776740
10194185 42815577
10194185 44854414
10194185 46893251
10194185 48932088
10194185 50970925
10194185 53009762
10194185 55048599
10194185 57087436
10194185 59126273
10194185 61165110
10194185 63203947
10194185 65242784
10194185 67281621
10194185 69320458
10194185 71359295
10194185 73398132
10194185 75436969
10194185 77475806
10194185 79514643
10194185 81553480
10194185 83592317
10194185 85631154
10194185 87669991
10194185 89708828
10194185 91747665
10194185 93786502
10194185 95825339
10194185 97864176
10194185 99903013
10194185 101941850
10194185 103980687
10194185 106019524
10194185 108058361
10194185 110097198
10194185 112136035
10194185 114174872
10194185 116213709
10194185 118252546
10194185 120291383
10194185 122330220
10194185 124369057
10194185 126407894
10194185 128446731
10194185 130485568
10194185 132524405
10194185 134563242
10194185 136602079
12233022 0
12233022 2038837
12233022 4077674
12233022 6116511
12233022 8155348
12233022 10194185
12233022 12233022
12233022 14271859
12233022 16310696
12233022 18349533
12233022 20388370
12233022 22427207
12233022 24466044
12233022 26504881
12233022 28543718
12233022 30582555
12233022 32621392
12233022 34660229
12233022 36699066
12233022 38737903
12233022 40776740
12233022 42815577
12233022 44854414
12233022 46893251
12233022 48932088
12233022 50970925
12233022 53009762
12233022 55048599
12233022 57087436
12233022 59126273
12233022 61165110
12233022 63203947
12233022 65242784
12233022 67281621
12233022 69320458
12233022 71359295
12233022 73398132
12233022 75436969
12233022 77475806
12233022 79514643
12233022 81553480
12233022 83592317
12233022 85631154
12233022 87669991
12233022 89708828
12233022 91747665
12233022 93786502
12233022 95825339
12233022 97864176
12233022 99903013
12233022 101941850
12233022 103980687
12233022 106019524
12233022 108058361
12233022 110097198
12233022 112136035
12233022 114174872
12233022 116213709
12233022 118252546
12233022 120291383
12233022 122330220
12233022 124369057
12233022 126407894
12233022 128446731
12233022 130485568
12233022 132524405
12233022 134563242
12233022 136602079
14271859 0
14271859 2038837
14271859 4077674
14271859 6116511
14271859 8155348
14271859 10194185
14271859 12233022
14271859 14271859
14271859 16310696
14271859 18349533
14271859 20388370
14271859 22427207
14271859 24466044
14271859 26504881
14271859 28543718
14271859 30582555
14271859 32621392
14271859 34660229
14271859 36699066
14271859 38737903
14271859 40776740
14271859 42815577
14271859 44854414
14271859 46893251
14271859 48932088
14271859 50970925
14271859 53009762
14271859 55048599
14271859 57087436
14271859 59126273
14271859 61165110
14271859 63203947
14271859 65242784
14271859 67281621
14271859 69320458
14271859 71359295
14271859 73398132
14271859 75436969
14271859 77475806
14271859 79514643
14271859 81553480
14271859 83592317
14271859 85631154
14271859 87669991
14271859 89708828
14271859 91747665
14271859 93786502
14271859 95825339
14271859 97864176
14271859 99903013
14271859 101941850
14271859 103980687
14271859 106019524
14271859 108058361
14271859 110097198
14271859 112136035
14271859 114174872
14271859 116213709
14271859 118252546
14271859 120291383
14271859 122330220
14271859 124369057
14271859 126407894
14271859 128446731
14271859 130485568
14271859 132524405
14271859 134563242
14271859 136602079
16310696 0
16310696 2038837
16310696 4077674
16310696 6116511
16310696 8155348
16310696 10194185
16310696 12233022
16310696 14271859
16310696 16310696
16310696 18349533
16310696 20388370
16310696 22427207
16310696 24466044
16310696 26504881
16310696 28543718
16310696 30582555
16310696 32621392
16310696 34660229
16310696 36699066
16310696 38737903
16310696 40776740
16310696 42815577
16310696 44854414
16310696 46893251
16310696 48932088
16310696 50970925
16310696 53009762
16310696 55048599
16310696 57087436
16310696 59126273
16310696 61165110
16310696 63203947
16310696 65242784
16310696 67281621
16310696 69320458
16310696 71359295
16310696 73398132
16310696 75436969
16310696 77475806
16310696 79514643
16310696 81553480
16310696 83592317
16310696 85631154
16310696 87669991
16310696 89708828
16310696 91747665
16310696 93786502
16310696 95825339
16310696 97864176
16310696 99903013
16310696 101941850
16310696 103980687
16310696 106019524
16310696 108058361
16310696 110097198
16310696 112136035
16310696 114174872
16310696 116213709
16310696 118252546
16310696 120291383
16310696 122330220
16310696 124369057
16310696 126407894
16310696 128446731
16310696 130485568
16310696 132524405
16310696 134563242
16310696 136602079
18349533 0
18349533 2038837
18349533 4077674
18349533 6116511
18349533 8155348
18349533 10194185
18349533 12233022
18349533 14271859
18349533 16310696
18349533 18349533
18349533 20388370
18349533 22427207
18349533 24466044
18349533 26504881
18349533 28543718
18349533 30582555
18349533 32621392
18349533 34660229
18349533 36699066
18349533 38737903
18349533 40776740
18349533 42815577
18349533 44854414
18349533 46893251
18349533 48932088
18349533 50970925
18349533 53009762
18349533 55048599
18349533 57087436
18349533 59126273
18349533 61165110
18349533 63203947
18349533 65242784
18349533 67281621
18349533 69320458
18349533 71359295
18349533 73398132
18349533 75436969
18349533 77475806
18349533 79514643
18349533 81553480
18349533 83592317
18349533 85631154
18349533 87669991
18349533 89708828
18349533 91747665
18349533 93786502
18349533 95825339
18349533 97864176
18349533 99903013
18349533 101941850
18349533 103980687
18349533 106019524
18349533 108058361
18349533 110097198
18349533 112136035
18349533 114174872
18349533 116213709
18349533 118252546
18349533 120291383
18349533 122330220
18349533 124369057
18349533 126407894
18349533 128446731
18349533 130485568
18349533 132524405
18349533 134563242
18349533 136602079
20388370 0
20388370 2038837
20388370 4077674
20388370 6116511
20388370 8155348
20388370 10194185
20388370 12233022
20388370 14271859
20388370 16310696
20388370 18349533
20388370 20388370
20388370 22427207
20388370 24466044
20388370 26504881
20388370 28543718
20388370 30582555
20388370 32621392
20388370 34660229
20388370 36699066
20388370 38737903
20388370 40776740
20388370 42815577
20388370 44854414
20388370 46893251
20388370 48932088
20388370 50970925
20388370 53009762
20388370 55048599
20388370 57087436
20388370 59126273
20388370 61165110
20388370 63203947
20388370 65242784
20388370 67281621
20388370 69320458
20388370 71359295
20388370 73398132
20388370 75436969
20388370 77475806
20388370 79514643
20388370 81553480
20388370 83592317
20388370 85631154
20388370 87669991
20388370 89708828
20388370 91747665
20388370 93786502
20388370 95825339
20388370 97864176
20388370 99903013
20388370 101941850
20388370 103980687
20388370 106019524
20388370 108058361
20388370 110097198
20388370 112136035
20388370 114174872
20388370 116213709
20388370 118252546
20388370 120291383
20388370 122330220
20388370 124369057
20388370 126407894
20388370 128446731
20388370 130485568
20388370 132524405
20388370 134563242
20388370 136602079
22427207 0
22427207 2038837
22427207 4077674
22427207 6116511
22427207 8155348
22427207 10194185
22427207 12233022
22427207 14271859
22427207 16310696
22427207 18349533
22427207 20388370
22427207 22427207
22427207 24466044
22427207 26504881
22427207 28543718
22427207 30582555
22427207 32621392
22427207 34660229
22427207 36699066
22427207 38737903
22427207 40776740
22427207 42815577
22427207 44854414
22427207 46893251
22427207 48932088
22427207 50970925
22427207 53009762
22427207 55048599
22427207 57087436
22427207 59126273
22427207 61165110
22427207 63203947
22427207 65242784
22427207 67281621
22427207 69320458
22427207 71359295
22427207 73398132
22427207 75436969
22427207 77475806
22427207 79514643
22427207 81553480
22427207 83592317
22427207 85631154
22427207 87669991
22427207 89708828
22427207 91747665
22427207 93786502
22427207 95825339
22427207 97864176
22427207 99903013
22427207 101941850
22427207 103980687
22427207 106019524
22427207 108058361
22427207 110097198
22427207 112136035
22427207 114174872
22427207 116213709
22427207 118252546
22427207 120291383
22427207 122330220
22427207 124369057
22427207 126407894
22427207 128446731
22427207 130485568
22427207 132524405
22427207 134563242
22427207 136602079
24466044 0
24466044 2038837
24466044 4077674
24466044 6116511
24466044 8155348
24466044 10194185
24466044 12233022
24466044 14271859
24466044 16310696
24466044 18349533
24466044 20388370
24466044 22427207
24466044 24466044
24466044 26504881
24466044 28543718
24466044 30582555
24466044 32621392
24466044 34660229
24466044 36699066
24466044 38737903
24466044 40776740
24466044 42815577
24466044 44854414
24466044 46893251
24466044 48932088
24466044 50970925
24466044 53009762
24466044 55048599
24466044 57087436
24466044 59126273
24466044 61165110
24466044 63203947
24466044 65242784
24466044 67281621
24466044 69320458
24466044 71359295
24466044 73398132
24466044 75436969
24466044 77475806
24466044 79514643
24466044 81553480
24466044 83592317
24466044 85631154
24466044 87669991
24466044 89708828
24466044 91747665
24466044 93786502
24466044 95825339
24466044 97864176
24466044 99903013
24466044 101941850
24466044 103980687
24466044 106019524
24466044 108058361
24466044 110097198
24466044 112136035
24466044 114174872
24466044 116213709
24466044 118252546
24466044 120291383
24466044 122330220
24466044 124369057
24466044 126407894
24466044 128446731
24466044 130485568
24466044 132524405
24466044 134563242
24466044 136602079
26504881 0
26504881 2038837
26504881 4077674
26504881 6116511
26504881 8155348
26504881 10194185
26504881 12233022
26504881 14271859
26504881 16310696
26504881 18349533
26504881 20388370
26504881 22427207
26504881 24466044
26504881 26504881
26504881 28543718
26504881 30582555
26504881 32621392
26504881 34660229
26504881 36699066
26504881 38737903
26504881 40776740
26504881 42815577
26504881 44854414
26504881 46893251
26504881 48932088
26504881 50970925
26504881 53009762
26504881 55048599
26504881 57087436
26504881 59126273
26504881 61165110
26504881 63203947
26504881 65242784
26504881 67281621
26504881 69320458
26504881 71359295
26504881 73398132
26504881 75436969
26504881 77475806
26504881 79514643
26504881 81553480
26504881 83592317
26504881 85631154
26504881 87669991
26504881 89708828
26504881 91747665
26504881 93786502
26504881 95825339
26504881 97864176
26504881 99903013
26504881 101941850
26504881 103980687
26504881 106019524
26504881 108058361
26504881 110097198
26504881 112136035
26504881 114174872
26504881 116213709
26504881 118252546
26504881 120291383
26504881 122330220
26504881 124369057
26504881 126407894
26504881 128446731
26504881 130485568
26504881 132524405
26504881 134563242
26504881 136602079
28543718 0
28543718 2038837
28543718 4077674
28543718 6116511
28543718 8155348
28543718 10194185
28543718 12233022
28543718 14271859
28543718 16310696
28543718 18349533
28543718 20388370
28543718 22427207
28543718 24466044
28543718 26504881
28543718 28543718
28543718 30582555
28543718 32621392
28543718 34660229
28543718 36699066
28543718 38737903
28543718 40776740
28543718 42815577
28543718 44854414
28543718 46893251
28543718 48932088
28543718 50970925
28543718 53009762
28543718 55048599
28543718 57087436
28543718 59126273
28543718 61165110
28543718 63203947
28543718 65242784
28543718 67281621
28543718 69320458
28543718 71359295
28543718 73398132
28543718 75436969
28543718 77475806
28543718 79514643
28543718 81553480
28543718 83592317
28543718 85631154
28543718 87669991
28543718 89708828
28543718 91747665
28543718 93786502
28543718 95825339
28543718 97864176
28543718 99903013
28543718 101941850
28543718 103980687
28543718 106019524
28543718 108058361
28543718 110097198
28543718 112136035
28543718 114174872
28543718 116213709
28543718 118252546
28543718 120291383
28543718 122330220
28543718 124369057
28543718 126407894
28543718 128446731
28543718 130485568
28543718 132524405
28543718 134563242
28543718 136602079
30582555 0
30582555 2038837
30582555 4077674
30582555 6116511
30582555 8155348
30582555 10194185
30582555 12233022
30582555 14271859
30582555 16310696
30582555 18349533
30582555 20388370
30582555 22427207
30582555 24466044
30582555 26504881
30582555 28543718
30582555 30582555
30582555 32621392
30582555 34660229
30582555 36699066
30582555 38737903
30582555 40776740
30582555 42815577
30582555 44854414
30582555 46893251
30582555 48932088
30582555 50970925
30582555 53009762
30582555 55048599
30582555 57087436
30582555 59126273
30582555 61165110
30582555 63203947
30582555 65242784
30582555 67281621
30582555 69320458
30582555 71359295
30582555 73398132
30582555 75436969
30582555 77475806
30582555 79514643
30582555 81553480
30582555 83592317
30582555 85631154
30582555 87669991
30582555 89708828
30582555 91747665
30582555 93786502
30582555 95825339
30582555 97864176
30582555 99903013
30582555 101941850
30582555 103980687
30582555 106019524
30582555 108058361
30582555 110097198
30582555 112136035
30582555 114174872
30582555 116213709
30582555 118252546
30582555 120291383
30582555 122330220
30582555 124369057
30582555 126407894
30582555 128446731
30582555 130485568
30582555 132524405
30582555 134563242
30582555 136602079
32621392 0
32621392 2038837
32621392 4077674
32621392 6116511
32621392 8155348
32621392 10194185
32621392 12233022
32621392 14271859
32621392 16310696
32621392 18349533
32621392 20388370
32621392 22427207
32621392 24466044
32621392 26504881
32621392 28543718
32621392 30582555
32621392 32621392
32621392 34660229
32621392 36699066
32621392 38737903
32621392 40776740
32621392 42815577
32621392 44854414
32621392 46893251
32621392 48932088
32621392 50970925
32621392 53009762
32621392 55048599
32621392 57087436
32621392 59126273
32621392 61165110
32621392 63203947
32621392 65242784
32621392 67281621
32621392 69320458
32621392 71359295
32621392 73398132
32621392 75436969
32621392 77475806
32621392 79514643
32621392 81553480
32621392 83592317
32621392 85631154
32621392 87669991
32621392 89708828
32621392 91747665
32621392 93786502
32621392 95825339
32621392 97864176
32621392 99903013
32621392 101941850
32621392 103980687
32621392 106019524
32621392 108058361
32621392 110097198
32621392 112136035
32621392 114174872
32621392 116213709
32621392 118252546
32621392 120291383
32621392 122330220
32621392 124369057
32621392 126407894
32621392 128446731
32621392 130485568
32621392 132524405
32621392 134563242
32621392 136602079
34660229 0
34660229 2038837
34660229 4077674
34660229 6116511
34660229 8155348
34660229 10194185
34660229 12233022
34660229 14271859
34660229 16310696
34660229 18349533
34660229 20388370
34660229 22427207
34660229 24466044
34660229 26504881
34660229 28543718
34660229 30582555
34660229 32621392
34660229 34660229
34660229 36699066
34660229 38737903
34660229 40776740
34660229 42815577
34660229 44854414
34660229 46893251
34660229 48932088
34660229 50970925
34660229 53009762
34660229 55048599
34660229 57087436
34660229 59126273
34660229 61165110
34660229 63203947
34660229 65242784
34660229 67281621
34660229 69320458
34660229 71359295
34660229 73398132
34660229 75436969
34660229 77475806
34660229 79514643
34660229 81553480
34660229 83592317
34660229 85631154
34660229 87669991
34660229 89708828
34660229 91747665
34660229 93786502
34660229 95825339
34660229 97864176
34660229 99903013
34660229 101941850
34660229 103980687
34660229 106019524
34660229 108058361
34660229 110097198
34660229 112136035
34660229 114174872
34660229 116213709
34660229 118252546
34660229 120291383
34660229 122330220
34660229 124369057
34660229 126407894
34660229 128446731
34660229 130485568
34660229 132524405
34660229 134563242
34660229 136602079
36699066 0
36699066 2038837
36699066 4077674
36699066 6116511
36699066 8155348
36699066 10194185
36699066 12233022
36699066 14271859
36699066 16310696
36699066 18349533
36699066 20388370
36699066 22427207
36699066 24466044
36699066 26504881
36699066 28543718
36699066 30582555
36699066 32621392
36699066 34660229
36699066 36699066
36699066 38737903
36699066 40776740
36699066 42815577
36699066 44854414
36699066 46893251
36699066 48932088
36699066 50970925
36699066 53009762
36699066 55048599
36699066 57087436
36699066 59126273
36699066 61165110
36699066 63203947
36699066 65242784
36699066 67281621
36699066 69320458
36699066 71359295
36699066 73398132
36699066 75436969
36699066 77475806
36699066 79514643
36699066 81553480
36699066 83592317
36699066 85631154
36699066 87669991
36699066 89708828
36699066 91747665
36699066 93786502
36699066 95825339
36699066 97864176
36699066 99903013
36699066 101941850
36699066 103980687
36699066 106019524
36699066 108058361
36699066 110097198
36699066 112136035
36699066 114174872
36699066 116213709
36699066 118252546
36699066 120291383
36699066 122330220
36699066 124369057
36699066 126407894
36699066 128446731
36699066 130485568
36699066 132524405
36699066 134563242
36699066 136602079
38737903 0
38737903 2038837
38737903 4077674
38737903 6116511
38737903 8155348
38737903 10194185
38737903 12233022
38737903 14271859
38737903 16310696
38737903 18349533
38737903 20388370
38737903 22427207
38737903 24466044
38737903 26504881
38737903 28543718
38737903 30582555
38737903 32621392
38737903 34660229
38737903 36699066
38737903 38737903
38737903 40776740
38737903 42815577
38737903 44854414
38737903 46893251
38737903 48932088
38737903 50970925
38737903 53009762
38737903 55048599
38737903 57087436
38737903 59126273
38737903 61165110
38737903 63203947
38737903 65242784
38737903 67281621
38737903 69320458
38737903 71359295
38737903 73398132
38737903 75436969
38737903 77475806
38737903 79514643
38737903 81553480
38737903 83592317
38737903 85631154
38737903 87669991
38737903 89708828
38737903 91747665
38737903 93786502
38737903 95825339
38737903 97864176
38737903 99903013
38737903 101941850
38737903 103980687
38737903 106019524
38737903 108058361
38737903 110097198
38737903 112136035
38737903 114174872
38737903 116213709
38737903 118252546
38737903 120291383
38737903 122330220
38737903 124369057
38737903 126407894
38737903 128446731
38737903 130485568
38737903 132524405
38737903 134563242
38737903 136602079
40776740 0
40776740 2038837
40776740 4077674
40776740 6116511
40776740 8155348
40776740 10194185
40776740 12233022
40776740 14271859
40776740 16310696
40776740 18349533
40776740 20388370
40776740 22427207
40776740 24466044
40776740 26504881
40776740 28543718
40776740 30582555
40776740 32621392
40776740 34660229
40776740 36699066
40776740 38737903
40776740 40776740
40776740 42815577
40776740 44854414
40776740 46893251
40776740 48932088
40776740 50970925
40776740 53009762
40776740 55048599
40776740 57087436
40776740 59126273
40776740 61165110
40776740 63203947
40776740 65242784
40776740 67281621
40776740 69320458
40776740 71359295
40776740 73398132
40776740 75436969
40776740 77475806
40776740 79514643
40776740 81553480
40776740 83592317
40776740 85631154
40776740 87669991
40776740 89708828
40776740 91747665
40776740 93786502
40776740 95825339
40776740 97864176
40776740 99903013
40776740 101941850
40776740 103980687
40776740 106019524
40776740 108058361
40776740 110097198
40776740 112136035
40776740 114174872
40776740 116213709
40776740 118252546
40776740 120291383
40776740 122330220
40776740 124369057
40776740 126407894
40776740 128446731
40776740 130485568
40776740 132524405
40776740 134563242
40776740 136602079
42815577 0
42815577 2038837
42815577 4077674
42815577 6116511
42815577 8155348
42815577 10194185
42815577 12233022
42815577 14271859
42815577 16310696
42815577 18349533
42815577 20388370
42815577 22427207
42815577 24466044
42815577 26504881
42815577 28543718
42815577 30582555
42815577 32621392
42815577 34660229
42815577 36699066
42815577 38737903
42815577 40776740
42815577 42815577
42815577 44854414
42815577 46893251
42815577 48932088
42815577 50970925
42815577 53009762
42815577 55048599
42815577 57087436
42815577 59126273
42815577 61165110
42815577 63203947
42815577 65242784
42815577 67281621
42815577 69320458
42815577 71359295
42815577 73398132
42815577 75436969
42815577 77475806
42815577 79514643
42815577 81553480
42815577 83592317
42815577 85631154
42815577 87669991
42815577 89708828
42815577 91747665
42815577 93786502
42815577 95825339
42815577 97864176
42815577 99903013
42815577 101941850
42815577 103980687
42815577 106019524
42815577 108058361
42815577 110097198
42815577 112136035
42815577 114174872
42815577 116213709
42815577 118252546
42815577 120291383
42815577 122330220
42815577 124369057
42815577 126407894
42815577 128446731
42815577 130485568
42815577 132524405
42815577 134563242
42815577 136602079
44854414 0
44854414 2038837
44854414 4077674
44854414 6116511
44854414 8155348
44854414 10194185
44854414 12233022
44854414 14271859
44854414 16310696
44854414 18349533
44854414 20388370
44854414 22427207
44854414 24466044
44854414 26504881
44854414 28543718
44854414 30582555
44854414 32621392
44854414 34660229
44854414 36699066
44854414 38737903
44854414 40776740
44854414 42815577
44854414 44854414
44854414 46893251
44854414 48932088
44854414 50970925
44854414 53009762
44854414 55048599
44854414 57087436
44854414 59126273
44854414 61165110
44854414 63203947
44854414 65242784
44854414 67281621
44854414 69320458
44854414 71359295
44854414 73398132
44854414 75436969
44854414 77475806
44854414 79514643
44854414 81553480
44854414 83592317
44854414 85631154
44854414 87669991
44854414 89708828
44854414 91747665
44854414 93786502
44854414 95825339
44854414 97864176
44854414 99903013
44854414 101941850
44854414 103980687
44854414 106019524
44854414 108058361
44854414 110097198
44854414 112136035
44854414 114174872
44854414 116213709
44854414 118252546
44854414 120291383
44854414 122330220
44854414 124369057
44854414 126407894
44854414 128446731
44854414 130485568
44854414 132524405
44854414 134563242
44854414 136602079
46893251 0
46893251 2038837
46893251 4077674
46893251 6116511
46893251 8155348
46893251 10194185
46893251 12233022
46893251 14271859
46893251 16310696
46893251 18349533
46893251 20388370
46893251 22427207
46893251 24466044
46893251 26504881
46893251 28543718
46893251 30582555
46893251 32621392
46893251 34660229
46893251 36699066
46893251 38737903
46893251 40776740
46893251 42815577
46893251 44854414
46893251 46893251
46893251 48932088
46893251 50970925
46893251 53009762
46893251 55048599
46893251 57087436
46893251 59126273
46893251 61165110
46893251 63203947
46893251 65242784
46893251 67281621
46893251 69320458
46893251 71359295
46893251 73398132
46893251 75436969
46893251 77475806
46893251 79514643
46893251 81553480
46893251 83592317
46893251 85631154
46893251 87669991
46893251 89708828
46893251 91747665
46893251 93786502
46893251 95825339
46893251 97864176
46893251 99903013
46893251 101941850
46893251 103980687
46893251 106019524
46893251 108058361
46893251 110097198
46893251 112136035
46893251 114174872
46893251 116213709
46893251 118252546
46893251 120291383
46893251 122330220
46893251 124369057
46893251 126407894
46893251 128446731
46893251 130485568
46893251 132524405
46893251 134563242
46893251 136602079
48932088 0
48932088 2038837
48932088 4077674
48932088 6116511
48932088 8155348
48932088 10194185
48932088 12233022
48932088 14271859
48932088 16310696
48932088 18349533
48932088 20388370
48932088 22427207
48932088 24466044
48932088 26504881
48932088 28543718
48932088 30582555
48932088 32621392
48932088 34660229
48932088 36699066
48932088 38737903
48932088 40776740
48932088 42815577
48932088 44854414
48932088 46893251
48932088 48932088
48932088 50970925
48932088 53009762
48932088 55048599
48932088 57087436
48932088 59126273
48932088 61165110
48932088 63203947
48932088 65242784
48932088 67281621
48932088 69320458
48932088 71359295
48932088 73398132
48932088 75436969
48932088 77475806
48932088 79514643
48932088 81553480
48932088 83592317
48932088 85631154
48932088 87669991
48932088 89708828
48932088 91747665
48932088 93786502
48932088 95825339
48932088 97864176
48932088 99903013
48932088 101941850
48932088 103980687
48932088 106019524
48932088 108058361
48932088 110097198
48932088 112136035
48932088 114174872
48932088 116213709
48932088 118252546
48932088 120291383
48932088 122330220
48932088 124369057
48932088 126407894
48932088 128446731
48932088 130485568
48932088 132524405
48932088 134563242
48932088 136602079
50970925 0
50970925 2038837
50970925 4077674
50970925 6116511
50970925 8155348
50970925 10194185
50970925 12233022
50970925 14271859
50970925 16310696
50970925 18349533
50970925 20388370
50970925 22427207
50970925 24466044
50970925 26504881
50970925 28543718
50970925 30582555
50970925 32621392
50970925 34660229
50970925 36699066
50970925 38737903
50970925 40776740
50970925 42815577
50970925 44854414
50970925 46893251
50970925 48932088
50970925 50970925
50970925 53009762
50970925 55048599
50970925 57087436
50970925 59126273
50970925 61165110
50970925 63203947
50970925 65242784
50970925 67281621
50970925 69320458
50970925 71359295
50970925 73398132
50970925 75436969
50970925 77475806
50970925 79514643
50970925 81553480
50970925 83592317
50970925 85631154
50970925 87669991
50970925 89708828
50970925 91747665
50970925 93786502
50970925 95825339
50970925 97864176
50970925 99903013
50970925 101941850
50970925 103980687
50970925 106019524
50970925 108058361
50970925 110097198
50970925 112136035
50970925 114174872
50970925 116213709
50970925 118252546
50970925 120291383
50970925 122330220
50970925 124369057
50970925 126407894
50970925 128446731
50970925 130485568
50970925 132524405
50970925 134563242
50970925 136602079
53009762 0
53009762 2038837
53009762 4077674
53009762 6116511
53009762 8155348
53009762 10194185
53009762 12233022
53009762 14271859
53009762 16310696
53009762 18349533
53009762 20388370
53009762 22427207
53009762 24466044
53009762 26504881
53009762 28543718
53009762 30582555
53009762 32621392
53009762 34660229
53009762 36699066
53009762 38737903
53009762 40776740
53009762 42815577
53009762 44854414
53009762 46893251
53009762 48932088
53009762 50970925
53009762 53009762
53009762 55048599
53009762 57087436
53009762 59126273
53009762 61165110
53009762 63203947
53009762 65242784
53009762 67281621
53009762 69320458
53009762 71359295
53009762 73398132
53009762 75436969
53009762 77475806
53009762 79514643
53009762 81553480
53009762 83592317
53009762 85631154
53009762 87669991
53009762 89708828
53009762 91747665
53009762 93786502
53009762 95825339
53009762 97864176
53009762 99903013
53009762 101941850
53009762 103980687
53009762 106019524
53009762 108058361
53009762 110097198
53009762 112136035
53009762 114174872
53009762 116213709
53009762 118252546
53009762 120291383
53009762 122330220
53009762 124369057
53009762 126407894
53009762 128446731
53009762 130485568
53009762 132524405
53009762 134563242
53009762 136602079
55048599 0
55048599 2038837
55048599 4077674
55048599 6116511
55048599 8155348
55048599 10194185
55048599 12233022
55048599 14271859
55048599 16310696
55048599 18349533
55048599 20388370
55048599 22427207
55048599 24466044
55048599 26504881
55048599 28543718
55048599 30582555
55048599 32621392
55048599 34660229
55048599 36699066
55048599 38737903
55048599 40776740
55048599 42815577
55048599 44854414
55048599 46893251
55048599 48932088
55048599 50970925
55048599 53009762
55048599 55048599
55048599 57087436
55048599 59126273
55048599 61165110
55048599 63203947
55048599 65242784
55048599 67281621
55048599 69320458
55048599 71359295
55048599 73398132
55048599 75436969
55048599 77475806
55048599 79514643
55048599 81553480
55048599 83592317
55048599 85631154
55048599 87669991
55048599 89708828
55048599 91747665
55048599 93786502
55048599 95825339
55048599 97864176
55048599 99903013
55048599 101941850
55048599 103980687
55048599 106019524
55048599 108058361
55048599 110097198
55048599 112136035
55048599 114174872
55048599 116213709
55048599 118252546
55048599 120291383
55048599 122330220
55048599 124369057
55048599 126407894
55048599 128446731
55048599 130485568
55048599 132524405
55048599 134563242
55048599 136602079
57087436 0
57087436 2038837
57087436 4077674
57087436 6116511
57087436 8155348
57087436 10194185
57087436 12233022
57087436 14271859
57087436 16310696
57087436 18349533
57087436 20388370
57087436 22427207
57087436 24466044
57087436 26504881
57087436 28543718
57087436 30582555
57087436 32621392
57087436 34660229
57087436 36699066
57087436 38737903
57087436 40776740
57087436 42815577
57087436 44854414
57087436 46893251
57087436 48932088
57087436 50970925
57087436 53009762
57087436 55048599
57087436 57087436
57087436 59126273
57087436 61165110
57087436 63203947
57087436 65242784
57087436 67281621
57087436 69320458
57087436 71359295
57087436 73398132
57087436 75436969
57087436 77475806
57087436 79514643
57087436 81553480
57087436 83592317
57087436 85631154
57087436 87669991
57087436 89708828
57087436 91747665
57087436 93786502
57087436 95825339
57087436 97864176
57087436 99903013
57087436 101941850
57087436 103980687
57087436 106019524
57087436 108058361
57087436 110097198
57087436 112136035
57087436 114174872
57087436 116213709
57087436 118252546
57087436 120291383
57087436 122330220
57087436 124369057
57087436 126407894
57087436 128446731
57087436 130485568
57087436 132524405
57087436 134563242
57087436 136602079
59126273 0
59126273 2038837
59126273 4077674
59126273 6116511
59126273 8155348
59126273 10194185
59126273 12233022
59126273 14271859
59126273 16310696
59126273 18349533
59126273 20388370
59126273 22427207
59126273 24466044
59126273 26504881
59126273 28543718
59126273 30582555
59126273 32621392
59126273 34660229
59126273 36699066
59126273 38737903
59126273 40776740
59126273 42815577
59126273 44854414
59126273 46893251
59126273 48932088
59126273 50970925
59126273 53009762
59126273 55048599
59126273 57087436
59126273 59126273
59126273 61165110
59126273 63203947
59126273 65242784
59126273 67281621
59126273 69320458
59126273 71359295
59126273 73398132
59126273 75436969
59126273 77475806
59126273 79514643
59126273 81553480
59126273 83592317
59126273 85631154
59126273 87669991
59126273 89708828
59126273 91747665
59126273 93786502
59126273 95825339
59126273 97864176
59126273 99903013
59126273 101941850
59126273 103980687
59126273 106019524
59126273 108058361
59126273 110097198
59126273 112136035
59126273 114174872
59126273 116213709
59126273 118252546
59126273 120291383
59126273 122330220
59126273 124369057
59126273 126407894
59126273 128446731
59126273 130485568
59126273 132524405
59126273 134563242
59126273 136602079
61165110 0
61165110 2038837
61165110 4077674
61165110 6116511
61165110 8155348
61165110 10194185
61165110 12233022
61165110 14271859
61165110 16310696
61165110 18349533
61165110 20388370
61165110 22427207
61165110 24466044
61165110 26504881
61165110 28543718
61165110 30582555
61165110 32621392
61165110 34660229
61165110 36699066
61165110 38737903
61165110 40776740
61165110 42815577
61165110 44854414
61165110 46893251
61165110 48932088
61165110 50970925
61165110 53009762
61165110 55048599
61165110 57087436
61165110 59126273
61165110 61165110
61165110 63203947
61165110 65242784
61165110 67281621
61165110 69320458
61165110 71359295
61165110 73398132
61165110 75436969
61165110 77475806
61165110 79514643
61165110 81553480
61165110 83592317
61165110 85631154
61165110 87669991
61165110 89708828
61165110 91747665
61165110 93786502
61165110 95825339
61165110 97864176
61165110 99903013
61165110 101941850
61165110 103980687
61165110 106019524
61165110 108058361
61165110 110097198
61165110 112136035
61165110 114174872
61165110 116213709
61165110 118252546
61165110 120291383
61165110 122330220
61165110 124369057
61165110 126407894
61165110 128446731
61165110 130485568
61165110 132524405
61165110 134563242
61165110 136602079
63203947 0
63203947 2038837
63203947 4077674
63203947 6116511
63203947 8155348
63203947 10194185
63203947 12233022
63203947 14271859
63203947 16310696
63203947 18349533
63203947 20388370
63203947 22427207
63203947 24466044
63203947 26504881
63203947 28543718
63203947 30582555
63203947 32621392
63203947 34660229
63203947 36699066
63203947 38737903
63203947 40776740
63203947 42815577
63203947 44854414
63203947 46893251
63203947 48932088
63203947 50970925
63203947 53009762
63203947 55048599
63203947 57087436
63203947 59126273
63203947 61165110
63203947 63203947
63203947 65242784
63203947 67281621
63203947 69320458
63203947 71359295
63203947 73398132
63203947 75436969
63203947 77475806
63203947 79514643
63203947 81553480
63203947 83592317
63203947 85631154
63203947 87669991
63203947 89708828
63203947 91747665
63203947 93786502
63203947 95825339
63203947 97864176
63203947 99903013
63203947 101941850
63203947 103980687
63203947 106019524
63203947 108058361
63203947 110097198
63203947 112136035
63203947 114174872
63203947 116213709
63203947 118252546
63203947 120291383
63203947 122330220
63203947 124369057
63203947 126407894
63203947 128446731
63203947 130485568
63203947 132524405
63203947 134563242
63203947 136602079
65242784 0
65242784 2038837
65242784 4077674
65242784 6116511
65242784 8155348
65242784 10194185
65242784 12233022
65242784 14271859
65242784 16310696
65242784 18349533
65242784 20388370
65242784 22427207
65242784 24466044
65242784 26504881
65242784 28543718
65242784 30582555
65242784 32621392
65242784 34660229
65242784 36699066
65242784 38737903
65242784 40776740
65242784 42815577
65242784 44854414
65242784 46893251
65242784 48932088
65242784 50970925
65242784 53009762
65242784 55048599
65242784 57087436
65242784 59126273
65242784 61165110
65242784 63203947
65242784 65242784
65242784 67281621
65242784 69320458
65242784 71359295
65242784 73398132
65242784 75436969
65242784 77475806
65242784 79514643
65242784 81553480
65242784 83592317
65242784 85631154
65242784 87669991
65242784 89708828
65242784 91747665
65242784 93786502
65242784 95825339
65242784 97864176
65242784 99903013
65242784 101941850
65242784 103980687
65242784 106019524
65242784 108058361
65242784 110097198
65242784 112136035
65242784 114174872
65242784 116213709
65242784 118252546
65242784 120291383
65242784 122330220
65242784 124369057
65242784 126407894
65242784 128446731
65242784 130485568
65242784 132524405
65242784 134563242
65242784 136602079
67281621 0
67281621 2038837
67281621 4077674
67281621 6116511
67281621 8155348
67281621 10194185
67281621 12233022
67281621 14271859
67281621 16310696
67281621 18349533
67281621 20388370
67281621 22427207
67281621 24466044
67281621 26504881
67281621 28543718
67281621 30582555
67281621 32621392
67281621 34660229
67281621 36699066
67281621 38737903
67281621 40776740
67281621 42815577
67281621 44854414
67281621 46893251
67281621 48932088
67281621 50970925
67281621 53009762
67281621 55048599
67281621 57087436
67281621 59126273
67281621 61165110
67281621 63203947
67281621 65242784
67281621 67281621
67281621 69320458
67281621 71359295
67281621 73398132
67281621 75436969
67281621 77475806
67281621 79514643
67281621 81553480
67281621 83592317
67281621 85631154
67281621 87669991
67281621 89708828
67281621 91747665
67281621 93786502
67281621 95825339
67281621 97864176
67281621 99903013
67281621 101941850
67281621 103980687
67281621 106019524
67281621 108058361
67281621 110097198
67281621 112136035
67281621 114174872
67281621 116213709
67281621 118252546
67281621 120291383
67281621 122330220
67281621 124369057
67281621 126407894
67281621 128446731
67281621 130485568
67281621 132524405
67281621 134563242
67281621 136602079
69320458 0
69320458 2038837
69320458 4077674
69320458 6116511
69320458 8155348
69320458 10194185
69320458 12233022
69320458 14271859
69320458 16310696
69320458 18349533
69320458 20388370
69320458 22427207
69320458 24466044
69320458 26504881
69320458 28543718
69320458 30582555
69320458 32621392
69320458 34660229
69320458 36699066
69320458 38737903
69320458 40776740
69320458 42815577
69320458 44854414
69320458 46893251
69320458 48932088
69320458 50970925
69320458 53009762
69320458 55048599
69320458 57087436
69320458 59126273
69320458 61165110
69320458 63203947
69320458 65242784
69320458 67281621
69320458 69320458
69320458 71359295
69320458 73398132
69320458 75436969
69320458 77475806
69320458 79514643
69320458 81553480
69320458 83592317
69320458 85631154
69320458 87669991
69320458 89708828
69320458 91747665
69320458 93786502
69320458 95825339
69320458 97864176
69320458 99903013
69320458 101941850
69320458 103980687
69320458 106019524
69320458 108058361
69320458 110097198
69320458 112136035
69320458 114174872
69320458 116213709
69320458 118252546
69320458 120291383
69320458 122330220
69320458 124369057
69320458 126407894
69320458 128446731
69320458 130485568
69320458 132524405
69320458 134563242
69320458 136602079
71359295 0
71359295 2038837
71359295 4077674
71359295 6116511
71359295 8155348
71359295 10194185
71359295 12233022
71359295 14271859
71359295 16310696
71359295 18349533
71359295 20388370
71359295 22427207
71359295 24466044
71359295 26504881
71359295 28543718
71359295 30582555
71359295 32621392
71359295 34660229
71359295 36699066
71359295 38737903
71359295 40776740
71359295 42815577
71359295 44854414
71359295 46893251
71359295 48932088
71359295 50970925
71359295 53009762
71359295 55048599
71359295 57087436
71359295 59126273
71359295 61165110
71359295 63203947
71359295 65242784
71359295 67281621
71359295 69320458
71359295 71359295
71359295 73398132
71359295 75436969
71359295 77475806
71359295 79514643
71359295 81553480
71359295 83592317
71359295 85631154
71359295 87669991
71359295 89708828
71359295 91747665
71359295 93786502
71359295 95825339
71359295 97864176
71359295 99903013
71359295 101941850
71359295 103980687
71359295 106019524
71359295 108058361
71359295 110097198
71359295 112136035
71359295 114174872
71359295 116213709
71359295 118252546
71359295 120291383
71359295 122330220
71359295 124369057
71359295 126407894
71359295 128446731
71359295 130485568
71359295 132524405
71359295 134563242
71359295 136602079
73398132 0
73398132 2038837
73398132 4077674
73398132 6116511
73398132 8155348
73398132 10194185
73398132 12233022
73398132 14271859
73398132 16310696
73398132 18349533
73398132 20388370
73398132 22427207
73398132 24466044
73398132 26504881
73398132 28543718
73398132 30582555
73398132 32621392
73398132 34660229
73398132 36699066
73398132 38737903
73398132 40776740
73398132 42815577
73398132 44854414
73398132 46893251
73398132 48932088
73398132 50970925
73398132 53009762
73398132 55048599
73398132 57087436
73398132 59126273
73398132 61165110
73398132 63203947
73398132 65242784
73398132 67281621
73398132 69320458
73398132 71359295
73398132 73398132
73398132 75436969
73398132 77475806
73398132 79514643
73398132 81553480
73398132 83592317
73398132 85631154
73398132 87669991
73398132 89708828
73398132 91747665
73398132 93786502
73398132 95825339
73398132 97864176
73398132 99903013
73398132 101941850
73398132 103980687
73398132 106019524
73398132 108058361
73398132 110097198
73398132 112136035
73398132 114174872
73398132 116213709
73398132 118252546
73398132 120291383
73398132 122330220
73398132 124369057
73398132 126407894
73398132 128446731
73398132 130485568
73398132 132524405
73398132 134563242
73398132 136602079
75436969 0
75436969 2038837
75436969 4077674
75436969 6116511
75436969 8155348
75436969 10194185
75436969 12233022
75436969 14271859
75436969 16310696
75436969 18349533
75436969 20388370
75436969 22427207
75436969 24466044
75436969 26504881
75436969 28543718
75436969 30582555
75436969 32621392
75436969 34660229
75436969 36699066
75436969 38737903
75436969 40776740
75436969 42815577
75436969 44854414
75436969 46893251
75436969 48932088
75436969 50970925
75436969 53009762
75436969 55048599
75436969 57087436
75436969 59126273
75436969 61165110
75436969 63203947
75436969 65242784
75436969 67281621
75436969 69320458
75436969 71359295
75436969 73398132
75436969 75436969
75436969 77475806
75436969 79514643
75436969 81553480
75436969 83592317
75436969 85631154
75436969 87669991
75436969 89708828
75436969 91747665
75436969 93786502
75436969 95825339
75436969 97864176
75436969 99903013
75436969 101941850
75436969 103980687
75436969 106019524
75436969 108058361
75436969 110097198
75436969 112136035
75436969 114174872
75436969 116213709
75436969 118252546
75436969 120291383
75436969 122330220
75436969 124369057
75436969 126407894
75436969 128446731
75436969 130485568
75436969 132524405
75436969 134563242
75436969 136602079
77475806 0
77475806 2038837
77475806 4077674
77475806 6116511
77475806 8155348
77475806 10194185
77475806 12233022
77475806 14271859
77475806 16310696
77475806 18349533
77475806 20388370
77475806 22427207
77475806 24466044
77475806 26504881
77475806 28543718
77475806 30582555
77475806 32621392
77475806 34660229
77475806 36699066
77475806 38737903
77475806 40776740
77475806 42815577
77475806 44854414
77475806 46893251
77475806 48932088
77475806 50970925
77475806 53009762
77475806 55048599
77475806 57087436
77475806 59126273
77475806 61165110
77475806 63203947
77475806 65242784
77475806 67281621
77475806 69320458
77475806 71359295
77475806 73398132
77475806 75436969
77475806 77475806
77475806 79514643
77475806 81553480
77475806 83592317
77475806 85631154
77475806 87669991
77475806 89708828
77475806 91747665
77475806 93786502
77475806 95825339
77475806 97864176
77475806 99903013
77475806 101941850
77475806 103980687
77475806 106019524
77475806 108058361
77475806 110097198
77475806 112136035
77475806 114174872
77475806 116213709
77475806 118252546
77475806 120291383
77475806 122330220
77475806 124369057
77475806 126407894
77475806 128446731
77475806 130485568
77475806 132524405
77475806 134563242
77475806 136602079
79514643 0
79514643 2038837
79514643 4077674
79514643 6116511
79514643 8155348
79514643 10194185
79514643 12233022
79514643 14271859
79514643 16310696
79514643 18349533
79514643 20388370
79514643 22427207
79514643 24466044
79514643 26504881
79514643 28543718
79514643 30582555
79514643 32621392
79514643 34660229
79514643 36699066
79514643 38737903
79514643 40776740
79514643 42815577
79514643 44854414
79514643 46893251
79514643 48932088
79514643 50970925
79514643 53009762
79514643 55048599
79514643 57087436
79514643 59126273
79514643 61165110
79514643 63203947
79514643 65242784
79514643 67281621
79514643 69320458
79514643 71359295
79514643 73398132
79514643 75436969
79514643 77475806
79514643 79514643
79514643 81553480
79514643 83592317
79514643 85631154
79514643 87669991
79514643 89708828
79514643 91747665
79514643 93786502
79514643 95825339
79514643 97864176
79514643 99903013
79514643 101941850
79514643 103980687
79514643 106019524
79514643 108058361
79514643 110097198
79514643 112136035
79514643 114174872
79514643 116213709
79514643 118252546
79514643 120291383
79514643 122330220
79514643 124369057
79514643 126407894
79514643 128446731
79514643 130485568
79514643 132524405
79514643 134563242
79514643 136602079
81553480 0
81553480 2038837
81553480 4077674
81553480 6116511
81553480 8155348
81553480 10194185
81553480 12233022
81553480 14271859
81553480 16310696
81553480 18349533
81553480 20388370
81553480 22427207
81553480 24466044
81553480 26504881
81553480 28543718
81553480 30582555
81553480 32621392
81553480 34660229
81553480 36699066
81553480 38737903
81553480 40776740
81553480 42815577
81553480 44854414
81553480 46893251
81553480 48932088
81553480 50970925
81553480 53009762
81553480 55048599
81553480 57087436
81553480 59126273
81553480 61165110
81553480 63203947
81553480 65242784
81553480 67281621
81553480 69320458
81553480 71359295
81553480 73398132
81553480 75436969
81553480 77475806
81553480 79514643
81553480 81553480
81553480 83592317
81553480 85631154
81553480 87669991
81553480 89708828
81553480 91747665
81553480 93786502
81553480 95825339
81553480 97864176
81553480 99903013
81553480 101941850
81553480 103980687
81553480 106019524
81553480 108058361
81553480 110097198
81553480 112136035
81553480 114174872
81553480 116213709
81553480 118252546
81553480 120291383
81553480 122330220
81553480 124369057
81553480 126407894
81553480 128446731
81553480 130485568
81553480 132524405
81553480 134563242
81553480 136602079
83592317 0
83592317 2038837
83592317 4077674
83592317 6116511
83592317 8155348
83592317 10194185
83592317 12233022
83592317 14271859
83592317 16310696
83592317 18349533
83592317 20388370
83592317 22427207
83592317 24466044
83592317 26504881
83592317 28543718
83592317 30582555
83592317 32621392
83592317 34660229
83592317 36699066
83592317 38737903
83592317 40776740
83592317 42815577
83592317 44854414
83592317 46893251
83592317 48932088
83592317 50970925
83592317 53009762
83592317 55048599
83592317 57087436
83592317 59126273
83592317 61165110
83592317 63203947
83592317 65242784
83592317 67281621
83592317 69320458
83592317 71359295
83592317 73398132
83592317 75436969
83592317 77475806
83592317 79514643
83592317 81553480
83592317 83592317
83592317 85631154
83592317 87669991
83592317 89708828
83592317 91747665
83592317 93786502
83592317 95825339
83592317 97864176
83592317 99903013
83592317 101941850
83592317 103980687
83592317 106019524
83592317 108058361
83592317 110097198
83592317 112136035
83592317 114174872
83592317 116213709
83592317 118252546
83592317 120291383
83592317 122330220
83592317 124369057
83592317 126407894
83592317 128446731
83592317 130485568
83592317 132524405
83592317 134563242
83592317 136602079
85631154 0
85631154 2038837
85631154 4077674
85631154 6116511
85631154 8155348
85631154 10194185
85631154 12233022
85631154 14271859
85631154 16310696
85631154 18349533
85631154 20388370
85631154 22427207
85631154 24466044
85631154 26504881
85631154 28543718
85631154 30582555
85631154 32621392
85631154 34660229
85631154 36699066
85631154 38737903
85631154 40776740
85631154 42815577
85631154 44854414
85631154 46893251
85631154 48932088
85631154 50970925
85631154 53009762
85631154 55048599
85631154 57087436
85631154 59126273
85631154 61165110
85631154 63203947
85631154 65242784
85631154 67281621
85631154 69320458
85631154 71359295
85631154 73398132
85631154 75436969
85631154 77475806
85631154 79514643
85631154 81553480
85631154 83592317
85631154 85631154
85631154 87669991
85631154 89708828
85631154 91747665
85631154 93786502
85631154 95825339
85631154 97864176
85631154 99903013
85631154 101941850
85631154 103980687
85631154 106019524
85631154 108058361
85631154 110097198
85631154 112136035
85631154 114174872
85631154 116213709
85631154 118252546
85631154 120291383
85631154 122330220
85631154 124369057
85631154 126407894
85631154 128446731
85631154 130485568
85631154 132524405
85631154 134563242
85631154 136602079
87669991 0
87669991 2038837
87669991 4077674
87669991 6116511
87669991 8155348
87669991 10194185
87669991 12233022
87669991 14271859
87669991 16310696
87669991 18349533
87669991 20388370
87669991 22427207
87669991 24466044
87669991 26504881
87669991 28543718
87669991 30582555
87669991 32621392
87669991 34660229
87669991 36699066
87669991 38737903
87669991 40776740
87669991 42815577
87669991 44854414
87669991 46893251
87669991 48932088
87669991 50970925
87669991 53009762
87669991 55048599
87669991 57087436
87669991 59126273
87669991 61165110
87669991 63203947
87669991 65242784
87669991 67281621
87669991 69320458
87669991 71359295
87669991 73398132
87669991 75436969
87669991 77475806
87669991 79514643
87669991 81553480
87669991 83592317
87669991 85631154
87669991 87669991
87669991 89708828
87669991 91747665
87669991 93786502
87669991 95825339
87669991 97864176
87669991 99903013
87669991 101941850
87669991 103980687
87669991 106019524
87669991 108058361
87669991 110097198
87669991 112136035
87669991 114174872
87669991 116213709
87669991 118252546
87669991 120291383
87669991 122330220
87669991 124369057
87669991 126407894
87669991 128446731
87669991 130485568
87669991 132524405
87669991 134563242
87669991 136602079
89708828 0
89708828 2038837
89708828 4077674
89708828 6116511
89708828 8155348
89708828 10194185
89708828 12233022
89708828 14271859
