3000
0 0
0 638119
0 1276238
0 1914357
0 2552476
0 3190595
0 3828714
0 4466833
0 5104952
0 5743071
0 6381190
0 7019309
638119 0
638119 638119
638119 1276238
638119 1914357
638119 2552476
638119 3190595
638119 3828714
638119 4466833
638119 5104952
638119 5743071
638119 6381190
638119 7019309
1276238 0
1276238 638119
1276238 1276238
1276238 1914357
1276238 2552476
1276238 3190595
1276238 3828714
1276238 4466833
1276238 5104952
1276238 5743071
1276238 6381190
1276238 7019309
1914357 0
1914357 638119
1914357 1276238
1914357 1914357
1914357 2552476
1914357 3190595
1914357 3828714
1914357 4466833
1914357 5104952
1914357 5743071
1914357 6381190
1914357 7019309
2552476 0
2552476 638119
2552476 1276238
2552476 1914357
2552476 2552476
2552476 3190595
2552476 3828714
2552476 4466833
2552476 5104952
2552476 5743071
2552476 6381190
2552476 7019309
3190595 0
3190595 638119
3190595 1276238
3190595 1914357
3190595 2552476
3190595 3190595
3190595 3828714
3190595 4466833
3190595 5104952
3190595 5743071
3190595 6381190
3190595 7019309
3828714 0
3828714 638119
3828714 1276238
3828714 1914357
3828714 2552476
3828714 3190595
3828714 3828714
3828714 4466833
3828714 5104952
3828714 5743071
3828714 6381190
3828714 7019309
4466833 0
4466833 638119
4466833 1276238
4466833 1914357
4466833 2552476
4466833 3190595
4466833 3828714
4466833 4466833
4466833 5104952
4466833 5743071
4466833 6381190
4466833 7019309
5104952 0
5104952 638119
5104952 1276238
5104952 1914357
5104952 2552476
5104952 3190595
5104952 3828714
5104952 4466833
5104952 5104952
5104952 5743071
5104952 6381190
5104952 7019309
5743071 0
5743071 638119
5743071 1276238
5743071 1914357
5743071 2552476
5743071 3190595
5743071 3828714
5743071 4466833
5743071 5104952
5743071 5743071
5743071 6381190
5743071 7019309
6381190 0
6381190 638119
6381190 1276238
6381190 1914357
6381190 2552476
6381190 3190595
6381190 3828714
6381190 4466833
6381190 5104952
6381190 5743071
6381190 6381190
6381190 7019309
7019309 0
7019309 638119
7019309 1276238
7019309 1914357
7019309 2552476
7019309 3190595
7019309 3828714
7019309 4466833
7019309 5104952
7019309 5743071
7019309 6381190
7019309 7019309
7657428 0
7657428 638119
7657428 1276238
7657428 1914357
7657428 2552476
7657428 3190595
7657428 3828714
7657428 4466833
7657428 5104952
7657428 5743071
7657428 6381190
7657428 7019309
8295547 0
8295547 638119
8295547 1276238
8295547 1914357
8295547 2552476
8295547 3190595
8295547 3828714
8295547 4466833
8295547 5104952
8295547 5743071
8295547 6381190
8295547 7019309
8933666 0
8933666 638119
8933666 1276238
8933666 1914357
8933666 2552476
8933666 3190595
8933666 3828714
8933666 4466833
8933666 5104952
8933666 5743071
8933666 6381190
8933666 7019309
9571785 0
9571785 638119
9571785 1276238
9571785 1914357
9571785 2552476
9571785 3190595
9571785 3828714
9571785 4466833
9571785 5104952
9571785 5743071
9571785 6381190
9571785 7019309
10209904 0
10209904 638119
10209904 1276238
10209904 1914357
10209904 2552476
10209904 3190595
10209904 3828714
10209904 4466833
10209904 5104952
10209904 5743071
10209904 6381190
10209904 7019309
10848023 0
10848023 638119
10848023 1276238
10848023 1914357
10848023 2552476
10848023 3190595
10848023 3828714
10848023 4466833
10848023 5104952
10848023 5743071
10848023 6381190
10848023 7019309
11486142 0
11486142 638119
11486142 1276238
11486142 1914357
11486142 2552476
11486142 3190595
11486142 3828714
11486142 4466833
11486142 5104952
11486142 5743071
11486142 6381190
11486142 7019309
12124261 0
12124261 638119
12124261 1276238
12124261 1914357
12124261 2552476
12124261 3190595
12124261 3828714
12124261 4466833
12124261 5104952
12124261 5743071
12124261 6381190
12124261 7019309
12762380 0
12762380 638119
12762380 1276238
12762380 1914357
12762380 2552476
12762380 3190595
12762380 3828714
12762380 4466833
12762380 5104952
12762380 5743071
12762380 6381190
12762380 7019309
13400499 0
13400499 638119
13400499 1276238
13400499 1914357
13400499 2552476
13400499 3190595
13400499 3828714
13400499 4466833
13400499 5104952
13400499 5743071
13400499 6381190
13400499 7019309
14038618 0
14038618 638119
14038618 1276238
14038618 1914357
14038618 2552476
14038618 3190595
14038618 3828714
14038618 4466833
14038618 5104952
14038618 5743071
14038618 6381190
14038618 7019309
14676737 0
14676737 638119
14676737 1276238
14676737 1914357
14676737 2552476
14676737 3190595
14676737 3828714
14676737 4466833
14676737 5104952
14676737 5743071
14676737 6381190
14676737 7019309
15314856 0
15314856 638119
15314856 1276238
15314856 1914357
15314856 2552476
15314856 3190595
15314856 3828714
15314856 4466833
15314856 5104952
15314856 5743071
15314856 6381190
15314856 7019309
15952975 0
15952975 638119
15952975 1276238
15952975 1914357
15952975 2552476
15952975 3190595
15952975 3828714
15952975 4466833
15952975 5104952
15952975 5743071
15952975 6381190
15952975 7019309
16591094 0
16591094 638119
16591094 1276238
16591094 1914357
16591094 2552476
16591094 3190595
16591094 3828714
16591094 4466833
16591094 5104952
16591094 5743071
16591094 6381190
16591094 7019309
17229213 0
17229213 638119
17229213 1276238
17229213 1914357
17229213 2552476
17229213 3190595
17229213 3828714
17229213 4466833
17229213 5104952
17229213 5743071
17229213 6381190
17229213 7019309
17867332 0
17867332 638119
17867332 1276238
17867332 1914357
17867332 2552476
17867332 3190595
17867332 3828714
17867332 4466833
17867332 5104952
17867332 5743071
17867332 6381190
17867332 7019309
18505451 0
18505451 638119
18505451 1276238
18505451 1914357
18505451 2552476
18505451 3190595
18505451 3828714
18505451 4466833
18505451 5104952
18505451 5743071
18505451 6381190
18505451 7019309
19143570 0
19143570 638119
19143570 1276238
19143570 1914357
19143570 2552476
19143570 3190595
19143570 3828714
19143570 4466833
19143570 5104952
19143570 5743071
19143570 6381190
19143570 7019309
19781689 0
19781689 638119
19781689 1276238
19781689 1914357
19781689 2552476
19781689 3190595
19781689 3828714
19781689 4466833
19781689 5104952
19781689 5743071
19781689 6381190
19781689 7019309
20419808 0
20419808 638119
20419808 1276238
20419808 1914357
20419808 2552476
20419808 3190595
20419808 3828714
20419808 4466833
20419808 5104952
20419808 5743071
20419808 6381190
20419808 7019309
21057927 0
21057927 638119
21057927 1276238
21057927 1914357
21057927 2552476
21057927 3190595
21057927 3828714
21057927 4466833
21057927 5104952
21057927 5743071
21057927 6381190
21057927 7019309
21696046 0
21696046 638119
21696046 1276238
21696046 1914357
21696046 2552476
21696046 3190595
21696046 3828714
21696046 4466833
21696046 5104952
21696046 5743071
21696046 6381190
21696046 7019309
22334165 0
22334165 638119
22334165 1276238
22334165 1914357
22334165 2552476
22334165 3190595
22334165 3828714
22334165 4466833
22334165 5104952
22334165 5743071
22334165 6381190
22334165 7019309
22972284 0
22972284 638119
22972284 1276238
22972284 1914357
22972284 2552476
22972284 3190595
22972284 3828714
22972284 4466833
22972284 5104952
22972284 5743071
22972284 6381190
22972284 7019309
23610403 0
23610403 638119
23610403 1276238
23610403 1914357
23610403 2552476
23610403 3190595
23610403 3828714
23610403 4466833
23610403 5104952
23610403 5743071
23610403 6381190
23610403 7019309
24248522 0
24248522 638119
24248522 1276238
24248522 1914357
24248522 2552476
24248522 3190595
24248522 3828714
24248522 4466833
24248522 5104952
24248522 5743071
24248522 6381190
24248522 7019309
24886641 0
24886641 638119
24886641 1276238
24886641 1914357
24886641 2552476
24886641 3190595
24886641 3828714
24886641 4466833
24886641 5104952
24886641 5743071
24886641 6381190
24886641 7019309
25524760 0
25524760 638119
25524760 1276238
25524760 1914357
25524760 2552476
25524760 3190595
25524760 3828714
25524760 4466833
25524760 5104952
25524760 5743071
25524760 6381190
25524760 7019309
26162879 0
26162879 638119
26162879 1276238
26162879 1914357
26162879 2552476
26162879 3190595
26162879 3828714
26162879 4466833
26162879 5104952
26162879 5743071
26162879 6381190
26162879 7019309
26800998 0
26800998 638119
26800998 1276238
26800998 1914357
26800998 2552476
26800998 3190595
26800998 3828714
26800998 4466833
26800998 5104952
26800998 5743071
26800998 6381190
26800998 7019309
27439117 0
27439117 638119
27439117 1276238
27439117 1914357
27439117 2552476
27439117 3190595
27439117 3828714
27439117 4466833
27439117 5104952
27439117 5743071
27439117 6381190
27439117 7019309
28077236 0
28077236 638119
28077236 1276238
28077236 1914357
28077236 2552476
28077236 3190595
28077236 3828714
28077236 4466833
28077236 5104952
28077236 5743071
28077236 6381190
28077236 7019309
28715355 0
28715355 638119
28715355 1276238
28715355 1914357
28715355 2552476
28715355 3190595
28715355 3828714
28715355 4466833
28715355 5104952
28715355 5743071
28715355 6381190
28715355 7019309
29353474 0
29353474 638119
29353474 1276238
29353474 1914357
29353474 2552476
29353474 3190595
29353474 3828714
29353474 4466833
29353474 5104952
29353474 5743071
29353474 6381190
29353474 7019309
29991593 0
29991593 638119
29991593 1276238
29991593 1914357
29991593 2552476
29991593 3190595
29991593 3828714
29991593 4466833
29991593 5104952
29991593 5743071
29991593 6381190
29991593 7019309
30629712 0
30629712 638119
30629712 1276238
30629712 1914357
30629712 2552476
30629712 3190595
30629712 3828714
30629712 4466833
30629712 5104952
30629712 5743071
30629712 6381190
30629712 7019309
31267831 0
31267831 638119
31267831 1276238
31267831 1914357
31267831 2552476
31267831 3190595
31267831 3828714
31267831 4466833
31267831 5104952
31267831 5743071
31267831 6381190
31267831 7019309
31905950 0
31905950 638119
31905950 1276238
31905950 1914357
31905950 2552476
31905950 3190595
31905950 3828714
31905950 4466833
31905950 5104952
31905950 5743071
31905950 6381190
31905950 7019309
32544069 0
32544069 638119
32544069 1276238
32544069 1914357
32544069 2552476
32544069 3190595
32544069 3828714
32544069 4466833
32544069 5104952
32544069 5743071
32544069 6381190
32544069 7019309
33182188 0
33182188 638119
33182188 1276238
33182188 1914357
33182188 2552476
33182188 3190595
33182188 3828714
33182188 4466833
33182188 5104952
33182188 5743071
33182188 6381190
33182188 7019309
33820307 0
33820307 638119
33820307 1276238
33820307 1914357
33820307 2552476
33820307 3190595
33820307 3828714
33820307 4466833
33820307 5104952
33820307 5743071
33820307 6381190
33820307 7019309
34458426 0
34458426 638119
34458426 1276238
34458426 1914357
34458426 2552476
34458426 3190595
34458426 3828714
34458426 4466833
34458426 5104952
34458426 5743071
34458426 6381190
34458426 7019309
35096545 0
35096545 638119
35096545 1276238
35096545 1914357
35096545 2552476
35096545 3190595
35096545 3828714
35096545 4466833
35096545 5104952
35096545 5743071
35096545 6381190
35096545 7019309
35734664 0
35734664 638119
35734664 1276238
35734664 1914357
35734664 2552476
35734664 3190595
35734664 3828714
35734664 4466833
35734664 5104952
35734664 5743071
35734664 6381190
35734664 7019309
36372783 0
36372783 638119
36372783 1276238
36372783 1914357
36372783 2552476
36372783 3190595
36372783 3828714
36372783 4466833
36372783 5104952
36372783 5743071
36372783 6381190
36372783 7019309
37010902 0
37010902 638119
37010902 1276238
37010902 1914357
37010902 2552476
37010902 3190595
37010902 3828714
37010902 4466833
37010902 5104952
37010902 5743071
37010902 6381190
37010902 7019309
37649021 0
37649021 638119
37649021 1276238
37649021 1914357
37649021 2552476
37649021 3190595
37649021 3828714
37649021 4466833
37649021 5104952
37649021 5743071
37649021 6381190
37649021 7019309
38287140 0
38287140 638119
38287140 1276238
38287140 1914357
38287140 2552476
38287140 3190595
38287140 3828714
38287140 4466833
38287140 5104952
38287140 5743071
38287140 6381190
38287140 7019309
38925259 0
38925259 638119
38925259 1276238
38925259 1914357
38925259 2552476
38925259 3190595
38925259 3828714
38925259 4466833
38925259 5104952
38925259 5743071
38925259 6381190
38925259 7019309
39563378 0
39563378 638119
39563378 1276238
39563378 1914357
39563378 2552476
39563378 3190595
39563378 3828714
39563378 4466833
39563378 5104952
39563378 5743071
39563378 6381190
39563378 7019309
40201497 0
40201497 638119
40201497 1276238
40201497 1914357
40201497 2552476
40201497 3190595
40201497 3828714
40201497 4466833
40201497 5104952
40201497 5743071
40201497 6381190
40201497 7019309
40839616 0
40839616 638119
40839616 1276238
40839616 1914357
40839616 2552476
40839616 3190595
40839616 3828714
40839616 4466833
40839616 5104952
40839616 5743071
40839616 6381190
40839616 7019309
41477735 0
41477735 638119
41477735 1276238
41477735 1914357
41477735 2552476
41477735 3190595
41477735 3828714
41477735 4466833
41477735 5104952
41477735 5743071
41477735 6381190
41477735 7019309
42115854 0
42115854 638119
42115854 1276238
42115854 1914357
42115854 2552476
42115854 3190595
42115854 3828714
42115854 4466833
42115854 5104952
42115854 5743071
42115854 6381190
42115854 7019309
42753973 0
42753973 638119
42753973 1276238
42753973 1914357
42753973 2552476
42753973 3190595
42753973 3828714
42753973 4466833
42753973 5104952
42753973 5743071
42753973 6381190
42753973 7019309
43392092 0
43392092 638119
43392092 1276238
43392092 1914357
43392092 2552476
43392092 3190595
43392092 3828714
43392092 4466833
43392092 5104952
43392092 5743071
43392092 6381190
43392092 7019309
44030211 0
44030211 638119
44030211 1276238
44030211 1914357
44030211 2552476
44030211 3190595
44030211 3828714
44030211 4466833
44030211 5104952
44030211 5743071
44030211 6381190
44030211 7019309
44668330 0
44668330 638119
44668330 1276238
44668330 1914357
44668330 2552476
44668330 3190595
44668330 3828714
44668330 4466833
44668330 5104952
44668330 5743071
44668330 6381190
44668330 7019309
45306449 0
45306449 638119
45306449 1276238
45306449 1914357
45306449 2552476
45306449 3190595
45306449 3828714
45306449 4466833
45306449 5104952
45306449 5743071
45306449 6381190
45306449 7019309
45944568 0
45944568 638119
45944568 1276238
45944568 1914357
45944568 2552476
45944568 3190595
45944568 3828714
45944568 4466833
45944568 5104952
45944568 5743071
45944568 6381190
45944568 7019309
46582687 0
46582687 638119
46582687 1276238
46582687 1914357
46582687 2552476
46582687 3190595
46582687 3828714
46582687 4466833
46582687 5104952
46582687 5743071
46582687 6381190
46582687 7019309
47220806 0
47220806 638119
47220806 1276238
47220806 1914357
47220806 2552476
47220806 3190595
47220806 3828714
47220806 4466833
47220806 5104952
47220806 5743071
47220806 6381190
47220806 7019309
47858925 0
47858925 638119
47858925 1276238
47858925 1914357
47858925 2552476
47858925 3190595
47858925 3828714
47858925 4466833
47858925 5104952
47858925 5743071
47858925 6381190
47858925 7019309
48497044 0
48497044 638119
48497044 1276238
48497044 1914357
48497044 2552476
48497044 3190595
48497044 3828714
48497044 4466833
48497044 5104952
48497044 5743071
48497044 6381190
48497044 7019309
49135163 0
49135163 638119
49135163 1276238
49135163 1914357
49135163 2552476
49135163 3190595
49135163 3828714
49135163 4466833
49135163 5104952
49135163 5743071
49135163 6381190
49135163 7019309
49773282 0
49773282 638119
49773282 1276238
49773282 1914357
49773282 2552476
49773282 3190595
49773282 3828714
49773282 4466833
49773282 5104952
49773282 5743071
49773282 6381190
49773282 7019309
50411401 0
50411401 638119
50411401 1276238
50411401 1914357
50411401 2552476
50411401 3190595
50411401 3828714
50411401 4466833
50411401 5104952
50411401 5743071
50411401 6381190
50411401 7019309
51049520 0
51049520 638119
51049520 1276238
51049520 1914357
51049520 2552476
51049520 3190595
51049520 3828714
51049520 4466833
51049520 5104952
51049520 5743071
51049520 6381190
51049520 7019309
51687639 0
51687639 638119
51687639 1276238
51687639 1914357
51687639 2552476
51687639 3190595
51687639 3828714
51687639 4466833
51687639 5104952
51687639 5743071
51687639 6381190
51687639 7019309
52325758 0
52325758 638119
52325758 1276238
52325758 1914357
52325758 2552476
52325758 3190595
52325758 3828714
52325758 4466833
52325758 5104952
52325758 5743071
52325758 6381190
52325758 7019309
52963877 0
52963877 638119
52963877 1276238
52963877 1914357
52963877 2552476
52963877 3190595
52963877 3828714
52963877 4466833
52963877 5104952
52963877 5743071
52963877 6381190
52963877 7019309
53601996 0
53601996 638119
53601996 1276238
53601996 1914357
53601996 2552476
53601996 3190595
53601996 3828714
53601996 4466833
53601996 5104952
53601996 5743071
53601996 6381190
53601996 7019309
54240115 0
54240115 638119
54240115 1276238
54240115 1914357
54240115 2552476
54240115 3190595
54240115 3828714
54240115 4466833
54240115 5104952
54240115 5743071
54240115 6381190
54240115 7019309
54878234 0
54878234 638119
54878234 1276238
54878234 1914357
54878234 2552476
54878234 3190595
54878234 3828714
54878234 4466833
54878234 5104952
54878234 5743071
54878234 6381190
54878234 7019309
55516353 0
55516353 638119
55516353 1276238
55516353 1914357
55516353 2552476
55516353 3190595
55516353 3828714
55516353 4466833
55516353 5104952
55516353 5743071
55516353 6381190
55516353 7019309
56154472 0
56154472 638119
56154472 1276238
56154472 1914357
56154472 2552476
56154472 3190595
56154472 3828714
56154472 4466833
56154472 5104952
56154472 5743071
56154472 6381190
56154472 7019309
56792591 0
56792591 638119
56792591 1276238
56792591 1914357
56792591 2552476
56792591 3190595
56792591 3828714
56792591 4466833
56792591 5104952
56792591 5743071
56792591 6381190
56792591 7019309
57430710 0
57430710 638119
57430710 1276238
57430710 1914357
57430710 2552476
57430710 3190595
57430710 3828714
57430710 4466833
57430710 5104952
57430710 5743071
57430710 6381190
57430710 7019309
58068829 0
58068829 638119
58068829 1276238
58068829 1914357
58068829 2552476
58068829 3190595
58068829 3828714
58068829 4466833
58068829 5104952
58068829 5743071
58068829 6381190
58068829 7019309
58706948 0
58706948 638119
58706948 1276238
58706948 1914357
58706948 2552476
58706948 3190595
58706948 3828714
58706948 4466833
58706948 5104952
58706948 5743071
58706948 6381190
58706948 7019309
59345067 0
59345067 638119
59345067 1276238
59345067 1914357
59345067 2552476
59345067 3190595
59345067 3828714
59345067 4466833
59345067 5104952
59345067 5743071
59345067 6381190
59345067 7019309
59983186 0
59983186 638119
59983186 1276238
59983186 1914357
59983186 2552476
59983186 3190595
59983186 3828714
59983186 4466833
59983186 5104952
59983186 5743071
59983186 6381190
59983186 7019309
60621305 0
60621305 638119
60621305 1276238
60621305 1914357
60621305 2552476
60621305 3190595
60621305 3828714
60621305 4466833
60621305 5104952
60621305 5743071
60621305 6381190
60621305 7019309
61259424 0
61259424 638119
61259424 1276238
61259424 1914357
61259424 2552476
61259424 3190595
61259424 3828714
61259424 4466833
61259424 5104952
61259424 5743071
61259424 6381190
61259424 7019309
61897543 0
61897543 638119
61897543 1276238
61897543 1914357
61897543 2552476
61897543 3190595
61897543 3828714
61897543 4466833
61897543 5104952
61897543 5743071
61897543 6381190
61897543 7019309
62535662 0
62535662 638119
62535662 1276238
62535662 1914357
62535662 2552476
62535662 3190595
62535662 3828714
62535662 4466833
62535662 5104952
62535662 5743071
62535662 6381190
62535662 7019309
63173781 0
63173781 638119
63173781 1276238
63173781 1914357
63173781 2552476
63173781 3190595
63173781 3828714
63173781 4466833
63173781 5104952
63173781 5743071
63173781 6381190
63173781 7019309
63811900 0
63811900 638119
63811900 1276238
63811900 1914357
63811900 2552476
63811900 3190595
63811900 3828714
63811900 4466833
63811900 5104952
63811900 5743071
63811900 6381190
63811900 7019309
64450019 0
64450019 638119
64450019 1276238
64450019 1914357
64450019 2552476
64450019 3190595
64450019 3828714
64450019 4466833
64450019 5104952
64450019 5743071
64450019 6381190
64450019 7019309
65088138 0
65088138 638119
65088138 1276238
65088138 1914357
65088138 2552476
65088138 3190595
65088138 3828714
65088138 4466833
65088138 5104952
65088138 5743071
65088138 6381190
65088138 7019309
65726257 0
65726257 638119
65726257 1276238
65726257 1914357
65726257 2552476
65726257 3190595
65726257 3828714
65726257 4466833
65726257 5104952
65726257 5743071
65726257 6381190
65726257 7019309
66364376 0
66364376 638119
66364376 1276238
66364376 1914357
66364376 2552476
66364376 3190595
66364376 3828714
66364376 4466833
66364376 5104952
66364376 5743071
66364376 6381190
66364376 7019309
67002495 0
67002495 638119
67002495 1276238
67002495 1914357
67002495 2552476
67002495 3190595
67002495 3828714
67002495 4466833
67002495 5104952
67002495 5743071
67002495 6381190
67002495 7019309
67640614 0
67640614 638119
67640614 1276238
67640614 1914357
67640614 2552476
67640614 3190595
67640614 3828714
67640614 4466833
67640614 5104952
67640614 5743071
67640614 6381190
67640614 7019309
68278733 0
68278733 638119
68278733 1276238
68278733 1914357
68278733 2552476
68278733 3190595
68278733 3828714
68278733 4466833
68278733 5104952
68278733 5743071
68278733 6381190
68278733 7019309
68916852 0
68916852 638119
68916852 1276238
68916852 1914357
68916852 2552476
68916852 3190595
68916852 3828714
68916852 4466833
68916852 5104952
68916852 5743071
68916852 6381190
68916852 7019309
69554971 0
69554971 638119
69554971 1276238
69554971 1914357
69554971 2552476
69554971 3190595
69554971 3828714
69554971 4466833
69554971 5104952
69554971 5743071
69554971 6381190
69554971 7019309
70193090 0
70193090 638119
70193090 1276238
70193090 1914357
70193090 2552476
70193090 3190595
70193090 3828714
70193090 4466833
70193090 5104952
70193090 5743071
70193090 6381190
70193090 7019309
70831209 0
70831209 638119
70831209 1276238
70831209 1914357
70831209 2552476
70831209 3190595
70831209 3828714
70831209 4466833
70831209 5104952
70831209 5743071
70831209 6381190
70831209 7019309
71469328 0
71469328 638119
71469328 1276238
71469328 1914357
71469328 2552476
71469328 3190595
71469328 3828714
71469328 4466833
71469328 5104952
71469328 5743071
71469328 6381190
71469328 7019309
72107447 0
72107447 638119
72107447 1276238
72107447 1914357
72107447 2552476
72107447 3190595
72107447 3828714
72107447 4466833
72107447 5104952
72107447 5743071
72107447 6381190
72107447 7019309
72745566 0
72745566 638119
72745566 1276238
72745566 1914357
72745566 2552476
72745566 3190595
72745566 3828714
72745566 4466833
72745566 5104952
72745566 5743071
72745566 6381190
72745566 7019309
73383685 0
73383685 638119
73383685 1276238
73383685 1914357
73383685 2552476
73383685 3190595
73383685 3828714
73383685 4466833
73383685 5104952
73383685 5743071
73383685 6381190
73383685 7019309
74021804 0
74021804 638119
74021804 1276238
74021804 1914357
74021804 2552476
74021804 3190595
74021804 3828714
74021804 4466833
74021804 5104952
74021804 5743071
74021804 6381190
74021804 7019309
74659923 0
74659923 638119
74659923 1276238
74659923 1914357
74659923 2552476
74659923 3190595
74659923 3828714
74659923 4466833
74659923 5104952
74659923 5743071
74659923 6381190
74659923 7019309
75298042 0
75298042 638119
75298042 1276238
75298042 1914357
75298042 2552476
75298042 3190595
75298042 3828714
75298042 4466833
75298042 5104952
75298042 5743071
75298042 6381190
75298042 7019309
75936161 0
75936161 638119
75936161 1276238
75936161 1914357
75936161 2552476
75936161 3190595
75936161 3828714
75936161 4466833
75936161 5104952
75936161 5743071
75936161 6381190
75936161 7019309
76574280 0
76574280 638119
76574280 1276238
76574280 1914357
76574280 2552476
76574280 3190595
76574280 3828714
76574280 4466833
76574280 5104952
76574280 5743071
76574280 6381190
76574280 7019309
77212399 0
77212399 638119
77212399 1276238
77212399 1914357
77212399 2552476
77212399 3190595
77212399 3828714
77212399 4466833
77212399 5104952
77212399 5743071
77212399 6381190
77212399 7019309
77850518 0
77850518 638119
77850518 1276238
77850518 1914357
77850518 2552476
77850518 3190595
77850518 3828714
77850518 4466833
77850518 5104952
77850518 5743071
77850518 6381190
77850518 7019309
78488637 0
78488637 638119
78488637 1276238
78488637 1914357
78488637 2552476
78488637 3190595
78488637 3828714
78488637 4466833
78488637 5104952
78488637 5743071
78488637 6381190
78488637 7019309
79126756 0
79126756 638119
79126756 1276238
79126756 1914357
79126756 2552476
79126756 3190595
79126756 3828714
79126756 4466833
79126756 5104952
79126756 5743071
79126756 6381190
79126756 7019309
79764875 0
79764875 638119
79764875 1276238
79764875 1914357
79764875 2552476
79764875 3190595
79764875 3828714
79764875 4466833
79764875 5104952
79764875 5743071
79764875 6381190
79764875 7019309
80402994 0
80402994 638119
80402994 1276238
80402994 1914357
80402994 2552476
80402994 3190595
80402994 3828714
80402994 4466833
80402994 5104952
80402994 5743071
80402994 6381190
80402994 7019309
81041113 0
81041113 638119
81041113 1276238
81041113 1914357
81041113 2552476
81041113 3190595
81041113 3828714
81041113 4466833
81041113 5104952
81041113 5743071
81041113 6381190
81041113 7019309
81679232 0
81679232 638119
81679232 1276238
81679232 1914357
81679232 2552476
81679232 3190595
81679232 3828714
81679232 4466833
81679232 5104952
81679232 5743071
81679232 6381190
81679232 7019309
82317351 0
82317351 638119
82317351 1276238
82317351 1914357
82317351 2552476
82317351 3190595
82317351 3828714
82317351 4466833
82317351 5104952
82317351 5743071
82317351 6381190
82317351 7019309
82955470 0
82955470 638119
82955470 1276238
82955470 1914357
82955470 2552476
82955470 3190595
82955470 3828714
82955470 4466833
82955470 5104952
82955470 5743071
82955470 6381190
82955470 7019309
83593589 0
83593589 638119
83593589 1276238
83593589 1914357
83593589 2552476
83593589 3190595
83593589 3828714
83593589 4466833
83593589 5104952
83593589 5743071
83593589 6381190
83593589 7019309
84231708 0
84231708 638119
84231708 1276238
84231708 1914357
84231708 2552476
84231708 3190595
84231708 3828714
84231708 4466833
84231708 5104952
84231708 5743071
84231708 6381190
84231708 7019309
84869827 0
84869827 638119
84869827 1276238
84869827 1914357
84869827 2552476
84869827 3190595
84869827 3828714
84869827 4466833
84869827 5104952
84869827 5743071
84869827 6381190
84869827 7019309
85507946 0
85507946 638119
85507946 1276238
85507946 1914357
85507946 2552476
85507946 3190595
85507946 3828714
85507946 4466833
85507946 5104952
85507946 5743071
85507946 6381190
85507946 7019309
86146065 0
86146065 638119
86146065 1276238
86146065 1914357
86146065 2552476
86146065 3190595
86146065 3828714
86146065 4466833
86146065 5104952
86146065 5743071
86146065 6381190
86146065 7019309
86784184 0
86784184 638119
86784184 1276238
86784184 1914357
86784184 2552476
86784184 3190595
86784184 3828714
86784184 4466833
86784184 5104952
86784184 5743071
86784184 6381190
86784184 7019309
87422303 0
87422303 638119
87422303 1276238
87422303 1914357
87422303 2552476
87422303 3190595
87422303 3828714
87422303 4466833
87422303 5104952
87422303 5743071
87422303 6381190
87422303 7019309
88060422 0
88060422 638119
88060422 1276238
88060422 1914357
88060422 2552476
88060422 3190595
88060422 3828714
88060422 4466833
88060422 5104952
88060422 5743071
88060422 6381190
88060422 7019309
88698541 0
88698541 638119
88698541 1276238
88698541 1914357
88698541 2552476
88698541 3190595
88698541 3828714
88698541 4466833
88698541 5104952
88698541 5743071
88698541 6381190
88698541 7019309
89336660 0
89336660 638119
89336660 1276238
89336660 1914357
89336660 2552476
89336660 3190595
89336660 3828714
89336660 4466833
89336660 5104952
89336660 5743071
89336660 6381190
89336660 7019309
89974779 0
89974779 638119
89974779 1276238
89974779 1914357
89974779 2552476
89974779 3190595
89974779 3828714
89974779 4466833
89974779 5104952
89974779 5743071
89974779 6381190
89974779 7019309
90612898 0
90612898 638119
90612898 1276238
90612898 1914357
90612898 2552476
90612898 3190595
90612898 3828714
90612898 4466833
90612898 5104952
90612898 5743071
90612898 6381190
90612898 7019309
91251017 0
91251017 638119
91251017 1276238
91251017 1914357
91251017 2552476
91251017 3190595
91251017 3828714
91251017 4466833
91251017 5104952
91251017 5743071
91251017 6381190
91251017 7019309
91889136 0
91889136 638119
91889136 1276238
91889136 1914357
91889136 2552476
91889136 3190595
91889136 3828714
91889136 4466833
91889136 5104952
91889136 5743071
91889136 6381190
91889136 7019309
92527255 0
92527255 638119
92527255 1276238
92527255 1914357
92527255 2552476
92527255 3190595
92527255 3828714
92527255 4466833
92527255 5104952
92527255 5743071
92527255 6381190
92527255 7019309
93165374 0
93165374 638119
93165374 1276238
93165374 1914357
93165374 2552476
93165374 3190595
93165374 3828714
93165374 4466833
93165374 5104952
93165374 5743071
93165374 6381190
93165374 7019309
93803493 0
93803493 638119
93803493 1276238
93803493 1914357
93803493 2552476
93803493 3190595
93803493 3828714
93803493 4466833
93803493 5104952
93803493 5743071
93803493 6381190
93803493 7019309
94441612 0
94441612 638119
94441612 1276238
94441612 1914357
94441612 2552476
94441612 3190595
94441612 3828714
94441612 4466833
94441612 5104952
94441612 5743071
94441612 6381190
94441612 7019309
95079731 0
95079731 638119
95079731 1276238
95079731 1914357
95079731 2552476
95079731 3190595
95079731 3828714
95079731 4466833
95079731 5104952
95079731 5743071
95079731 6381190
95079731 7019309
95717850 0
95717850 638119
95717850 1276238
95717850 1914357
95717850 2552476
95717850 3190595
95717850 3828714
95717850 4466833
95717850 5104952
95717850 5743071
95717850 6381190
95717850 7019309
96355969 0
96355969 638119
96355969 1276238
96355969 1914357
96355969 2552476
96355969 3190595
96355969 3828714
96355969 4466833
96355969 5104952
96355969 5743071
96355969 6381190
96355969 7019309
96994088 0
96994088 638119
96994088 1276238
96994088 1914357
96994088 2552476
96994088 3190595
96994088 3828714
96994088 4466833
96994088 5104952
96994088 5743071
96994088 6381190
96994088 7019309
97632207 0
97632207 638119
97632207 1276238
97632207 1914357
97632207 2552476
97632207 3190595
97632207 3828714
97632207 4466833
97632207 5104952
97632207 5743071
97632207 6381190
97632207 7019309
98270326 0
98270326 638119
98270326 1276238
98270326 1914357
98270326 2552476
98270326 3190595
98270326 3828714
98270326 4466833
98270326 5104952
98270326 5743071
98270326 6381190
98270326 7019309
98908445 0
98908445 638119
98908445 1276238
98908445 1914357
98908445 2552476
98908445 3190595
98908445 3828714
98908445 4466833
98908445 5104952
98908445 5743071
98908445 6381190
98908445 7019309
99546564 0
99546564 638119
99546564 1276238
99546564 1914357
99546564 2552476
99546564 3190595
99546564 3828714
99546564 4466833
99546564 5104952
99546564 5743071
99546564 6381190
99546564 7019309
100184683 0
100184683 638119
100184683 1276238
100184683 1914357
100184683 2552476
100184683 3190595
100184683 3828714
100184683 4466833
100184683 5104952
100184683 5743071
100184683 6381190
100184683 7019309
100822802 0
100822802 638119
100822802 1276238
100822802 1914357
100822802 2552476
100822802 3190595
100822802 3828714
100822802 4466833
100822802 5104952
100822802 5743071
100822802 6381190
100822802 7019309
101460921 0
101460921 638119
101460921 1276238
101460921 1914357
101460921 2552476
101460921 3190595
101460921 3828714
101460921 4466833
101460921 5104952
101460921 5743071
101460921 6381190
101460921 7019309
102099040 0
102099040 638119
102099040 1276238
102099040 1914357
102099040 2552476
102099040 3190595
102099040 3828714
102099040 4466833
102099040 5104952
102099040 5743071
102099040 6381190
102099040 7019309
102737159 0
102737159 638119
102737159 1276238
102737159 1914357
102737159 2552476
102737159 3190595
102737159 3828714
102737159 4466833
102737159 5104952
102737159 5743071
102737159 6381190
102737159 7019309
103375278 0
103375278 638119
103375278 1276238
103375278 1914357
103375278 2552476
103375278 3190595
103375278 3828714
103375278 4466833
103375278 5104952
103375278 5743071
103375278 6381190
103375278 7019309
104013397 0
104013397 638119
104013397 1276238
104013397 1914357
104013397 2552476
104013397 3190595
104013397 3828714
104013397 4466833
104013397 5104952
104013397 5743071
104013397 6381190
104013397 7019309
104651516 0
104651516 638119
104651516 1276238
104651516 1914357
104651516 2552476
104651516 3190595
104651516 3828714
104651516 4466833
104651516 5104952
104651516 5743071
104651516 6381190
104651516 7019309
105289635 0
105289635 638119
105289635 1276238
105289635 1914357
105289635 2552476
105289635 3190595
105289635 3828714
105289635 4466833
105289635 5104952
105289635 5743071
105289635 6381190
105289635 7019309
105927754 0
105927754 638119
105927754 1276238
105927754 1914357
105927754 2552476
105927754 3190595
105927754 3828714
105927754 4466833
105927754 5104952
105927754 5743071
105927754 6381190
105927754 7019309
106565873 0
106565873 638119
106565873 1276238
106565873 1914357
106565873 2552476
106565873 3190595
106565873 3828714
106565873 4466833
106565873 5104952
106565873 5743071
106565873 6381190
106565873 7019309
107203992 0
107203992 638119
107203992 1276238
107203992 1914357
107203992 2552476
107203992 3190595
107203992 3828714
107203992 4466833
107203992 5104952
107203992 5743071
107203992 6381190
107203992 7019309
107842111 0
107842111 638119
107842111 1276238
107842111 1914357
107842111 2552476
107842111 3190595
107842111 3828714
107842111 4466833
107842111 5104952
107842111 5743071
107842111 6381190
107842111 7019309
108480230 0
108480230 638119
108480230 1276238
108480230 1914357
108480230 2552476
108480230 3190595
108480230 3828714
108480230 4466833
108480230 5104952
108480230 5743071
108480230 6381190
108480230 7019309
109118349 0
109118349 638119
109118349 1276238
109118349 1914357
109118349 2552476
109118349 3190595
109118349 3828714
109118349 4466833
109118349 5104952
109118349 5743071
109118349 6381190
109118349 7019309
109756468 0
109756468 638119
109756468 1276238
109756468 1914357
109756468 2552476
109756468 3190595
109756468 3828714
109756468 4466833
109756468 5104952
109756468 5743071
109756468 6381190
109756468 7019309
110394587 0
110394587 638119
110394587 1276238
110394587 1914357
110394587 2552476
110394587 3190595
110394587 3828714
110394587 4466833
110394587 5104952
110394587 5743071
110394587 6381190
110394587 7019309
111032706 0
111032706 638119
111032706 1276238
111032706 1914357
111032706 2552476
111032706 3190595
111032706 3828714
111032706 4466833
111032706 5104952
111032706 5743071
111032706 6381190
111032706 7019309
111670825 0
111670825 638119
111670825 1276238
111670825 1914357
111670825 2552476
111670825 3190595
111670825 3828714
111670825 4466833
111670825 5104952
111670825 5743071
111670825 6381190
111670825 7019309
112308944 0
112308944 638119
112308944 1276238
112308944 1914357
112308944 2552476
112308944 3190595
112308944 3828714
112308944 4466833
112308944 5104952
112308944 5743071
112308944 6381190
112308944 7019309
112947063 0
112947063 638119
112947063 1276238
112947063 1914357
112947063 2552476
112947063 3190595
112947063 3828714
112947063 4466833
112947063 5104952
112947063 5743071
112947063 6381190
112947063 7019309
113585182 0
113585182 638119
113585182 1276238
113585182 1914357
113585182 2552476
113585182 3190595
113585182 3828714
113585182 4466833
113585182 5104952
113585182 5743071
113585182 6381190
113585182 7019309
114223301 0
114223301 638119
114223301 1276238
114223301 1914357
114223301 2552476
114223301 3190595
114223301 3828714
114223301 4466833
114223301 5104952
114223301 5743071
114223301 6381190
114223301 7019309
114861420 0
114861420 638119
114861420 1276238
114861420 1914357
114861420 2552476
114861420 3190595
114861420 3828714
114861420 4466833
114861420 5104952
114861420 5743071
114861420 6381190
114861420 7019309
115499539 0
115499539 638119
115499539 1276238
115499539 1914357
115499539 2552476
115499539 3190595
115499539 3828714
115499539 4466833
115499539 5104952
115499539 5743071
115499539 6381190
115499539 7019309
116137658 0
116137658 638119
116137658 1276238
116137658 1914357
116137658 2552476
116137658 3190595
116137658 3828714
116137658 4466833
116137658 5104952
116137658 5743071
116137658 6381190
116137658 7019309
116775777 0
116775777 638119
116775777 1276238
116775777 1914357
116775777 2552476
116775777 3190595
116775777 3828714
116775777 4466833
116775777 5104952
116775777 5743071
116775777 6381190
116775777 7019309
117413896 0
117413896 638119
117413896 1276238
117413896 1914357
117413896 2552476
117413896 3190595
117413896 3828714
117413896 4466833
117413896 5104952
117413896 5743071
117413896 6381190
117413896 7019309
118052015 0
118052015 638119
118052015 1276238
118052015 1914357
118052015 2552476
118052015 3190595
118052015 3828714
118052015 4466833
118052015 5104952
118052015 5743071
118052015 6381190
118052015 7019309
118690134 0
118690134 638119
118690134 1276238
118690134 1914357
118690134 2552476
118690134 3190595
118690134 3828714
118690134 4466833
118690134 5104952
118690134 5743071
118690134 6381190
118690134 7019309
119328253 0
119328253 638119
119328253 1276238
119328253 1914357
119328253 2552476
119328253 3190595
119328253 3828714
119328253 4466833
119328253 5104952
119328253 5743071
119328253 6381190
119328253 7019309
119966372 0
119966372 638119
119966372 1276238
119966372 1914357
119966372 2552476
119966372 3190595
119966372 3828714
119966372 4466833
119966372 5104952
119966372 5743071
119966372 6381190
119966372 7019309
120604491 0
120604491 638119
120604491 1276238
120604491 1914357
120604491 2552476
120604491 3190595
120604491 3828714
120604491 4466833
120604491 5104952
120604491 5743071
120604491 6381190
120604491 7019309
121242610 0
121242610 638119
121242610 1276238
121242610 1914357
121242610 2552476
121242610 3190595
121242610 3828714
121242610 4466833
121242610 5104952
121242610 5743071
121242610 6381190
121242610 7019309
121880729 0
121880729 638119
121880729 1276238
121880729 1914357
121880729 2552476
121880729 3190595
121880729 3828714
121880729 4466833
121880729 5104952
121880729 5743071
121880729 6381190
121880729 7019309
122518848 0
122518848 638119
122518848 1276238
122518848 1914357
122518848 2552476
122518848 3190595
122518848 3828714
122518848 4466833
122518848 5104952
122518848 5743071
122518848 6381190
122518848 7019309
123156967 0
123156967 638119
123156967 1276238
123156967 1914357
123156967 2552476
123156967 3190595
123156967 3828714
123156967 4466833
123156967 5104952
123156967 5743071
123156967 6381190
123156967 7019309
123795086 0
123795086 638119
123795086 1276238
123795086 1914357
123795086 2552476
123795086 3190595
123795086 3828714
123795086 4466833
123795086 5104952
123795086 5743071
123795086 6381190
123795086 7019309
124433205 0
124433205 638119
124433205 1276238
124433205 1914357
124433205 2552476
124433205 3190595
124433205 3828714
124433205 4466833
124433205 5104952
124433205 5743071
124433205 6381190
124433205 7019309
125071324 0
125071324 638119
125071324 1276238
125071324 1914357
125071324 2552476
125071324 3190595
125071324 3828714
125071324 4466833
125071324 5104952
125071324 5743071
125071324 6381190
125071324 7019309
125709443 0
125709443 638119
125709443 1276238
125709443 1914357
125709443 2552476
125709443 3190595
125709443 3828714
125709443 4466833
125709443 5104952
125709443 5743071
125709443 6381190
125709443 7019309
126347562 0
126347562 638119
126347562 1276238
126347562 1914357
126347562 2552476
126347562 3190595
126347562 3828714
126347562 4466833
126347562 5104952
126347562 5743071
126347562 6381190
126347562 7019309
126985681 0
126985681 638119
126985681 1276238
126985681 1914357
126985681 2552476
126985681 3190595
126985681 3828714
126985681 4466833
126985681 5104952
126985681 5743071
126985681 6381190
126985681 7019309
127623800 0
127623800 638119
127623800 1276238
127623800 1914357
127623800 2552476
127623800 3190595
127623800 3828714
127623800 4466833
127623800 5104952
127623800 5743071
127623800 6381190
127623800 7019309
128261919 0
128261919 638119
128261919 1276238
128261919 1914357
128261919 2552476
128261919 3190595
128261919 3828714
128261919 4466833
128261919 5104952
128261919 5743071
128261919 6381190
128261919 7019309
128900038 0
128900038 638119
128900038 1276238
128900038 1914357
128900038 2552476
128900038 3190595
128900038 3828714
128900038 4466833
128900038 5104952
128900038 5743071
128900038 6381190
128900038 7019309
129538157 0
129538157 638119
129538157 1276238
129538157 1914357
129538157 2552476
129538157 3190595
129538157 3828714
129538157 4466833
129538157 5104952
129538157 5743071
129538157 6381190
129538157 7019309
130176276 0
130176276 638119
130176276 1276238
130176276 1914357
130176276 2552476
130176276 3190595
130176276 3828714
130176276 4466833
130176276 5104952
130176276 5743071
130176276 6381190
130176276 7019309
130814395 0
130814395 638119
130814395 1276238
130814395 1914357
130814395 2552476
130814395 3190595
130814395 3828714
130814395 4466833
130814395 5104952
130814395 5743071
130814395 6381190
130814395 7019309
131452514 0
131452514 638119
131452514 1276238
131452514 1914357
131452514 2552476
131452514 3190595
131452514 3828714
131452514 4466833
131452514 5104952
131452514 5743071
131452514 6381190
131452514 7019309
132090633 0
132090633 638119
132090633 1276238
132090633 1914357
132090633 2552476
132090633 3190595
132090633 3828714
132090633 4466833
132090633 5104952
132090633 5743071
132090633 6381190
132090633 7019309
132728752 0
132728752 638119
132728752 1276238
132728752 1914357
132728752 2552476
132728752 3190595
132728752 3828714
132728752 4466833
132728752 5104952
132728752 5743071
132728752 6381190
132728752 7019309
133366871 0
133366871 638119
133366871 1276238
133366871 1914357
133366871 2552476
133366871 3190595
133366871 3828714
133366871 4466833
133366871 5104952
133366871 5743071
133366871 6381190
133366871 7019309
134004990 0
134004990 638119
134004990 1276238
134004990 1914357
134004990 2552476
134004990 3190595
134004990 3828714
134004990 4466833
134004990 5104952
134004990 5743071
134004990 6381190
134004990 7019309
134643109 0
134643109 638119
134643109 1276238
134643109 1914357
134643109 2552476
134643109 3190595
134643109 3828714
134643109 4466833
134643109 5104952
134643109 5743071
134643109 6381190
134643109 7019309
135281228 0
135281228 638119
135281228 1276238
135281228 1914357
135281228 2552476
135281228 3190595
135281228 3828714
135281228 4466833
135281228 5104952
135281228 5743071
135281228 6381190
135281228 7019309
135919347 0
135919347 638119
135919347 1276238
135919347 1914357
135919347 2552476
135919347 3190595
135919347 3828714
135919347 4466833
135919347 5104952
135919347 5743071
135919347 6381190
135919347 7019309
136557466 0
136557466 638119
136557466 1276238
136557466 1914357
136557466 2552476
136557466 3190595
136557466 3828714
136557466 4466833
136557466 5104952
136557466 5743071
136557466 6381190
136557466 7019309
137195585 0
137195585 638119
137195585 1276238
137195585 1914357
137195585 2552476
137195585 3190595
137195585 3828714
137195585 4466833
137195585 5104952
137195585 5743071
137195585 6381190
137195585 7019309
137833704 0
137833704 638119
137833704 1276238
137833704 1914357
137833704 2552476
137833704 3190595
137833704 3828714
137833704 4466833
137833704 5104952
137833704 5743071
137833704 6381190
137833704 7019309
138471823 0
138471823 638119
138471823 1276238
138471823 1914357
138471823 2552476
138471823 3190595
138471823 3828714
138471823 4466833
138471823 5104952
138471823 5743071
138471823 6381190
138471823 7019309
139109942 0
139109942 638119
139109942 1276238
139109942 1914357
139109942 2552476
139109942 3190595
139109942 3828714
139109942 4466833
139109942 5104952
139109942 5743071
139109942 6381190
139109942 7019309
139748061 0
139748061 638119
139748061 1276238
139748061 1914357
139748061 2552476
139748061 3190595
139748061 3828714
139748061 4466833
139748061 5104952
139748061 5743071
139748061 6381190
139748061 7019309
140386180 0
140386180 638119
140386180 1276238
140386180 1914357
140386180 2552476
140386180 3190595
140386180 3828714
140386180 4466833
140386180 5104952
140386180 5743071
140386180 6381190
140386180 7019309
141024299 0
141024299 638119
141024299 1276238
141024299 1914357
141024299 2552476
141024299 3190595
141024299 3828714
141024299 4466833
141024299 5104952
141024299 5743071
141024299 6381190
141024299 7019309
141662418 0
141662418 638119
141662418 1276238
141662418 1914357
141662418 2552476
141662418 3190595
141662418 3828714
141662418 4466833
141662418 5104952
141662418 5743071
141662418 6381190
141662418 7019309
142300537 0
142300537 638119
142300537 1276238
142300537 1914357
142300537 2552476
142300537 3190595
142300537 3828714
142300537 4466833
142300537 5104952
142300537 5743071
142300537 6381190
142300537 7019309
142938656 0
142938656 638119
142938656 1276238
142938656 1914357
142938656 2552476
142938656 3190595
142938656 3828714
142938656 4466833
142938656 5104952
142938656 5743071
142938656 6381190
142938656 7019309
143576775 0
143576775 638119
143576775 1276238
143576775 1914357
143576775 2552476
143576775 3190595
143576775 3828714
143576775 4466833
143576775 5104952
143576775 5743071
143576775 6381190
143576775 7019309
144214894 0
144214894 638119
144214894 1276238
144214894 1914357
144214894 2552476
144214894 3190595
144214894 3828714
144214894 4466833
144214894 5104952
144214894 5743071
144214894 6381190
144214894 7019309
144853013 0
144853013 638119
144853013 1276238
144853013 1914357
144853013 2552476
144853013 3190595
144853013 3828714
144853013 4466833
144853013 5104952
144853013 5743071
144853013 6381190
144853013 7019309
145491132 0
145491132 638119
145491132 1276238
145491132 1914357
145491132 2552476
145491132 3190595
145491132 3828714
145491132 4466833
145491132 5104952
145491132 5743071
145491132 6381190
145491132 7019309
146129251 0
146129251 638119
146129251 1276238
146129251 1914357
146129251 2552476
146129251 3190595
146129251 3828714
146129251 4466833
146129251 5104952
146129251 5743071
146129251 6381190
146129251 7019309
146767370 0
146767370 638119
146767370 1276238
146767370 1914357
146767370 2552476
146767370 3190595
146767370 3828714
146767370 4466833
146767370 5104952
146767370 5743071
146767370 6381190
146767370 7019309
147405489 0
147405489 638119
147405489 1276238
147405489 1914357
147405489 2552476
147405489 3190595
147405489 3828714
147405489 4466833
147405489 5104952
147405489 5743071
147405489 6381190
147405489 7019309
148043608 0
148043608 638119
148043608 1276238
148043608 1914357
148043608 2552476
148043608 3190595
148043608 3828714
148043608 4466833
148043608 5104952
148043608 5743071
148043608 6381190
148043608 7019309
148681727 0
148681727 638119
148681727 1276238
148681727 1914357
148681727 2552476
148681727 3190595
148681727 3828714
148681727 4466833
148681727 5104952
148681727 5743071
148681727 6381190
148681727 7019309
149319846 0
149319846 638119
149319846 1276238
149319846 1914357
149319846 2552476
149319846 3190595
149319846 3828714
149319846 4466833
149319846 5104952
149319846 5743071
149319846 6381190
149319846 7019309
149957965 0
149957965 638119
149957965 1276238
149957965 1914357
149957965 2552476
149957965 3190595
149957965 3828714
149957965 4466833
149957965 5104952
149957965 5743071
149957965 6381190
149957965 7019309
150596084 0
150596084 638119
150596084 1276238
150596084 1914357
150596084 2552476
150596084 3190595
150596084 3828714
150596084 4466833
150596084 5104952
150596084 5743071
150596084 6381190
150596084 7019309
151234203 0
151234203 638119
151234203 1276238
151234203 1914357
151234203 2552476
151234203 3190595
151234203 3828714
151234203 4466833
151234203 5104952
151234203 5743071
151234203 6381190
151234203 7019309
151872322 0
151872322 638119
151872322 1276238
151872322 1914357
151872322 2552476
151872322 3190595
151872322 3828714
151872322 4466833
151872322 5104952
151872322 5743071
151872322 6381190
151872322 7019309
152510441 0
152510441 638119
152510441 1276238
152510441 1914357
152510441 2552476
152510441 3190595
152510441 3828714
152510441 4466833
152510441 5104952
152510441 5743071
152510441 6381190
152510441 7019309
153148560 0
153148560 638119
153148560 1276238
153148560 1914357
153148560 2552476
153148560 3190595
153148560 3828714
153148560 4466833
153148560 5104952
153148560 5743071
153148560 6381190
153148560 7019309
153786679 0
153786679 638119
153786679 1276238
153786679 1914357
153786679 2552476
153786679 3190595
153786679 3828714
153786679 4466833
153786679 5104952
153786679 5743071
153786679 6381190
153786679 7019309
154424798 0
154424798 638119
154424798 1276238
154424798 1914357
154424798 2552476
154424798 3190595
154424798 3828714
154424798 4466833
154424798 5104952
154424798 5743071
154424798 6381190
154424798 7019309
155062917 0
155062917 638119
155062917 1276238
155062917 1914357
155062917 2552476
155062917 3190595
155062917 3828714
155062917 4466833
155062917 5104952
155062917 5743071
155062917 6381190
155062917 7019309
155701036 0
155701036 638119
155701036 1276238
155701036 1914357
155701036 2552476
155701036 3190595
155701036 3828714
155701036 4466833
155701036 5104952
155701036 5743071
155701036 6381190
155701036 7019309
156339155 0
156339155 638119
156339155 1276238
156339155 1914357
156339155 2552476
156339155 3190595
156339155 3828714
156339155 4466833
156339155 5104952
156339155 5743071
156339155 6381190
156339155 7019309
156977274 0
156977274 638119
156977274 1276238
156977274 1914357
156977274 2552476
156977274 3190595
156977274 3828714
156977274 4466833
156977274 5104952
156977274 5743071
156977274 6381190
156977274 7019309
157615393 0
157615393 638119
157615393 1276238
157615393 1914357
157615393 2552476
157615393 3190595
157615393 3828714
157615393 4466833
157615393 5104952
157615393 5743071
157615393 6381190
157615393 7019309
158253512 0
158253512 638119
158253512 1276238
158253512 1914357
158253512 2552476
158253512 3190595
158253512 3828714
158253512 4466833
158253512 5104952
158253512 5743071
158253512 6381190
158253512 7019309
158891631 0
158891631 638119
158891631 1276238
158891631 1914357
158891631 2552476
158891631 3190595
158891631 3828714
158891631 4466833
158891631 5104952
158891631 5743071
158891631 6381190
158891631 7019309
