3000
0 0
500000000 500000000
1 1
499999999 499999999
2 2
499999998 499999998
3 3
499999997 499999997
4 4
499999996 499999996
5 5
499999995 499999995
6 6
499999994 499999994
7 7
499999993 499999993
8 8
499999992 499999992
9 9
499999991 499999991
10 10
499999990 499999990
11 11
499999989 499999989
12 12
499999988 499999988
13 13
499999987 499999987
14 14
499999986 499999986
15 15
499999985 499999985
16 16
499999984 499999984
17 17
499999983 499999983
18 18
499999982 499999982
19 19
499999981 499999981
20 20
499999980 499999980
21 21
499999979 499999979
22 22
499999978 499999978
23 23
499999977 499999977
24 24
499999976 499999976
25 25
499999975 499999975
26 26
499999974 499999974
27 27
499999973 499999973
28 28
499999972 499999972
29 29
499999971 499999971
30 30
499999970 499999970
31 31
499999969 499999969
32 32
499999968 499999968
33 33
499999967 499999967
34 34
499999966 499999966
35 35
499999965 499999965
36 36
499999964 499999964
37 37
499999963 499999963
38 38
499999962 499999962
39 39
499999961 499999961
40 40
499999960 499999960
41 41
499999959 499999959
42 42
499999958 499999958
43 43
499999957 499999957
44 44
499999956 499999956
45 45
499999955 499999955
46 46
499999954 499999954
47 47
499999953 499999953
48 48
499999952 499999952
49 49
499999951 499999951
50 50
499999950 499999950
51 51
499999949 499999949
52 52
499999948 499999948
53 53
499999947 499999947
54 54
499999946 499999946
55 55
499999945 499999945
56 56
499999944 499999944
57 57
499999943 499999943
58 58
499999942 499999942
59 59
499999941 499999941
60 60
499999940 499999940
61 61
499999939 499999939
62 62
499999938 499999938
63 63
499999937 499999937
64 64
499999936 499999936
65 65
499999935 499999935
66 66
499999934 499999934
67 67
499999933 499999933
68 68
499999932 499999932
69 69
499999931 499999931
70 70
499999930 499999930
71 71
499999929 499999929
72 72
499999928 499999928
73 73
499999927 499999927
74 74
499999926 499999926
75 75
499999925 499999925
76 76
499999924 499999924
77 77
499999923 499999923
78 78
499999922 499999922
79 79
499999921 499999921
80 80
499999920 499999920
81 81
499999919 499999919
82 82
499999918 499999918
83 83
499999917 499999917
84 84
499999916 499999916
85 85
499999915 499999915
86 86
499999914 499999914
87 87
499999913 499999913
88 88
499999912 499999912
89 89
499999911 499999911
90 90
499999910 499999910
91 91
499999909 499999909
92 92
499999908 499999908
93 93
499999907 499999907
94 94
499999906 499999906
95 95
499999905 499999905
96 96
499999904 499999904
97 97
499999903 499999903
98 98
499999902 499999902
99 99
499999901 499999901
100 100
499999900 499999900
101 101
499999899 499999899
102 102
499999898 499999898
103 103
499999897 499999897
104 104
499999896 499999896
105 105
499999895 499999895
106 106
499999894 499999894
107 107
499999893 499999893
108 108
499999892 499999892
109 109
499999891 499999891
110 110
499999890 499999890
111 111
499999889 499999889
112 112
499999888 499999888
113 113
499999887 499999887
114 114
499999886 499999886
115 115
499999885 499999885
116 116
499999884 499999884
117 117
499999883 499999883
118 118
499999882 499999882
119 119
499999881 499999881
120 120
499999880 499999880
121 121
499999879 499999879
122 122
499999878 499999878
123 123
499999877 499999877
124 124
499999876 499999876
125 125
499999875 499999875
126 126
499999874 499999874
127 127
499999873 499999873
128 128
499999872 499999872
129 129
499999871 499999871
130 130
499999870 499999870
131 131
499999869 499999869
132 132
499999868 499999868
133 133
499999867 499999867
134 134
499999866 499999866
135 135
499999865 499999865
136 136
499999864 499999864
137 137
499999863 499999863
138 138
499999862 499999862
139 139
499999861 499999861
140 140
499999860 499999860
141 141
499999859 499999859
142 142
499999858 499999858
143 143
499999857 499999857
144 144
499999856 499999856
145 145
499999855 499999855
146 146
499999854 499999854
147 147
499999853 499999853
148 148
499999852 499999852
149 149
499999851 499999851
150 150
499999850 499999850
151 151
499999849 499999849
152 152
499999848 499999848
153 153
499999847 499999847
154 154
499999846 499999846
155 155
499999845 499999845
156 156
499999844 499999844
157 157
499999843 499999843
158 158
499999842 499999842
159 159
499999841 499999841
160 160
499999840 499999840
161 161
499999839 499999839
162 162
499999838 499999838
163 163
499999837 499999837
164 164
499999836 499999836
165 165
499999835 499999835
166 166
499999834 499999834
167 167
499999833 499999833
168 168
499999832 499999832
169 169
499999831 499999831
170 170
499999830 499999830
171 171
499999829 499999829
172 172
499999828 499999828
173 173
499999827 499999827
174 174
499999826 499999826
175 175
499999825 499999825
176 176
499999824 499999824
177 177
499999823 499999823
178 178
499999822 499999822
179 179
499999821 499999821
180 180
499999820 499999820
181 181
499999819 499999819
182 182
499999818 499999818
183 183
499999817 499999817
184 184
499999816 499999816
185 185
499999815 499999815
186 186
499999814 499999814
187 187
499999813 499999813
188 188
499999812 499999812
189 189
499999811 499999811
190 190
499999810 499999810
191 191
499999809 499999809
192 192
499999808 499999808
193 193
499999807 499999807
194 194
499999806 499999806
195 195
499999805 499999805
196 196
499999804 499999804
197 197
499999803 499999803
198 198
499999802 499999802
199 199
499999801 499999801
200 200
499999800 499999800
201 201
499999799 499999799
202 202
499999798 499999798
203 203
499999797 499999797
204 204
499999796 499999796
205 205
499999795 499999795
206 206
499999794 499999794
207 207
499999793 499999793
208 208
499999792 499999792
209 209
499999791 499999791
210 210
499999790 499999790
211 211
499999789 499999789
212 212
499999788 499999788
213 213
499999787 499999787
214 214
499999786 499999786
215 215
499999785 499999785
216 216
499999784 499999784
217 217
499999783 499999783
218 218
499999782 499999782
219 219
499999781 499999781
220 220
499999780 499999780
221 221
499999779 499999779
222 222
499999778 499999778
223 223
499999777 499999777
224 224
499999776 499999776
225 225
499999775 499999775
226 226
499999774 499999774
227 227
499999773 499999773
228 228
499999772 499999772
229 229
499999771 499999771
230 230
499999770 499999770
231 231
499999769 499999769
232 232
499999768 499999768
233 233
499999767 499999767
234 234
499999766 499999766
235 235
499999765 499999765
236 236
499999764 499999764
237 237
499999763 499999763
238 238
499999762 499999762
239 239
499999761 499999761
240 240
499999760 499999760
241 241
499999759 499999759
242 242
499999758 499999758
243 243
499999757 499999757
244 244
499999756 499999756
245 245
499999755 499999755
246 246
499999754 499999754
247 247
499999753 499999753
248 248
499999752 499999752
249 249
499999751 499999751
250 250
499999750 499999750
251 251
499999749 499999749
252 252
499999748 499999748
253 253
499999747 499999747
254 254
499999746 499999746
255 255
499999745 499999745
256 256
499999744 499999744
257 257
499999743 499999743
258 258
499999742 499999742
259 259
499999741 499999741
260 260
499999740 499999740
261 261
499999739 499999739
262 262
499999738 499999738
263 263
499999737 499999737
264 264
499999736 499999736
265 265
499999735 499999735
266 266
499999734 499999734
267 267
499999733 499999733
268 268
499999732 499999732
269 269
499999731 499999731
270 270
499999730 499999730
271 271
499999729 499999729
272 272
499999728 499999728
273 273
499999727 499999727
274 274
499999726 499999726
275 275
499999725 499999725
276 276
499999724 499999724
277 277
499999723 499999723
278 278
499999722 499999722
279 279
499999721 499999721
280 280
499999720 499999720
281 281
499999719 499999719
282 282
499999718 499999718
283 283
499999717 499999717
284 284
499999716 499999716
285 285
499999715 499999715
286 286
499999714 499999714
287 287
499999713 499999713
288 288
499999712 499999712
289 289
499999711 499999711
290 290
499999710 499999710
291 291
499999709 499999709
292 292
499999708 499999708
293 293
499999707 499999707
294 294
499999706 499999706
295 295
499999705 499999705
296 296
499999704 499999704
297 297
499999703 499999703
298 298
499999702 499999702
299 299
499999701 499999701
300 300
499999700 499999700
301 301
499999699 499999699
302 302
499999698 499999698
303 303
499999697 499999697
304 304
499999696 499999696
305 305
499999695 499999695
306 306
499999694 499999694
307 307
499999693 499999693
308 308
499999692 499999692
309 309
499999691 499999691
310 310
499999690 499999690
311 311
499999689 499999689
312 312
499999688 499999688
313 313
499999687 499999687
314 314
499999686 499999686
315 315
499999685 499999685
316 316
499999684 499999684
317 317
499999683 499999683
318 318
499999682 499999682
319 319
499999681 499999681
320 320
499999680 499999680
321 321
499999679 499999679
322 322
499999678 499999678
323 323
499999677 499999677
324 324
499999676 499999676
325 325
499999675 499999675
326 326
499999674 499999674
327 327
499999673 499999673
328 328
499999672 499999672
329 329
499999671 499999671
330 330
499999670 499999670
331 331
499999669 499999669
332 332
499999668 499999668
333 333
499999667 499999667
334 334
499999666 499999666
335 335
499999665 499999665
336 336
499999664 499999664
337 337
499999663 499999663
338 338
499999662 499999662
339 339
499999661 499999661
340 340
499999660 499999660
341 341
499999659 499999659
342 342
499999658 499999658
343 343
499999657 499999657
344 344
499999656 499999656
345 345
499999655 499999655
346 346
499999654 499999654
347 347
499999653 499999653
348 348
499999652 499999652
349 349
499999651 499999651
350 350
499999650 499999650
351 351
499999649 499999649
352 352
499999648 499999648
353 353
499999647 499999647
354 354
499999646 499999646
355 355
499999645 499999645
356 356
499999644 499999644
357 357
499999643 499999643
358 358
499999642 499999642
359 359
499999641 499999641
360 360
499999640 499999640
361 361
499999639 499999639
362 362
499999638 499999638
363 363
499999637 499999637
364 364
499999636 499999636
365 365
499999635 499999635
366 366
499999634 499999634
367 367
499999633 499999633
368 368
499999632 499999632
369 369
499999631 499999631
370 370
499999630 499999630
371 371
499999629 499999629
372 372
499999628 499999628
373 373
499999627 499999627
374 374
499999626 499999626
375 375
499999625 499999625
376 376
499999624 499999624
377 377
499999623 499999623
378 378
499999622 499999622
379 379
499999621 499999621
380 380
499999620 499999620
381 381
499999619 499999619
382 382
499999618 499999618
383 383
499999617 499999617
384 384
499999616 499999616
385 385
499999615 499999615
386 386
499999614 499999614
387 387
499999613 499999613
388 388
499999612 499999612
389 389
499999611 499999611
390 390
499999610 499999610
391 391
499999609 499999609
392 392
499999608 499999608
393 393
499999607 499999607
394 394
499999606 499999606
395 395
499999605 499999605
396 396
499999604 499999604
397 397
499999603 499999603
398 398
499999602 499999602
399 399
499999601 499999601
400 400
499999600 499999600
401 401
499999599 499999599
402 402
499999598 499999598
403 403
499999597 499999597
404 404
499999596 499999596
405 405
499999595 499999595
406 406
499999594 499999594
407 407
499999593 499999593
408 408
499999592 499999592
409 409
499999591 499999591
410 410
499999590 499999590
411 411
499999589 499999589
412 412
499999588 499999588
413 413
499999587 499999587
414 414
499999586 499999586
415 415
499999585 499999585
416 416
499999584 499999584
417 417
499999583 499999583
418 418
499999582 499999582
419 419
499999581 499999581
420 420
499999580 499999580
421 421
499999579 499999579
422 422
499999578 499999578
423 423
499999577 499999577
424 424
499999576 499999576
425 425
499999575 499999575
426 426
499999574 499999574
427 427
499999573 499999573
428 428
499999572 499999572
429 429
499999571 499999571
430 430
499999570 499999570
431 431
499999569 499999569
432 432
499999568 499999568
433 433
499999567 499999567
434 434
499999566 499999566
435 435
499999565 499999565
436 436
499999564 499999564
437 437
499999563 499999563
438 438
499999562 499999562
439 439
499999561 499999561
440 440
499999560 499999560
441 441
499999559 499999559
442 442
499999558 499999558
443 443
499999557 499999557
444 444
499999556 499999556
445 445
499999555 499999555
446 446
499999554 499999554
447 447
499999553 499999553
448 448
499999552 499999552
449 449
499999551 499999551
450 450
499999550 499999550
451 451
499999549 499999549
452 452
499999548 499999548
453 453
499999547 499999547
454 454
499999546 499999546
455 455
499999545 499999545
456 456
499999544 499999544
457 457
499999543 499999543
458 458
499999542 499999542
459 459
499999541 499999541
460 460
499999540 499999540
461 461
499999539 499999539
462 462
499999538 499999538
463 463
499999537 499999537
464 464
499999536 499999536
465 465
499999535 499999535
466 466
499999534 499999534
467 467
499999533 499999533
468 468
499999532 499999532
469 469
499999531 499999531
470 470
499999530 499999530
471 471
499999529 499999529
472 472
499999528 499999528
473 473
499999527 499999527
474 474
499999526 499999526
475 475
499999525 499999525
476 476
499999524 499999524
477 477
499999523 499999523
478 478
499999522 499999522
479 479
499999521 499999521
480 480
499999520 499999520
481 481
499999519 499999519
482 482
499999518 499999518
483 483
499999517 499999517
484 484
499999516 499999516
485 485
499999515 499999515
486 486
499999514 499999514
487 487
499999513 499999513
488 488
499999512 499999512
489 489
499999511 499999511
490 490
499999510 499999510
491 491
499999509 499999509
492 492
499999508 499999508
493 493
499999507 499999507
494 494
499999506 499999506
495 495
499999505 499999505
496 496
499999504 499999504
497 497
499999503 499999503
498 498
499999502 499999502
499 499
499999501 499999501
500 500
499999500 499999500
501 501
499999499 499999499
502 502
499999498 499999498
503 503
499999497 499999497
504 504
499999496 499999496
505 505
499999495 499999495
506 506
499999494 499999494
507 507
499999493 499999493
508 508
499999492 499999492
509 509
499999491 499999491
510 510
499999490 499999490
511 511
499999489 499999489
512 512
499999488 499999488
513 513
499999487 499999487
514 514
499999486 499999486
515 515
499999485 499999485
516 516
499999484 499999484
517 517
499999483 499999483
518 518
499999482 499999482
519 519
499999481 499999481
520 520
499999480 499999480
521 521
499999479 499999479
522 522
499999478 499999478
523 523
499999477 499999477
524 524
499999476 499999476
525 525
499999475 499999475
526 526
499999474 499999474
527 527
499999473 499999473
528 528
499999472 499999472
529 529
499999471 499999471
530 530
499999470 499999470
531 531
499999469 499999469
532 532
499999468 499999468
533 533
499999467 499999467
534 534
499999466 499999466
535 535
499999465 499999465
536 536
499999464 499999464
537 537
499999463 499999463
538 538
499999462 499999462
539 539
499999461 499999461
540 540
499999460 499999460
541 541
499999459 499999459
542 542
499999458 499999458
543 543
499999457 499999457
544 544
499999456 499999456
545 545
499999455 499999455
546 546
499999454 499999454
547 547
499999453 499999453
548 548
499999452 499999452
549 549
499999451 499999451
550 550
499999450 499999450
551 551
499999449 499999449
552 552
499999448 499999448
553 553
499999447 499999447
554 554
499999446 499999446
555 555
499999445 499999445
556 556
499999444 499999444
557 557
499999443 499999443
558 558
499999442 499999442
559 559
499999441 499999441
560 560
499999440 499999440
561 561
499999439 499999439
562 562
499999438 499999438
563 563
499999437 499999437
564 564
499999436 499999436
565 565
499999435 499999435
566 566
499999434 499999434
567 567
499999433 499999433
568 568
499999432 499999432
569 569
499999431 499999431
570 570
499999430 499999430
571 571
499999429 499999429
572 572
499999428 499999428
573 573
499999427 499999427
574 574
499999426 499999426
575 575
499999425 499999425
576 576
499999424 499999424
577 577
499999423 499999423
578 578
499999422 499999422
579 579
499999421 499999421
580 580
499999420 499999420
581 581
499999419 499999419
582 582
499999418 499999418
583 583
499999417 499999417
584 584
499999416 499999416
585 585
499999415 499999415
586 586
499999414 499999414
587 587
499999413 499999413
588 588
499999412 499999412
589 589
499999411 499999411
590 590
499999410 499999410
591 591
499999409 499999409
592 592
499999408 499999408
593 593
499999407 499999407
594 594
499999406 499999406
595 595
499999405 499999405
596 596
499999404 499999404
597 597
499999403 499999403
598 598
499999402 499999402
599 599
499999401 499999401
600 600
499999400 499999400
601 601
499999399 499999399
602 602
499999398 499999398
603 603
499999397 499999397
604 604
499999396 499999396
605 605
499999395 499999395
606 606
499999394 499999394
607 607
499999393 499999393
608 608
499999392 499999392
609 609
499999391 499999391
610 610
499999390 499999390
611 611
499999389 499999389
612 612
499999388 499999388
613 613
499999387 499999387
614 614
499999386 499999386
615 615
499999385 499999385
616 616
499999384 499999384
617 617
499999383 499999383
618 618
499999382 499999382
619 619
499999381 499999381
620 620
499999380 499999380
621 621
499999379 499999379
622 622
499999378 499999378
623 623
499999377 499999377
624 624
499999376 499999376
625 625
499999375 499999375
626 626
499999374 499999374
627 627
499999373 499999373
628 628
499999372 499999372
629 629
499999371 499999371
630 630
499999370 499999370
631 631
499999369 499999369
632 632
499999368 499999368
633 633
499999367 499999367
634 634
499999366 499999366
635 635
499999365 499999365
636 636
499999364 499999364
637 637
499999363 499999363
638 638
499999362 499999362
639 639
499999361 499999361
640 640
499999360 499999360
641 641
499999359 499999359
642 642
499999358 499999358
643 643
499999357 499999357
644 644
499999356 499999356
645 645
499999355 499999355
646 646
499999354 499999354
647 647
499999353 499999353
648 648
499999352 499999352
649 649
499999351 499999351
650 650
499999350 499999350
651 651
499999349 499999349
652 652
499999348 499999348
653 653
499999347 499999347
654 654
499999346 499999346
655 655
499999345 499999345
656 656
499999344 499999344
657 657
499999343 499999343
658 658
499999342 499999342
659 659
499999341 499999341
660 660
499999340 499999340
661 661
499999339 499999339
662 662
499999338 499999338
663 663
499999337 499999337
664 664
499999336 499999336
665 665
499999335 499999335
666 666
499999334 499999334
667 667
499999333 499999333
668 668
499999332 499999332
669 669
499999331 499999331
670 670
499999330 499999330
671 671
499999329 499999329
672 672
499999328 499999328
673 673
499999327 499999327
674 674
499999326 499999326
675 675
499999325 499999325
676 676
499999324 499999324
677 677
499999323 499999323
678 678
499999322 499999322
679 679
499999321 499999321
680 680
499999320 499999320
681 681
499999319 499999319
682 682
499999318 499999318
683 683
499999317 499999317
684 684
499999316 499999316
685 685
499999315 499999315
686 686
499999314 499999314
687 687
499999313 499999313
688 688
499999312 499999312
689 689
499999311 499999311
690 690
499999310 499999310
691 691
499999309 499999309
692 692
499999308 499999308
693 693
499999307 499999307
694 694
499999306 499999306
695 695
499999305 499999305
696 696
499999304 499999304
697 697
499999303 499999303
698 698
499999302 499999302
699 699
499999301 499999301
700 700
499999300 499999300
701 701
499999299 499999299
702 702
499999298 499999298
703 703
499999297 499999297
704 704
499999296 499999296
705 705
499999295 499999295
706 706
499999294 499999294
707 707
499999293 499999293
708 708
499999292 499999292
709 709
499999291 499999291
710 710
499999290 499999290
711 711
499999289 499999289
712 712
499999288 499999288
713 713
499999287 499999287
714 714
499999286 499999286
715 715
499999285 499999285
716 716
499999284 499999284
717 717
499999283 499999283
718 718
499999282 499999282
719 719
499999281 499999281
720 720
499999280 499999280
721 721
499999279 499999279
722 722
499999278 499999278
723 723
499999277 499999277
724 724
499999276 499999276
725 725
499999275 499999275
726 726
499999274 499999274
727 727
499999273 499999273
728 728
499999272 499999272
729 729
499999271 499999271
730 730
499999270 499999270
731 731
499999269 499999269
732 732
499999268 499999268
733 733
499999267 499999267
734 734
499999266 499999266
735 735
499999265 499999265
736 736
499999264 499999264
737 737
499999263 499999263
738 738
499999262 499999262
739 739
499999261 499999261
740 740
499999260 499999260
741 741
499999259 499999259
742 742
499999258 499999258
743 743
499999257 499999257
744 744
499999256 499999256
745 745
499999255 499999255
746 746
499999254 499999254
747 747
499999253 499999253
748 748
499999252 499999252
749 749
499999251 499999251
750 750
499999250 499999250
751 751
499999249 499999249
752 752
499999248 499999248
753 753
499999247 499999247
754 754
499999246 499999246
755 755
499999245 499999245
756 756
499999244 499999244
757 757
499999243 499999243
758 758
499999242 499999242
759 759
499999241 499999241
760 760
499999240 499999240
761 761
499999239 499999239
762 762
499999238 499999238
763 763
499999237 499999237
764 764
499999236 499999236
765 765
499999235 499999235
766 766
499999234 499999234
767 767
499999233 499999233
768 768
499999232 499999232
769 769
499999231 499999231
770 770
499999230 499999230
771 771
499999229 499999229
772 772
499999228 499999228
773 773
499999227 499999227
774 774
499999226 499999226
775 775
499999225 499999225
776 776
499999224 499999224
777 777
499999223 499999223
778 778
499999222 499999222
779 779
499999221 499999221
780 780
499999220 499999220
781 781
499999219 499999219
782 782
499999218 499999218
783 783
499999217 499999217
784 784
499999216 499999216
785 785
499999215 499999215
786 786
499999214 499999214
787 787
499999213 499999213
788 788
499999212 499999212
789 789
499999211 499999211
790 790
499999210 499999210
791 791
499999209 499999209
792 792
499999208 499999208
793 793
499999207 499999207
794 794
499999206 499999206
795 795
499999205 499999205
796 796
499999204 499999204
797 797
499999203 499999203
798 798
499999202 499999202
799 799
499999201 499999201
800 800
499999200 499999200
801 801
499999199 499999199
802 802
499999198 499999198
803 803
499999197 499999197
804 804
499999196 499999196
805 805
499999195 499999195
806 806
499999194 499999194
807 807
499999193 499999193
808 808
499999192 499999192
809 809
499999191 499999191
810 810
499999190 499999190
811 811
499999189 499999189
812 812
499999188 499999188
813 813
499999187 499999187
814 814
499999186 499999186
815 815
499999185 499999185
816 816
499999184 499999184
817 817
499999183 499999183
818 818
499999182 499999182
819 819
499999181 499999181
820 820
499999180 499999180
821 821
499999179 499999179
822 822
499999178 499999178
823 823
499999177 499999177
824 824
499999176 499999176
825 825
499999175 499999175
826 826
499999174 499999174
827 827
499999173 499999173
828 828
499999172 499999172
829 829
499999171 499999171
830 830
499999170 499999170
831 831
499999169 499999169
832 832
499999168 499999168
833 833
499999167 499999167
834 834
499999166 499999166
835 835
499999165 499999165
836 836
499999164 499999164
837 837
499999163 499999163
838 838
499999162 499999162
839 839
499999161 499999161
840 840
499999160 499999160
841 841
499999159 499999159
842 842
499999158 499999158
843 843
499999157 499999157
844 844
499999156 499999156
845 845
499999155 499999155
846 846
499999154 499999154
847 847
499999153 499999153
848 848
499999152 499999152
849 849
499999151 499999151
850 850
499999150 499999150
851 851
499999149 499999149
852 852
499999148 499999148
853 853
499999147 499999147
854 854
499999146 499999146
855 855
499999145 499999145
856 856
499999144 499999144
857 857
499999143 499999143
858 858
499999142 499999142
859 859
499999141 499999141
860 860
499999140 499999140
861 861
499999139 499999139
862 862
499999138 499999138
863 863
499999137 499999137
864 864
499999136 499999136
865 865
499999135 499999135
866 866
499999134 499999134
867 867
499999133 499999133
868 868
499999132 499999132
869 869
499999131 499999131
870 870
499999130 499999130
871 871
499999129 499999129
872 872
499999128 499999128
873 873
499999127 499999127
874 874
499999126 499999126
875 875
499999125 499999125
876 876
499999124 499999124
877 877
499999123 499999123
878 878
499999122 499999122
879 879
499999121 499999121
880 880
499999120 499999120
881 881
499999119 499999119
882 882
499999118 499999118
883 883
499999117 499999117
884 884
499999116 499999116
885 885
499999115 499999115
886 886
499999114 499999114
887 887
499999113 499999113
888 888
499999112 499999112
889 889
499999111 499999111
890 890
499999110 499999110
891 891
499999109 499999109
892 892
499999108 499999108
893 893
499999107 499999107
894 894
499999106 499999106
895 895
499999105 499999105
896 896
499999104 499999104
897 897
499999103 499999103
898 898
499999102 499999102
899 899
499999101 499999101
900 900
499999100 499999100
901 901
499999099 499999099
902 902
499999098 499999098
903 903
499999097 499999097
904 904
499999096 499999096
905 905
499999095 499999095
906 906
499999094 499999094
907 907
499999093 499999093
908 908
499999092 499999092
909 909
499999091 499999091
910 910
499999090 499999090
911 911
499999089 499999089
912 912
499999088 499999088
913 913
499999087 499999087
914 914
499999086 499999086
915 915
499999085 499999085
916 916
499999084 499999084
917 917
499999083 499999083
918 918
499999082 499999082
919 919
499999081 499999081
920 920
499999080 499999080
921 921
499999079 499999079
922 922
499999078 499999078
923 923
499999077 499999077
924 924
499999076 499999076
925 925
499999075 499999075
926 926
499999074 499999074
927 927
499999073 499999073
928 928
499999072 499999072
929 929
499999071 499999071
930 930
499999070 499999070
931 931
499999069 499999069
932 932
499999068 499999068
933 933
499999067 499999067
934 934
499999066 499999066
935 935
499999065 499999065
936 936
499999064 499999064
937 937
499999063 499999063
938 938
499999062 499999062
939 939
499999061 499999061
940 940
499999060 499999060
941 941
499999059 499999059
942 942
499999058 499999058
943 943
499999057 499999057
944 944
499999056 499999056
945 945
499999055 499999055
946 946
499999054 499999054
947 947
499999053 499999053
948 948
499999052 499999052
949 949
499999051 499999051
950 950
499999050 499999050
951 951
499999049 499999049
952 952
499999048 499999048
953 953
499999047 499999047
954 954
499999046 499999046
955 955
499999045 499999045
956 956
499999044 499999044
957 957
499999043 499999043
958 958
499999042 499999042
959 959
499999041 499999041
960 960
499999040 499999040
961 961
499999039 499999039
962 962
499999038 499999038
963 963
499999037 499999037
964 964
499999036 499999036
965 965
499999035 499999035
966 966
499999034 499999034
967 967
499999033 499999033
968 968
499999032 499999032
969 969
499999031 499999031
970 970
499999030 499999030
971 971
499999029 499999029
972 972
499999028 499999028
973 973
499999027 499999027
974 974
499999026 499999026
975 975
499999025 499999025
976 976
499999024 499999024
977 977
499999023 499999023
978 978
499999022 499999022
979 979
499999021 499999021
980 980
499999020 499999020
981 981
499999019 499999019
982 982
499999018 499999018
983 983
499999017 499999017
984 984
499999016 499999016
985 985
499999015 499999015
986 986
499999014 499999014
987 987
499999013 499999013
988 988
499999012 499999012
989 989
499999011 499999011
990 990
499999010 499999010
991 991
499999009 499999009
992 992
499999008 499999008
993 993
499999007 499999007
994 994
499999006 499999006
995 995
499999005 499999005
996 996
499999004 499999004
997 997
499999003 499999003
998 998
499999002 499999002
999 999
499999001 499999001
1000 1000
499999000 499999000
1001 1001
499998999 499998999
1002 1002
499998998 499998998
1003 1003
499998997 499998997
1004 1004
499998996 499998996
1005 1005
499998995 499998995
1006 1006
499998994 499998994
1007 1007
499998993 499998993
1008 1008
499998992 499998992
1009 1009
499998991 499998991
1010 1010
499998990 499998990
1011 1011
499998989 499998989
1012 1012
499998988 499998988
1013 1013
499998987 499998987
1014 1014
499998986 499998986
1015 1015
499998985 499998985
1016 1016
499998984 499998984
1017 1017
499998983 499998983
1018 1018
499998982 499998982
1019 1019
499998981 499998981
1020 1020
499998980 499998980
1021 1021
499998979 499998979
1022 1022
499998978 499998978
1023 1023
499998977 499998977
1024 1024
499998976 499998976
1025 1025
499998975 499998975
1026 1026
499998974 499998974
1027 1027
499998973 499998973
1028 1028
499998972 499998972
1029 1029
499998971 499998971
1030 1030
499998970 499998970
1031 1031
499998969 499998969
1032 1032
499998968 499998968
1033 1033
499998967 499998967
1034 1034
499998966 499998966
1035 1035
499998965 499998965
1036 1036
499998964 499998964
1037 1037
499998963 499998963
1038 1038
499998962 499998962
1039 1039
499998961 499998961
1040 1040
499998960 499998960
1041 1041
499998959 499998959
1042 1042
499998958 499998958
1043 1043
499998957 499998957
1044 1044
499998956 499998956
1045 1045
499998955 499998955
1046 1046
499998954 499998954
1047 1047
499998953 499998953
1048 1048
499998952 499998952
1049 1049
499998951 499998951
1050 1050
499998950 499998950
1051 1051
499998949 499998949
1052 1052
499998948 499998948
1053 1053
499998947 499998947
1054 1054
499998946 499998946
1055 1055
499998945 499998945
1056 1056
499998944 499998944
1057 1057
499998943 499998943
1058 1058
499998942 499998942
1059 1059
499998941 499998941
1060 1060
499998940 499998940
1061 1061
499998939 499998939
1062 1062
499998938 499998938
1063 1063
499998937 499998937
1064 1064
499998936 499998936
1065 1065
499998935 499998935
1066 1066
499998934 499998934
1067 1067
499998933 499998933
1068 1068
499998932 499998932
1069 1069
499998931 499998931
1070 1070
499998930 499998930
1071 1071
499998929 499998929
1072 1072
499998928 499998928
1073 1073
499998927 499998927
1074 1074
499998926 499998926
1075 1075
499998925 499998925
1076 1076
499998924 499998924
1077 1077
499998923 499998923
1078 1078
499998922 499998922
1079 1079
499998921 499998921
1080 1080
499998920 499998920
1081 1081
499998919 499998919
1082 1082
499998918 499998918
1083 1083
499998917 499998917
1084 1084
499998916 499998916
1085 1085
499998915 499998915
1086 1086
499998914 499998914
1087 1087
499998913 499998913
1088 1088
499998912 499998912
1089 1089
499998911 499998911
1090 1090
499998910 499998910
1091 1091
499998909 499998909
1092 1092
499998908 499998908
1093 1093
499998907 499998907
1094 1094
499998906 499998906
1095 1095
499998905 499998905
1096 1096
499998904 499998904
1097 1097
499998903 499998903
1098 1098
499998902 499998902
1099 1099
499998901 499998901
1100 1100
499998900 499998900
1101 1101
499998899 499998899
1102 1102
499998898 499998898
1103 1103
499998897 499998897
1104 1104
499998896 499998896
1105 1105
499998895 499998895
1106 1106
499998894 499998894
1107 1107
499998893 499998893
1108 1108
499998892 499998892
1109 1109
499998891 499998891
1110 1110
499998890 499998890
1111 1111
499998889 499998889
1112 1112
499998888 499998888
1113 1113
499998887 499998887
1114 1114
499998886 499998886
1115 1115
499998885 499998885
1116 1116
499998884 499998884
1117 1117
499998883 499998883
1118 1118
499998882 499998882
1119 1119
499998881 499998881
1120 1120
499998880 499998880
1121 1121
499998879 499998879
1122 1122
499998878 499998878
1123 1123
499998877 499998877
1124 1124
499998876 499998876
1125 1125
499998875 499998875
1126 1126
499998874 499998874
1127 1127
499998873 499998873
1128 1128
499998872 499998872
1129 1129
499998871 499998871
1130 1130
499998870 499998870
1131 1131
499998869 499998869
1132 1132
499998868 499998868
1133 1133
499998867 499998867
1134 1134
499998866 499998866
1135 1135
499998865 499998865
1136 1136
499998864 499998864
1137 1137
499998863 499998863
1138 1138
499998862 499998862
1139 1139
499998861 499998861
1140 1140
499998860 499998860
1141 1141
499998859 499998859
1142 1142
499998858 499998858
1143 1143
499998857 499998857
1144 1144
499998856 499998856
1145 1145
499998855 499998855
1146 1146
499998854 499998854
1147 1147
499998853 499998853
1148 1148
499998852 499998852
1149 1149
499998851 499998851
1150 1150
499998850 499998850
1151 1151
499998849 499998849
1152 1152
499998848 499998848
1153 1153
499998847 499998847
1154 1154
499998846 499998846
1155 1155
499998845 499998845
1156 1156
499998844 499998844
1157 1157
499998843 499998843
1158 1158
499998842 499998842
1159 1159
499998841 499998841
1160 1160
499998840 499998840
1161 1161
499998839 499998839
1162 1162
499998838 499998838
1163 1163
499998837 499998837
1164 1164
499998836 499998836
1165 1165
499998835 499998835
1166 1166
499998834 499998834
1167 1167
499998833 499998833
1168 1168
499998832 499998832
1169 1169
499998831 499998831
1170 1170
499998830 499998830
1171 1171
499998829 499998829
1172 1172
499998828 499998828
1173 1173
499998827 499998827
1174 1174
499998826 499998826
1175 1175
499998825 499998825
1176 1176
499998824 499998824
1177 1177
499998823 499998823
1178 1178
499998822 499998822
1179 1179
499998821 499998821
1180 1180
499998820 499998820
1181 1181
499998819 499998819
1182 1182
499998818 499998818
1183 1183
499998817 499998817
1184 1184
499998816 499998816
1185 1185
499998815 499998815
1186 1186
499998814 499998814
1187 1187
499998813 499998813
1188 1188
499998812 499998812
1189 1189
499998811 499998811
1190 1190
499998810 499998810
1191 1191
499998809 499998809
1192 1192
499998808 499998808
1193 1193
499998807 499998807
1194 1194
499998806 499998806
1195 1195
499998805 499998805
1196 1196
499998804 499998804
1197 1197
499998803 499998803
1198 1198
499998802 499998802
1199 1199
499998801 499998801
1200 1200
499998800 499998800
1201 1201
499998799 499998799
1202 1202
499998798 499998798
1203 1203
499998797 499998797
1204 1204
499998796 499998796
1205 1205
499998795 499998795
1206 1206
499998794 499998794
1207 1207
499998793 499998793
1208 1208
499998792 499998792
1209 1209
499998791 499998791
1210 1210
499998790 499998790
1211 1211
499998789 499998789
1212 1212
499998788 499998788
1213 1213
499998787 499998787
1214 1214
499998786 499998786
1215 1215
499998785 499998785
1216 1216
499998784 499998784
1217 1217
499998783 499998783
1218 1218
499998782 499998782
1219 1219
499998781 499998781
1220 1220
499998780 499998780
1221 1221
499998779 499998779
1222 1222
499998778 499998778
1223 1223
499998777 499998777
1224 1224
499998776 499998776
1225 1225
499998775 499998775
1226 1226
499998774 499998774
1227 1227
499998773 499998773
1228 1228
499998772 499998772
1229 1229
499998771 499998771
1230 1230
499998770 499998770
1231 1231
499998769 499998769
1232 1232
499998768 499998768
1233 1233
499998767 499998767
1234 1234
499998766 499998766
1235 1235
499998765 499998765
1236 1236
499998764 499998764
1237 1237
499998763 499998763
1238 1238
499998762 499998762
1239 1239
499998761 499998761
1240 1240
499998760 499998760
1241 1241
499998759 499998759
1242 1242
499998758 499998758
1243 1243
499998757 499998757
1244 1244
499998756 499998756
1245 1245
499998755 499998755
1246 1246
499998754 499998754
1247 1247
499998753 499998753
1248 1248
499998752 499998752
1249 1249
499998751 499998751
1250 1250
499998750 499998750
1251 1251
499998749 499998749
1252 1252
499998748 499998748
1253 1253
499998747 499998747
1254 1254
499998746 499998746
1255 1255
499998745 499998745
1256 1256
499998744 499998744
1257 1257
499998743 499998743
1258 1258
499998742 499998742
1259 1259
499998741 499998741
1260 1260
499998740 499998740
1261 1261
499998739 499998739
1262 1262
499998738 499998738
1263 1263
499998737 499998737
1264 1264
499998736 499998736
1265 1265
499998735 499998735
1266 1266
499998734 499998734
1267 1267
499998733 499998733
1268 1268
499998732 499998732
1269 1269
499998731 499998731
1270 1270
499998730 499998730
1271 1271
499998729 499998729
1272 1272
499998728 499998728
1273 1273
499998727 499998727
1274 1274
499998726 499998726
1275 1275
499998725 499998725
1276 1276
499998724 499998724
1277 1277
499998723 499998723
1278 1278
499998722 499998722
1279 1279
499998721 499998721
1280 1280
499998720 499998720
1281 1281
499998719 499998719
1282 1282
499998718 499998718
1283 1283
499998717 499998717
1284 1284
499998716 499998716
1285 1285
499998715 499998715
1286 1286
499998714 499998714
1287 1287
499998713 499998713
1288 1288
499998712 499998712
1289 1289
499998711 499998711
1290 1290
499998710 499998710
1291 1291
499998709 499998709
1292 1292
499998708 499998708
1293 1293
499998707 499998707
1294 1294
499998706 499998706
1295 1295
499998705 499998705
1296 1296
499998704 499998704
1297 1297
499998703 499998703
1298 1298
499998702 499998702
1299 1299
499998701 499998701
1300 1300
499998700 499998700
1301 1301
499998699 499998699
1302 1302
499998698 499998698
1303 1303
499998697 499998697
1304 1304
499998696 499998696
1305 1305
499998695 499998695
1306 1306
499998694 499998694
1307 1307
499998693 499998693
1308 1308
499998692 499998692
1309 1309
499998691 499998691
1310 1310
499998690 499998690
1311 1311
499998689 499998689
1312 1312
499998688 499998688
1313 1313
499998687 499998687
1314 1314
499998686 499998686
1315 1315
499998685 499998685
1316 1316
499998684 499998684
1317 1317
499998683 499998683
1318 1318
499998682 499998682
1319 1319
499998681 499998681
1320 1320
499998680 499998680
1321 1321
499998679 499998679
1322 1322
499998678 499998678
1323 1323
499998677 499998677
1324 1324
499998676 499998676
1325 1325
499998675 499998675
1326 1326
499998674 499998674
1327 1327
499998673 499998673
1328 1328
499998672 499998672
1329 1329
499998671 499998671
1330 1330
499998670 499998670
1331 1331
499998669 499998669
1332 1332
499998668 499998668
1333 1333
499998667 499998667
1334 1334
499998666 499998666
1335 1335
499998665 499998665
1336 1336
499998664 499998664
1337 1337
499998663 499998663
1338 1338
499998662 499998662
1339 1339
499998661 499998661
1340 1340
499998660 499998660
1341 1341
499998659 499998659
1342 1342
499998658 499998658
1343 1343
499998657 499998657
1344 1344
499998656 499998656
1345 1345
499998655 499998655
1346 1346
499998654 499998654
1347 1347
499998653 499998653
1348 1348
499998652 499998652
1349 1349
499998651 499998651
1350 1350
499998650 499998650
1351 1351
499998649 499998649
1352 1352
499998648 499998648
1353 1353
499998647 499998647
1354 1354
499998646 499998646
1355 1355
499998645 499998645
1356 1356
499998644 499998644
1357 1357
499998643 499998643
1358 1358
499998642 499998642
1359 1359
499998641 499998641
1360 1360
499998640 499998640
1361 1361
499998639 499998639
1362 1362
499998638 499998638
1363 1363
499998637 499998637
1364 1364
499998636 499998636
1365 1365
499998635 499998635
1366 1366
499998634 499998634
1367 1367
499998633 499998633
1368 1368
499998632 499998632
1369 1369
499998631 499998631
1370 1370
499998630 499998630
1371 1371
499998629 499998629
1372 1372
499998628 499998628
1373 1373
499998627 499998627
1374 1374
499998626 499998626
1375 1375
499998625 499998625
1376 1376
499998624 499998624
1377 1377
499998623 499998623
1378 1378
499998622 499998622
1379 1379
499998621 499998621
1380 1380
499998620 499998620
1381 1381
499998619 499998619
1382 1382
499998618 499998618
1383 1383
499998617 499998617
1384 1384
499998616 499998616
1385 1385
499998615 499998615
1386 1386
499998614 499998614
1387 1387
499998613 499998613
1388 1388
499998612 499998612
1389 1389
499998611 499998611
1390 1390
499998610 499998610
1391 1391
499998609 499998609
1392 1392
499998608 499998608
1393 1393
499998607 499998607
1394 1394
499998606 499998606
1395 1395
499998605 499998605
1396 1396
499998604 499998604
1397 1397
499998603 499998603
1398 1398
499998602 499998602
1399 1399
499998601 499998601
1400 1400
499998600 499998600
1401 1401
499998599 499998599
1402 1402
499998598 499998598
1403 1403
499998597 499998597
1404 1404
499998596 499998596
1405 1405
499998595 499998595
1406 1406
499998594 499998594
1407 1407
499998593 499998593
1408 1408
499998592 499998592
1409 1409
499998591 499998591
1410 1410
499998590 499998590
1411 1411
499998589 499998589
1412 1412
499998588 499998588
1413 1413
499998587 499998587
1414 1414
499998586 499998586
1415 1415
499998585 499998585
1416 1416
499998584 499998584
1417 1417
499998583 499998583
1418 1418
499998582 499998582
1419 1419
499998581 499998581
1420 1420
499998580 499998580
1421 1421
499998579 499998579
1422 1422
499998578 499998578
1423 1423
499998577 499998577
1424 1424
499998576 499998576
1425 1425
499998575 499998575
1426 1426
499998574 499998574
1427 1427
499998573 499998573
1428 1428
499998572 499998572
1429 1429
499998571 499998571
1430 1430
499998570 499998570
1431 1431
499998569 499998569
1432 1432
499998568 499998568
1433 1433
499998567 499998567
1434 1434
499998566 499998566
1435 1435
499998565 499998565
1436 1436
499998564 499998564
1437 1437
499998563 499998563
1438 1438
499998562 499998562
1439 1439
499998561 499998561
1440 1440
499998560 499998560
1441 1441
499998559 499998559
1442 1442
499998558 499998558
1443 1443
499998557 499998557
1444 1444
499998556 499998556
1445 1445
499998555 499998555
1446 1446
499998554 499998554
1447 1447
499998553 499998553
1448 1448
499998552 499998552
1449 1449
499998551 499998551
1450 1450
499998550 499998550
1451 1451
499998549 499998549
1452 1452
499998548 499998548
1453 1453
499998547 499998547
1454 1454
499998546 499998546
1455 1455
499998545 499998545
1456 1456
499998544 499998544
1457 1457
499998543 499998543
1458 1458
499998542 499998542
1459 1459
499998541 499998541
1460 1460
499998540 499998540
1461 1461
499998539 499998539
1462 1462
499998538 499998538
1463 1463
499998537 499998537
1464 1464
499998536 499998536
1465 1465
499998535 499998535
1466 1466
499998534 499998534
1467 1467
499998533 499998533
1468 1468
499998532 499998532
1469 1469
499998531 499998531
1470 1470
499998530 499998530
1471 1471
499998529 499998529
1472 1472
499998528 499998528
1473 1473
499998527 499998527
1474 1474
499998526 499998526
1475 1475
499998525 499998525
1476 1476
499998524 499998524
1477 1477
499998523 499998523
1478 1478
499998522 499998522
1479 1479
499998521 499998521
1480 1480
499998520 499998520
1481 1481
499998519 499998519
1482 1482
499998518 499998518
1483 1483
499998517 499998517
1484 1484
499998516 499998516
1485 1485
499998515 499998515
1486 1486
499998514 499998514
1487 1487
499998513 499998513
1488 1488
499998512 499998512
1489 1489
499998511 499998511
1490 1490
499998510 499998510
1491 1491
499998509 499998509
1492 1492
499998508 499998508
1493 1493
499998507 499998507
1494 1494
499998506 499998506
1495 1495
499998505 499998505
1496 1496
499998504 499998504
1497 1497
499998503 499998503
1498 1498
499998502 499998502
1499 1499
499998501 499998501
