3000
250000000 250000000
249792139 250002575
250739671 250004307
249999267 250913445
248999621 250000311
250677159 250002109
249999131 249794863
250003592 249406584
249984289 250000149
250931061 250003173
250950953 250002451
249998586 249626026
251107612 250004410
248882044 250003074
250919555 250002305
249257469 250001303
250006598 250689156
249997127 248709741
249999601 249637111
250000067 250219689
251355433 250007239
249402684 250005280
251474949 250008439
249014436 250000764
249998591 250282835
250004360 249143650
250006664 250690328
249397444 250004772
249999150 249607982
250003039 250462619
250000643 248847253
250004877 250536439
249998447 248869301
249997350 251491044
249644229 249998737
249996872 249769062
249593755 249997677
250001207 248839911
250003835 250001217
249997922 250262566
249999848 249791874
249963111 249999687
249995853 248675239
250006286 250680890
249994914 251344204
249510919 250002335
248957269 249999447
250441096 249998996
249687824 250001738
250005230 250538532
250000175 250405445
248630180 250007154
249327356 250001960
250005206 249150682
249748666 250004028
249596212 249998274
249173232 249998112
250665914 250002676
249267130 250002966
249995429 248655735
250125956 250001620
249997640 249739928
250009640 250724328
251191226 250005696
250898583 249999835
249998988 250207300
250734402 250003514
250000346 249077690
249998159 250984133
250006913 250834731
251103911 250004633
250003383 250499757
250001222 249662918
250009658 249283444
249999272 251156816
249997446 251132456
249998642 250117586
249200273 249997989
249996509 248511081
248993754 249999390
249999837 249581601
250001178 248841920
249810017 250003635
248542005 250008467
249999513 251201417
250000275 250146247
250004226 250634178
249521304 250000778
249171129 249998947
250000203 248849301
251152762 250005242
250850969 250000371
249080075 250002257
249998427 250385009
251319103 250007287
249961451 250000325
250008990 250739660
250205031 250003181
250009143 249243313
251132374 250003228
250002956 250871872
249997278 250313810
249376266 250004236
250009631 250750341
251099088 250004166
249999090 249611400
249849215 250002381
249997495 251144393
251292875 250008421
249997846 250133790
249234000 249998122
249996744 251074198
249999505 250938375
248562450 250010352
249997051 251259161
249741165 250004039
249129198 250000270
250000405 250342731
250005983 249363557
249197987 249998225
250472897 250000377
250004396 250854476
250000899 249858443
249997443 251005273
249560054 249998616
249454937 250002333
250670387 250003097
249999405 248780993
249996083 248980515
249322069 250001839
249194583 249997897
250406148 249998428
249202613 249997737
250006423 249361061
249995403 251267757
249997758 250281482
251295595 250008209
248865477 250002271
249878620 250000840
249516461 250001027
250024832 250001870
248641049 250006519
250620328 250004514
249994859 251358137
251362330 250008002
250005060 250539336
249045054 250001426
249993997 251392543
249700920 250002358
251489606 250007274
250431525 249998825
249996544 250248534
250524499 250001791
251043791 250001623
250307413 250002379
249999096 249026798
249998864 250390920
250002711 249538297
248788181 250004119
251493736 250008308
250997543 250000387
249733624 250003944
249999955 249587245
250008231 250712635
248835845 250005273
250164862 250001570
248674821 250006501
250195211 250004297
248930725 250002201
249998377 250129199
251251200 250007660
250000756 250352488
250414572 249997864
250597528 250004960
250000435 248824463
250604143 250005407
249995086 251290194
250009931 250730149
248781205 250004637
251078759 250003095
250000424 250337900
250004256 249447660
250988804 250000774
249995866 248637672
249911393 250001789
249656671 249998997
249999609 250347325
249447434 250002662
250007325 250792337
249996633 251078633
249271433 250002103
249998491 250000327
249637709 249999003
250775365 249999621
250002999 249532051
250006968 249185512
249994957 248728649
250005535 250514949
249927452 250001146
249998770 249915688
250000344 250184292
250228430 250002770
249995170 248969652
249998872 250090358
249995594 248723434
250004737 250489773
249998937 249880523
250169616 250001924
250909273 250000337
249996705 248694669
250124373 250001703
249993782 251384576
249471953 250000899
249994299 251345555
248729447 250008935
248800246 250004738
248949022 250000758
249994800 248633708
250974711 250001331
249999639 250214827
249999899 249062167
250000403 250195565
249999862 250348464
249997913 250264005
249254789 250001087
249649083 249999327
250004865 249387305
249296280 250004262
251234738 250005874
249996727 251262133
249995348 248619452
248880770 250002940
248888041 250004189
251480827 250007567
249996459 251315865
250555779 250003135
249486851 250001785
250905117 249999461
251332915 250006939
248915341 250002341
249993471 248614719
249352809 250002897
249999850 249931694
250007738 249231994
249941843 250001359
249995497 248958755
248747758 250006926
250657404 250003382
249994735 248625889
248515591 250007019
250001226 249823314
250009975 249251353
250003924 250863374
250000233 250039107
249997335 249687997
251012688 249998556
250000649 250151599
248731988 250008124
249999710 249889478
249058313 250001815
250592818 250005362
250000460 249592740
250413004 249998454
251143550 250003340
249998632 251151188
251164915 250005657
249997835 249686035
250399404 249999444
249853762 250001504
249999424 249602930
250009735 250723119
249998308 250285162
249996328 248893126
249998204 249036588
249906985 250002253
250003666 249507386
250009907 250752213
250035255 250000353
249037940 250001576
251304866 250008758
249999430 249919806
250009024 249241760
249995176 248669200
251027752 249999678
249019069 250001085
249997576 251142788
250092881 250002429
249997646 251140496
250642624 250005382
248924637 250003275
249997056 248990474
250000451 251164741
250000939 248832993
250940272 250002540
250002418 250889490
251345685 250007311
250001787 249825271
250008274 249299348
249995377 251281803
250996713 250000667
250783265 249998469
251407514 250009594
250010352 249253592
248543911 250009615
248545025 250010229
250338314 250000010
250000190 251166908
250418889 249998481
249996320 251487068
250042570 250001122
250675310 250002222
250000941 249959493
249997415 250294287
250212403 250002063
251179448 250006876
250000708 249956682
250006963 249163113
251314371 250007813
248717537 250007127
250558265 250003651
250041177 250000779
250000601 250451249
249808248 250003410
250086991 250002239
251310299 250008263
249133554 250000338
249995719 250241427
249545093 249999121
249778488 250001312
249996470 250257264
249992599 251411143
250006019 249490307
250051896 250001076
249997141 251260529
249997332 250233478
250006656 250780138
249998461 249002415
248498002 250008210
250004529 250508117
250730152 250003938
248944166 250001454
250064286 249999748
249996032 251508980
248903262 250002802
250002577 249108813
248508520 250006600
249998049 250997269
249997569 248930343
249244347 249999343
249660748 249999030
249999877 249577575
248926119 250003573
250411299 249998589
249839456 250001340
249997300 248882286
251462429 250009425
249997970 248866146
249999981 250916065
249076511 250002687
250545231 250001501
249996434 251067308
248842779 250005117
248968942 249997424
249933510 249999602
250935298 250002582
250227966 250002844
250007521 249318109
249881860 250000804
249665835 249999089
250005623 250000529
249999034 249864982
248502889 250006987
249998724 249867998
249999687 250099123
248706998 250008204
251113130 250003542
250381204 249998986
250000695 250338977
250562221 250003565
249994584 251361290
250993917 250000079
250802091 249997571
250404523 249998897
248737987 250007583
251020910 249997976
249679049 250001519
250560983 250002859
250000437 249984207
250791239 249998185
249995169 251294453
249430795 250003287
250026925 250001747
250007373 250790597
250520568 250002816
250004308 249136764
250004516 250608886
250005719 249395143
251032161 249999507
249996581 248898513
251010246 249998926
249999387 248851867
249975029 250001569
249998746 248793554
250001021 249641945
249995981 251009845
250683765 250001673
251270301 250008107
249340744 250002336
249995642 248910422
250965888 250000946
250005673 249469823
249349667 250002605
249850779 250001729
250003973 250554941
249996009 248949611
249995018 251020298
248559276 250009526
249876510 250001632
250699371 250003727
251129492 250003114
250687704 250002568
248921617 250003617
249522768 250000206
249998970 249913276
250002131 250581865
249998967 249914215
249245813 250000043
250004482 250549412
251274474 250008166
249998972 249874636
249996669 248924971
249998789 250208399
250004398 250551794
251176627 250006587
249995099 251353305
250007937 249200817
250008371 249297579
250004494 250518890
249995597 248564179
250773736 250000030
249996585 248982453
250619277 250004841
249994566 248667530
251238378 250006634
249690306 250002294
248579510 250009094
249996953 251492767
249994498 251366090
249999714 248799492
250550789 250002399
250772609 249999895
250244220 250004888
249392762 250004154
250006765 249339475
248763400 250005714
249803814 250003404
250004437 249381925
249994666 248652902
250005308 249389126
249997168 251476350
249999506 249890572
249333153 250000737
250374006 249998458
250602214 250005206
250005946 250667538
250002742 249113384
249994512 251395796
249999751 250212607
249995017 248621209
249300096 250004500
249309016 250003816
250010044 249272446
248550970 250010076
250923527 250003083
249999237 249609985
250000763 249809849
250980372 250001920
250248825 250004909
250222335 250002009
249252291 250000165
249956712 250000678
250000012 250101396
249569659 249998061
249995560 251058084
249798153 250003079
250768559 250000525
250000948 250178774
250005501 249457407
249544670 249999212
251382628 250008820
250007367 250789561
249994278 251036456
248651950 250007148
250579559 250003461
250003234 249441482
250002238 250454946
250003143 249535257
248946025 250001459
250001382 250903196
249259511 250001817
250756970 250003002
248620989 250007519
249999649 249005811
250573861 250003351
251229871 250005797
249999190 250413246
249995316 248727588
248542638 250008730
248721170 250007596
250006995 250802119
250003381 249533621
250809735 249997525
250486884 250000900
249999572 249948752
250724159 250005129
250002571 249541311
251196685 250005661
248860633 250003483
249999339 250934895
249995144 248731248
250002518 250457060
249786251 250001439
249999352 250401414
251203546 250005328
249919424 250001060
249218882 249997928
248520575 250007459
249999547 251209327
250000838 249588730
249998775 250985103
250002512 250589292
249335829 250001697
249998971 250065063
249999876 249862398
249359307 250004719
251223879 250005467
250402111 249998655
249999957 249632979
250005049 249373625
249999738 249897308
248690360 250008430
250002509 250565129
249996594 251127288
248528926 250008108
251075037 250003339
249947874 250000450
250031964 250001818
250509815 250002831
249996154 251335040
251348819 250007055
250976348 250001448
248742070 250007476
249998221 249622673
250000386 250043306
249997179 250260053
249996493 250236795
250005957 250651369
250001019 249553365
249918266 250000970
250183436 250003280
248648691 250006897
249648105 249999005
250004150 249446122
250001344 249850252
250000330 250190538
250004808 249514504
249813267 250003475
249997308 249755386
250000914 249785584
250288297 250003405
250953288 250001742
249999922 251197000
249144467 249999473
249995539 248721207
248895969 250003201
248570019 250009957
250003893 250858899
250646992 250005728
249996326 250255608
249997546 248524286
249994132 248632562
250644629 250006291
250005204 250547068
251031025 249999709
250396132 249999638
249995068 248956448
250003502 250603918
249436297 250002689
250010882 249275518
250002778 249126690
250815286 249998524
250005229 249495491
249998742 249618468
249995909 248735667
250000638 251178232
250002883 249434415
250003665 249130227
250003576 250862496
249998960 249876290
250079177 250001101
250002653 249428769
248623167 250007201
249994638 248646444
250000810 250905920
250852941 250001065
250004732 250505090
248564962 250009946
250007512 249190750
249995804 251092200
249024785 250001109
250005050 249498066
250192327 250003641
250005538 249461808
250002824 250882386
248773626 250005464
249998811 250114425
248513049 250006743
250916456 250002270
251214070 250005392
249992095 249999581
249317321 250002819
250000772 249851736
249506177 250002155
248572046 250009920
249824616 250002442
249996198 251112346
249929072 250000846
250160294 250002204
248830970 250005572
248752969 250007297
250066158 250000106
249994807 251341467
250008584 250756458
249064852 250002224
249999634 250140922
250005424 250528326
248524746 250008738
250000271 249084109
251485560 250006758
249997876 249728510
249997478 248753938
249999329 250955701
251095655 250003843
250003951 249137905
251372020 250008178
250674205 250002235
250000691 248816113
251206328 250005180
250005920 250668894
250294112 250003096
249136467 249999517
250948494 250002620
249997353 248887765
249999234 250950192
250002358 250890392
250000590 249820434
248507918 250006382
249994615 248587351
251425986 250010612
248848229 250004009
251105320 250005082
249999684 249562572
249423402 250003136
250926985 250004329
250005697 249364433
250497004 250002410
249015550 250001524
248546849 250010669
249999679 251162017
249999508 250068932
248713226 250008334
249999912 250437502
249999662 250911774
251071246 250004020
249999299 250396471
250622809 250005249
249387894 250004276
249999724 251183490
250463968 249999554
250005319 250517183
250059575 250000997
249997692 250965538
251467295 250008587
249647353 249999085
249997890 250979906
250006015 249349691
249998839 249004535
249036104 250001918
250104150 250001720
249207674 249997492
249998948 250105234
248906241 250002637
248846855 250004399
249997613 248765869
250000829 250900389
249992863 248609615
250007212 250782212
250008568 249304732
249999118 250960340
249018006 250001030
249030076 250000190
249993142 251419372
249998745 250392097
249998513 250388223
250006988 250686758
250005426 249487674
250005091 249496389
250000279 249902067
250010204 249279316
249994607 251350811
249992681 251405961
250270339 250003985
249624310 249999004
248672471 250006333
249999194 249945752
251385154 250008104
249998787 250081491
249999959 250199549
249999311 250076589
249743352 250004146
250705046 250003470
249364071 250005469
250001169 249812483
250004450 250844270
249997093 248877337
249771216 250002138
250009450 250728466
249119819 249999381
250255733 250004755
249031933 250000457
249998900 249025520
250972132 250001258
250507719 250002613
251423282 250010014
249995372 251104126
251201143 250004895
249735145 250004823
249369749 250005265
249150226 250000306
250009048 249295548
250004870 250646050
250859350 250000378
249996501 251117531
250000084 250354592
250588741 250005523
249277514 250003144
250778604 249998866
250848070 250000650
249999931 250345443
249995500 251451986
248868396 250003282
249996377 248554991
251487846 250006862
249995914 251510948
250391005 249999837
249791406 250002588
251243097 250007491
249693064 250001430
250119581 250001167
249675985 250000957
249837755 250001043
249818538 250002486
250933680 250003138
251450234 250008848
249993860 248597766
249996438 248687934
249229502 249998362
251217351 250005295
251328773 250007501
250855621 250001097
248537436 250008916
248745023 250007133
248634745 250006337
250001763 249099151
250002483 250600005
250007818 250762814
251289592 250008346
250185693 250002827
248972430 249997710
249538711 249998291
250516781 250003703
249205963 249997491
250897538 250000314
250096213 250002597
249492300 250003016
249995443 248670991
250008808 250744644
249997888 251145534
248984201 249998065
249996873 250252235
249994880 251378914
251417755 250010491
250008790 250745752
250003565 250864725
250430171 249998545
249237933 249998625
249995700 251107554
249877704 250001130
250595499 250005263
249995030 250000518
249339004 250001978
248575652 250009914
248588509 250009415
249998847 249040669
250110109 250001175
251384259 250008363
250007361 249224761
248798669 250004827
250576943 250003059
249994697 248968117
250433891 249997943
249617552 249998522
250101536 250002646
249998360 250968474
250703015 250003743
248764293 250005341
249994156 251439140
251249026 250007186
250008461 250000039
249998110 250306476
249366774 250005370
249998365 250377161
249681992 250001878
250033320 250001142
249997064 251488492
248616796 250007590
249998999 250946825
250000246 250033536
249996310 251462772
250910485 250000951
249564379 249997877
249994948 248664150
250000287 249046193
248505570 250006430
249996295 251322999
249996289 248941529
251019113 249998009
250943820 250002004
250001319 250453053
249996338 248944892
250002779 250566109
250055137 250001695
250001971 250471303
248870532 250003898
248785934 250004842
249801542 250002836
249724246 250003744
249998649 249722423
250001008 249810650
249997119 251495199
249898670 250001890
249428449 250002973
249996580 249763224
249997849 248885861
249463421 250000595
250003652 250626288
250828567 249999425
249999337 249886545
250504342 250002236
250010042 249277238
250000886 250027786
249361997 250005487
249995782 248674510
249998956 249879878
249994451 251428713
249049518 250001762
250354784 249999448
249609756 249999466
249075570 250003006
249994879 251040101
250008780 250705474
249138663 249999823
248590477 250009021
249999574 250425228
249407161 250004683
249994185 251436635
250166579 250001591
251412774 250010390
250001066 249667348
250526755 250001955
249447637 250002635
249996596 249761150
249997251 251119421
249364475 250005655
249552386 249999560
249870646 250001468
251437436 250010050
250001646 249557024
249998602 249698700
249999294 249605664
250968576 250000548
251311595 250007699
249995975 251464491
251001350 250000336
250502993 250002171
249995374 251062486
248511009 250006823
250003010 249524374
249722203 250004183
250878705 250000661
250347246 249999688
250481524 250000684
249998113 251222719
251122991 250004545
249439388 250002718
250005648 249515928
249994320 251022802
250002379 250461143
249904517 250001685
249998664 249039358
249995762 248953594
249999532 249011502
250314222 250002422
249997036 250316922
250648596 250006170
249449162 250002754
250008161 249208649
249998919 248999325
250348574 249999752
249999435 250951679
251464707 250008811
250000259 251181007
250438145 249999269
250345692 249999682
249182695 249998403
251420474 250010346
249998797 250080433
249996536 248760930
249998256 248867346
250005856 249489460
249994433 248627295
249999593 249883071
249998012 249737552
249997462 251490074
249997085 251130451
249284132 250003148
250071342 250001568
249997333 248927901
249999594 250410294
250581564 250003838
250685090 250002086
251102401 250004333
249250870 249999914
249998628 248776178
250005728 249472994
248912952 250002312
250995132 250000186
251004630 249999662
249999238 250225106
251118258 250003244
251399851 250010505
250088117 250002423
249762816 250003118
250000051 249564103
249502012 250002370
249999310 250009190
249831971 250001553
249995359 251271495
251093579 250003423
250785508 249998628
249394360 250004288
249994114 248630272
249996167 251311119
250008613 249307037
249994729 248593875
250004466 250637048
250007843 250698915
250006387 250818593
249999146 249616928
249784872 250001626
250005971 250837343
249653917 249999429
250028168 250002178
250641097 250005501
249999587 250927023
250000157 250428559
250252281 250004951
249995215 251277847
251087143 250003271
249822033 250002507
250122249 250001705
250000111 249583403
249997007 250315243
250000620 248828048
250617667 250004625
250004084 250559312
249997084 248706496
251276504 250008776
251088473 250003253
250000731 249970585
249998273 248787569
250008995 250755293
250001972 250458678
251268711 250008469
248540328 250008844
248862579 250003023
250533995 250001261
249996816 250234384
249999502 250923502
250007725 249228833
249998710 250981734
250884946 250000264
249023313 250001107
249587603 249998303
249996085 251334383
250681289 250001135
248528006 250008186
250340464 249999208
249999902 251193606
249998522 248777984
249997898 249772776
251442623 250011205
248727009 250008207
250000124 250331176
248745883 250006657
250008177 249199187
250000517 250340869
251367649 250007907
249286574 250002946
249992808 248612198
249995757 251265353
250005142 250544612
250327891 250001163
248964584 249998230
250002616 249541598
249998614 248789936
249994961 251047835
251273257 250007705
249997413 250276911
250003089 250000801
250003021 250866071
250002219 250454497
249997574 248544570
250001049 249978087
249415609 250005085
249424254 250002908
249995108 248729556
248907617 250002915
250009181 249266567
249566251 249997903
249605803 249999155
250586705 250005099
249999378 249926818
248530932 250008614
250912011 250000701
248896768 250002890
249996255 249765869
249999335 249614405
250491972 250001668
249457204 250002134
250498918 250002638
250651075 250005713
250009736 249258272
249625645 249998967
249996673 248921009
249520957 250000619
249997399 249758067
250005630 250618488
249998824 251154604
250173674 250002962
250302244 250002342
249996411 248570359
250003999 250495415
249996770 251075408
249760680 250003444
249261617 250002327
251263434 250009044
250003399 249444743
250111734 250001502
249319267 250002931
249166151 249999329
250004094 250855634
249997764 250274442
249503796 250002018
249996761 251470063
248754986 250006340
250004805 250612809
249999903 249048357
248769522 250005284
249995008 251021402
250002789 250498767
249999032 249013858
250000770 250897648
248677209 250007163
250366376 249999398
249042366 250000756
249999168 250432666
250529102 250001764
249993449 251386749
250583675 250004411
250000559 249980997
251469659 250009129
250007046 250784930
250372627 249999107
249754838 250004016
249994721 251292977
250001077 249832447
250000870 249671012
250009829 249281773
248516868 250007616
251136094 250004270
250427096 249997706
250000304 250193922
249080740 250002186
250000362 249673634
249999039 250210221
249997697 251240011
250009169 249260927
250002392 250594158
249999841 251186483
249997582 248879136
249995843 251264065
249977652 250001484
250000604 249904296
248953019 250000301
249671332 250000550
249999695 249634543
249980499 250001057
251283223 250008891
249998780 250995216
249999886 250403534
250000379 249591053
249996145 251305151
248948241 250001115
250006437 250775297
249242276 249999798
249998271 248863207
249999755 248798607
249123591 249999367
250070119 250001007
249998699 249719979
249607538 249999594
249371921 250004503
249222833 249997833
249815065 250002695
250144489 250002033
248604337 250008067
250002860 249439602
250006474 250821518
249996566 251071546
250004042 250624016
250476680 250000360
250367676 249998746
249998744 249020292
250000062 250449432
249994764 248645746
250384183 249999253
251082153 250003611
249099100 249998660
250000291 248821425
248716205 250007401
250005056 250509666
249997487 248935439
248932453 250001961
249994621 251370221
248714989 250007915
249294378 250004382
250005232 249458078
250364127 249998975
251120108 250003774
249998275 249731921
249496161 250002811
249996943 248764383
250795638 249998726
250474656 249999744
250009718 249292872
250007086 250804802
249985334 249999310
249995842 251015402
250005067 250542965
249611954 249998536
249997998 250978044
249999973 249054637
250488188 250000824
249999422 250111862
251377693 250008847
249997759 250303391
250000314 249840482
250416961 249998725
250453895 250000477
249411278 250004610
251134526 250003616
249996648 249759096
249996379 248988677
249996718 248700610
250550183 250002089
249998929 251212579
250787674 249998560
250000288 250003602
249999864 250945548
250003054 249128982
249994539 248963223
249998565 249704713
249719126 250003370
250001944 249828790
250002816 249530296
249627815 249998877
250000120 249072232
249994883 251286079
249999778 249924598
250000982 249983456
250004854 249512634
250284531 250003847
251415557 250010843
250892023 249999885
250002862 249432352
249512712 250001642
250005047 250652485
251048120 250001722
249539818 249998582
249998188 250970936
249576720 249997992
249997340 248533350
249995317 248644127
250219332 250002146
251089998 250003804
249051083 250002041
249997457 248874221
250702110 250003820
248567033 250009483
250007389 250766377
251286660 250009022
249463968 250000696
249999049 250398061
251061156 250002586
250005248 249455742
250470349 249999401
249523700 250000116
249998952 250990626
249902732 250002168
250005133 249399377
251174606 250006660
249995661 251065169
249206169 249997443
250004670 249148078
250002394 250591870
251440456 250010980
249994727 248617677
250008273 249240239
249965279 250000235
248894531 250003285
249214107 249997331
250090991 250002779
250006537 250831417
250001498 249853768
249999487 250932651
250004057 249378897
249996291 248746187
249097078 249998892
250000270 249638232
249179000 249998384
249994513 251381043
249999865 249058049
250000641 249091107
249995918 251506126
250000765 250439327
250179306 250002790
249970128 250001188
250000562 249982318
249744906 250004188
249998753 250393969
250006793 250826177
248797097 250004681
250000378 248810470
248614214 250007514
248760060 250005736
250511712 250003010
250938207 250002395
250466772 249998886
250001045 249837753
248631922 250007522
251394153 250009589
249998838 249871734
249515829 250000865
251433031 250010405
250744298 250002480
250193920 250003562
249998815 249003869
250003088 249121684
248775804 250004594
250922755 250003017
250004235 250611563
249994857 251287783
251368894 250007802
250004752 249145780
251396448 250009816
250759440 250002680
250009327 250753161
249994383 251347817
250546265 250000749
249994263 251432137
250006037 250812941
250038658 250000682
250448971 250000523
249995625 251327305
249999845 249909393
250002914 249426816
251307865 250008293
248659887 250006547
249951484 250000852
250009642 250719646
250004749 250519683
251220768 250005454
250721563 250004717
249224261 249997743
249263430 250002340
250003477 250606073
249764850 250002418
249999001 248780089
249996448 251125054
250006361 250824613
249999493 249894327
250006199 249336881
250068298 250000142
250073905 250001995
249996215 248568829
249996554 248553918
250713517 250004591
249997906 251134700
249680337 250001449
250002347 250568739
249999409 250102629
251327642 250007028
250324668 250001422
250298787 250002363
248935353 250002465
250007180 249316728
249999469 250366305
249301682 250004268
249998384 249729606
249999554 248855070
249997632 250279612
250009786 249290756
249998546 250125408
250018537 250001011
249995996 251059872
249992532 251403638
250652433 250004893
250279848 250003622
250002310 249544070
251334618 250007582
249996441 248677239
250007108 249171244
249998898 249940320
251453767 250009691
251264575 250008487
250000114 249080376
249210064 249997300
250000606 249957824
249000828 250000048
251062744 250002292
250000307 250162191
250958682 250001826
250745632 250003018
250002200 250884788
249530352 249999684
250005425 249467427
250006674 250770796
250000580 249844856
249999944 250159588
250003641 250558639
249998430 250055730
249140811 250000261
250005936 249159544
249997905 248771729
249992495 251415965
251080772 250003208
249995306 251460510
250920390 250002614
250241936 250004384
249999358 250954046
250004178 250502400
250000098 250447272
249766571 250002717
249306951 250003645
249547339 249999617
249999582 249933530
249498055 250002665
250999718 250000124
249998511 250995671
249477910 250000812
249998457 250320927
250844542 249999514
250007911 249195701
250057496 250001498
249216063 249998257
250571585 250003117
250823565 249998813
249622586 249998308
251486100 250006616
249493456 250002870
248867349 250002359
249996294 251251964
251145648 250004172
249997190 248755350
249998487 250060963
250003797 250861091
249998817 249693783
251005873 249999291
250839052 249998902
250000063 249779737
250308907 250002181
250829812 249999216
249946075 250001051
250518877 250003165
249995911 248940501
250006373 249358833
249998521 250127555
249439921 250002541
251323547 250006921
251356930 250007912
250210166 250002192
250580637 250003359
251212518 250005264
249997748 248992780
249599724 249998736
249650615 249999217
249996348 248715102
249998857 248783543
249994975 248622957
249931742 249999802
249999608 250073302
249995252 251454358
250575582 250003450
251006764 249999062
248803168 250005072
249603569 249998785
249998015 251221447
248852930 250003246
249996013 250243329
251025720 249999140
251057344 250002584
250008294 249310004
250006336 250662254
250005212 250658150
249111314 249999348
248495886 250008834
250333557 249999839
249571901 249997555
250521922 250002510
249999889 249801343
250005002 250541730
250834417 249998553
250005349 250655437
249999782 250005270
249995748 251055806
248760881 250005737
250005201 249371223
250000820 249656258
250760555 250001933
248533234 250008910
249715912 250002766
250291241 250003323
249002762 249999922
250599472 250004928
250000452 249652894
249855873 250001845
251331785 250007333
251271772 250007876
249996968 248549384
250866672 250000626
250000945 250148687
250260512 250004944
250551700 250002194
249997756 248518954
250768031 250000767
250978922 250001522
250002582 250563204
249994407 251028053
249995417 248957903
250000232 248814702
250608002 250005400
250006564 250809878
249998407 250088803
248602771 250007955
249994921 248960457
250000651 249059477
249354973 250003169
248500229 250007361
250630050 250004890
249996070 251462162
250877077 250000989
249422521 250003779
251148956 250004472
250010536 249288224
249992775 251417581
250861027 250000317
249995678 251337074
249995356 251278772
249835462 250001036
249405660 250004516
250000197 249551749
249996474 248703918
249751877 250003867
248874526 250003132
248998669 249999575
249500749 250002367
248585287 250010093
249999600 249943602
248889547 250004239
249999280 249921204
250004060 249503238
251477752 250007804
248918359 250003281
248961466 249998710
250001357 249547939
249996756 249760424
248840835 250005125
250435869 249998757
251140635 250002787
250000254 249928344
250004537 250489103
249053392 250001218
250217543 250002213
249998258 249716102
249997925 248771189
250002898 249116302
250793597 249998379
251169561 250006107
249328887 250001511
249596966 249998520
248580693 250008919
249731197 250004367
250763901 250001141
250048507 250001357
251187373 250006135
250928430 250003708
249999846 249930072
250000352 250153518
250006407 250679031
249152333 250000415
250206526 250002734
250624665 250005275
249290936 250004320
250460298 249999280
251023989 249998471
249999632 248808608
249999342 250077712
250444084 249999462
250005073 250534019
249996482 248758202
249313799 250003593
250002046 250570192
249996265 250239029
250000988 250442558
249728307 250004063
249998397 249029757
250007887 249195567
249665026 249999114
251258479 250008375
249374361 250004313
250009010 250747920
248900742 250003020
249997997 248860149
249008227 249999901
251431307 250010341
250003986 250501178
250002132 249424406
248855624 250002522
248633515 250006995
250994243 249999939
249400070 250004440
248958899 249998863
249146774 250000094
249994724 251097002
249998245 248767551
249998958 249866844
250874133 250000695
250003107 249430975
249999098 250418272
250000521 250196961
250004307 250493237
250559438 250002842
249619207 249998003
250000571 249571181
250001002 250175634
249999891 249051389
250000888 249975710
250013103 250000155
250353882 249999362
250006786 250807024
249705596 250002468
250002424 250595756
249996418 248508302
250006141 250673725
250000311 249783125
250000377 250217131
248910612 250003062
249998686 249725948
249378450 250004504
250006846 250779388
249737854 250003946
249996591 251131477
249997098 249770170
249872287 250001321
251049560 250001994
250022419 250001895
250003475 249410907
250176438 250003284
250259200 250004880
248956101 249999277
250678420 250001446
249998060 249743740
250274303 250004937
249998144 249691418
250693103 250002651
249999821 249079377
249997112 248690554
249999320 250420592
249999945 249561069
251298937 250008349
250000492 249064680
250842596 249999048
250000001 249087101
249996160 248943716
250799655 249998315
250493365 250001145
249950465 250001263
248592573 250009531
250000565 250909045
250005275 250525591
249546836 249999544
250007686 249169698
250005305 249369709
249989788 249999668
250002099 250873171
249999297 250059697
249579139 249998313
249994890 251375442
250754197 250002733
250000137 249574575
251240696 250007562
250777800 249998908
249998255 251219527
251210175 250004983
250278103 250003387
251251933 250007975
250914473 250001573
250007924 250707878
249993445 251402217
249994125 248966051
249997272 248530762
250817663 249998779
251167537 250006241
250655334 250003858
249997885 250299323
249998296 248786240
249248129 250000383
248771688 250004818
250262463 250004751
250002745 250464759
250484070 250000422
249549324 249999972
250005498 250653694
249994685 248962031
250004353 250642245
249996829 251248183
249995561 251054281
249997942 249701518
251403138 250009376
250005726 249389912
250633405 250004999
250230108 250003180
249635850 249998388
250000609 249790269
250000429 250166003
250009583 250725955
250004675 250484337
249615118 249998622
249995161 251443541
250046666 250001634
249997022 250270192
250446713 249999183
251067330 250003612
250238978 250004366
250652767 250004765
250009957 249285299
251226019 250005481
249998754 251230592
249995010 248650406
249996562 251322000
249998048 250973048
249996600 251122556
250207252 250002984
249996569 248684753
250120834 250001756
249998661 250122087
250001976 250876090
251278743 250008955
249998474 251231604
249997086 251474768
250007125 249325033
249996850 248936398
250627241 250004729
249846825 250001809
251428133 250010569
250004920 250542094
249775742 250001610
250007241 250797059
251359085 250007895
250171111 250002481
250000210 249567510
249739289 250003933
248986214 249998842
250128134 250002462
250081381 250001757
249997869 251233631
250007933 250700583
250132430 250001704
250005241 249366903
249996946 251007346
248878423 250003183
251205313 250005091
249999428 250326662
250990888 250000286
250155374 250002090
248927883 250002863
249864277 250001525
250187287 250003581
250003732 249520084
250002658 249418036
249005952 249999508
250019891 250001647
249384561 250004535
251484262 250006972
250005832 250671700
250002766 249436220
249633999 249998937
249997109 248890361
248557285 250009485
249163064 249999660
250005439 250838617
249993065 248606433
249994434 248616292
249953769 250000665
251156299 250005397
250000541 249568915
250004243 249384853
250006190 250650598
248844999 250004505
249995442 248737560
250061531 250000349
250691579 250002167
250005011 250532253
250663213 250003265
250009636 250735266
249999712 249074990
249390065 250004369
250864513 250000375
250780897 249998297
250009713 249267895
249996077 248559177
249998402 249620774
248950789 250000727
250707673 250003837
250762721 250001567
249998145 249745077
250639401 250005423
250002036 250475004
250003206 250560636
250006014 249358012
250202417 250003871
250007007 249217313
249999733 249954701
250007892 249312248
249999438 249942878
250831963 249999011
250007696 250794932
249998468 250087022
249102018 249998896
248553259 250009745
248911162 250003028
249155179 250000709
251034722 250000258
249981950 250000930
249713178 250003140
250000733 249817027
249996414 248918850
249997428 250000742
250005450 250616842
250874671 250000599
249995437 251094977
251341366 250007038
250004141 250606997
250153670 250002578
251002921 249999795
249996505 249752589
249142835 250000129
248750898 250006568
249999240 249629206
249056115 250001799
249996420 248718782
249585830 249997684
250000208 249965306
250001977 250893693
249998779 250139535
250983732 250000978
250002044 250467706
251451551 250008915
249998603 250131993
251249966 250007704
250001321 249092385
249071105 250003597
249995989 251467469
249758208 250003916
250006288 249331238
250006466 250669974
250000252 249640684
249999126 249042270
250196998 250003598
251343239 250007513
248816226 250005490
250007890 249234184
250003479 250497617
250007025 249174073
250008868 249301728
249998755 248997741
248686115 250007875
250002267 250577735
250788244 249998550
249997594 250302384
249997634 248524976
249999389 250957779
250000673 250167497
249999071 250096239
249995953 251013219
250000023 249989433
249995688 251082688
250002070 250472330
250083741 250001749
250495683 250001861
250620689 250004507
249999644 251210760
250000394 249997776
249999475 249678943
250006098 250664288
249236519 249998811
250129370 250002266
249996115 251326069
249996021 251110713
249999182 250367240
251014000 249998432
248783639 250004911
250688894 250002348
249860493 250001781
250010211 249270447
250225155 250002539
249998240 250986470
249998283 251214221
251266005 250008123
249999943 250928613
250077205 250002025
250007979 249203459
249995454 251296660
250867917 250000373
249999251 250094519
248599709 250008481
249995776 248948210
250000839 249654829
249997551 251242407
250009913 250734065
249999102 250067162
250005090 249459574
249527208 250000176
250282184 250003464
249420247 250004215
249187639 249998309
249995864 248951620
250387213 249999523
251161695 250005403
249997991 249710073
249995052 248584924
249996624 248552548
249994489 251359959
249995491 248903679
250007548 249188664
250003485 250631455
250711471 250004331
249999939 249930827
251172471 250006399
250000743 249835755
250004474 249509880
249998892 250061680
250751392 250003150
250857732 250001140
250003866 249379774
250005196 249154598
249999411 250931903
250002638 250477854
250006371 249343133
251151630 250004458
250862560 250000232
250002083 250572619
250727583 250005271
249997669 250290709
250389518 250000266
249113989 249999275
249998345 250999035
249998346 250283144
251182449 250006477
250519449 250003053
249995926 251514350
249003469 249999905
250003013 250597749
249999230 249578822
250005539 250660939
249283091 250003309
249996598 248509614
250002059 250586027
249997380 251473056
250000850 249842760
250003499 249504833
250286032 250003876
249996706 248702084
249225889 249998431
251237143 250006449
248954515 249999737
251353683 250006905
249999801 250918925
248703417 250008033
249069594 250002758
250226572 250002512
250000572 251170000
249116769 249999357
251228668 250006218
249999641 250013617
251185345 250006479
249996430 251081352
250007659 250786705
250836948 249998960
249996234 248895996
250564695 250002943
250004744 249499638
249718137 250002935
248514610 250007222
249995641 248561877
251190459 250005881
251301190 250008634
250006943 249176347
250006669 250683603
249310325 250002975
249708556 250003052
249994609 251044547
249287912 250003690
250231552 250003742
248522832 250007858
249999743 249952593
249525343 250000559
249978880 250001226
250000533 251175135
249060414 250001652
249994841 248592457
249998977 249016223
248790581 250004231
250002903 249107759
249995840 251114562
250973781 250001483
250460955 249999695
249360399 250004807
249999327 250222151
250000384 249968206
249518135 250001177
250052796 250001364
250008355 250703155
250118010 250001488
249995674 248725886
249999651 250200945
248766722 250005460
250000407 249987459
249683548 250001784
249999453 249681115
249998639 250120859
248980886 249998152
249996701 249767423
250361836 249999346
249999725 249900835
249999349 250431001
249461719 250001189
249998666 249033724
250008068 250697862
251448572 250009660
249999676 250071450
249668681 249999733
249504552 250001744
251439222 250010388
249226941 249997683
249684984 250001516
249994348 251442250
249993649 251421875
249488075 250002471
250659843 250003519
248883911 250003559
250636469 250005045
250161774 250001942
248967235 249997587
250002183 250580837
249995140 248590426
249995533 251300149
248586438 250009908
248639355 250006061
250567409 250003677
250005043 250511693
250234864 250004478
248692720 250007672
250005854 250816524
248779965 250004571
250000632 250155616
249993808 251031052
250539657 250001659
248851034 250003590
249556996 249998566
249074683 250003353
250000811 250181285
250369252 249999218
250311648 250002310
249998391 250964205
250001584 249102836
250007208 250769500
250001318 248837864
249999834 250010876
251470359 250008789
250537471 250001621
251224495 250005583
249418208 250004988
250006676 249315574
249999145 249627547
249795168 250003480
249807086 250003526
250005676 249391240
251398377 250010083
250918620 250002458
250005242 249456852
250005410 250523300
250003676 249132308
250237481 250004125
249997310 251238358
250009202 250742390
250000445 250188075
251497489 250009373
250003062 249412826
250049122 250001296
250000712 248812334
250009682 250736850
250004810 249367568
248819570 250006212
249996105 251332447
250098858 250002550
249998982 250211254
249994246 251037422
250004957 249452313
250000409 250016269
249997768 249742200
248934087 250002325
249999165 250323419
249995004 251458824
249998674 249683112
251338108 250007310
250085146 250002064
249996069 248575103
250005873 249354397
248643943 250007221
249997580 249688920
250008116 250709992
251193529 250005151
249793565 250003175
250005258 249511436
250003527 250480965
250008202 249235488
250009156 250724934
249996526 250248090
250007147 250767839
249641326 249999610
250003954 249139010
251231942 250005766
248583678 250009372
249999816 250921262
250000511 249787179
250628799 250004707
249858680 250001622
250947381 250002045
249997126 251495590
249298321 250004269
250320461 250002123
249993109 248604815
249470083 250001645
250000223 250031283
249998125 251217033
249996780 251068256
249998809 250992365
249401914 250004770
250960387 250002209
248854709 250002355
250000071 250333325
248739067 250007289
249126303 250000417
249995285 251042567
250612722 250004892
249331418 250000740
250006848 250829060
249995919 248567085
251335843 250007551
249995055 248635313
249935616 249999458
251051428 250002216
250005663 250516379
249994154 251434092
249997766 250318878
249923003 250001373
249943823 250001123
250007379 249222583
250000107 250144477
250008332 249309060
248561396 250009776
250021114 250001552
250004683 250487725
249997166 248514834
249861260 250002016
249995877 251313947
249993896 251382800
250277082 250004344
250000284 250019264
249996233 248917957
248593307 250009171
250006869 249217755
249997466 251246126
250157628 250001904
248595598 250008878
249751207 250004259
249995699 251445949
249996781 248697209
249040087 250001309
249580091 249997961
249542151 249998857
249240372 249999360
250358797 249999721
250741250 250003652
249997302 248517818
249998361 248537831
249756244 250003560
250257493 250004425
250005845 249392803
250003726 250629780
250233212 250003934
249995141 248579767
250004162 250557754
250008807 250714755
251126569 250003333
250507009 250002813
249995652 248739564
251138476 250003412
251039792 250001172
251280891 250008731
250007275 250692773
249344025 250002215
250335918 249999494
250005518 250529738
249999612 249630682
250423638 249998076
249999798 250925974
249999181 250324153
249994978 248908784
250005171 250615099
250002220 249424942
249996268 251008896
250006159 249475479
249995991 251088441
250006697 250777439
248596950 250008056
249998557 250109531
249141468 250000388
250000228 249585678
249996041 248750315
250006701 249323697
249999557 250204483
250748860 250002732
250002072 250583330
250881471 250000067
249995103 251017329
249999879 249088569
250962971 250001355
251472419 250008429
249999753 250034709
251460733 250009703
250007529 249214475
249998297 250371619
250379226 249998952
249959813 250000621
249996634 250249686
250000662 250334750
249996333 248678769
250407473 249998147
250868913 250000179
250246928 250005006
249131560 250000476
250005672 249482964
250000266 250353966
250001191 249856527
250000333 250173259
249550942 250000312
249995618 251447818
250002701 249110563
249999015 248791761
249998501 249717817
248612762 250007862
249998128 248774054
249086462 250000640
249998777 249021377
248606664 250008136
251159291 250005901
250008976 250737802
250731797 250003741
249995480 248733286
249996924 251497784
249841983 250001627
249157361 250000167
250000117 250358401
249994892 248581624
250006996 249177854
249997053 248884553
249159987 249999807
249996737 248680111
249574608 249997144
250000056 249594430
250007690 250695408
251303473 250008851
250000241 250024073
250000081 250026621
248653892 250007326
250074807 250002247
248757411 250006071
250813616 249998272
249865389 250001333
250006551 250675873
249997398 251481390
249993762 251423346
249998074 251236812
250007942 249212724
249997873 248521919
249995467 248657093
250766209 250000379
251053657 250002211
249973202 250001566
249999253 249795461
249995029 251284619
250843582 249999732
248708731 250008015
249994650 248971716
250002382 249124338
250924953 250003603
250806645 249997655
250342233 249999153
250006476 249334506
250901915 249999303
250004039 249139901
250006000 249478662
250458076 249999836
250371783 249999223
248897669 250002933
250532215 250001535
250149989 250002259
249997165 250272921
249998792 249027918
250005072 249157652
251115828 250003328
249639602 249998900
250203357 250003831
250003820 249119138
250410123 249998015
249996214 250245392
249391390 250004248
250296915 250003063
250001087 249960689
250000971 249550283
250005045 250521245
250000799 249558699
249999906 250186810
250615423 250004847
250907001 249999729
249601511 249998683
249998829 250084309
250006025 249492947
250000309 249806909
250729313 250004655
250491064 250001344
249289207 250003895
251018197 249998213
250138275 250002281
249085307 250001391
250007226 249322090
249997209 248754947
249752808 250004372
250696509 250003539
249996187 251115835
249874194 250001056
249994885 251102117
249999708 250142650
249275220 250002388
249924459 250001737
249996785 248505111
250376577 249998949
250045179 250001153
249994755 248666463
251198876 250005338
248645950 250006610
250000212 249860090
250006738 249181986
249998998 250053974
250007491 250765013
249995261 248565785
249483386 250001276
251081354 250003078
249994267 251024619
249998436 250962072
249220473 249998357
249999227 251206811
250605751 250005387
249999343 249878799
249999333 250006819
249998924 250106946
250000717 250000717
249996422 250246922
249997474 249771814
249468457 250001759
249999806 249935268
249027703 250000451
249025855 250000855
250008272 250760526
251055152 250002708
251115287 250003299
250002896 250479312
251369964 250008394
249998035 251224611
250982265 250001613
249508457 250002595
248813968 250005950
249999365 249008763
250804874 249997754
248650318 250006522
250000991 250029355
249999998 248801780
248725185 250007817
250000927 249659671
250350376 249999410
249995046 251355706
249325056 250001990
248535515 250008817
249462706 250000604
250961268 250001962
248490211 250008635
249998604 250379574
249180050 249998302
250743148 250003384
249998735 250976529
251110390 250003642
250955631 250001537
248684044 250007330
249720455 250004179
249999655 250943157
251491572 250007872
249992771 251409729
249999147 249031119
249997568 250267888
250001154 251172624
249998386 250229308
250000412 251187480
249996733 249762121
249338262 250001770
249994639 251283769
249996264 251330126
251195419 250005511
249323780 250001850
249560954 249998544
250000578 248819340
249998443 250135691
249175960 249998172
249999682 250940920
250865508 250000564
249998870 250988142
248744014 250007402
251500975 250009301
249995584 248661256
249458837 250002153
249451915 250002883
251041615 250001181
249184123 249999167
250000268 250044234
250189825 250004401
249998417 249624897
250273011 250004233
250005718 249466010
250002241 249545649
250007901 249237955
250004110 249445986
249993159 251418853
250986093 250000919
249998051 249023151
249999028 251205186
250009490 249262480
251435891 250009839
250000327 250404249
249995183 248577619
250000160 250022506
249996913 251121673
249485075 250001275
249912952 250001506
250006763 249342125
250142353 250002231
250007036 250772158
249997851 251478031
250718531 250005031
249998606 249723890
248942633 250001353
249995845 251064083
251233347 250006611
249999471 249596015
250393176 249999546
250004357 250505975
250002156 249104932
251239869 250007309
250004706 249450092
249995465 251274953
249010881 250000153
248724080 250007496
250100125 250001913
250560712 250002684
249644884 249998584
250007534 249227796
249997414 249750084
249999295 249797445
248809288 250005646
249998135 248995009
249346485 250002403
250001942 250455970
250007871 249210959
249312289 250003361
249480661 250000977
249996793 248985473
250397856 249999254
249190910 249997814
251037297 250000555
249999822 249777530
249078245 250002245
249995203 251052491
250820217 249998761
250136183 250002131
251073607 250004175
248833856 250005326
249555222 249999162
249995714 248573088
249828051 250002683
249695835 250001467
250001429 249658349
249994596 251368076
249533725 249999387
250005575 249480775
250871820 250000452
249996108 248917566
249998908 250416778
249999896 249067180
249548078 249999812
248885366 250004088
249442047 250002669
250569392 250002846
249490618 250002482
249999839 250922021
249994990 251050424
250002744 250869528
249994988 251396460
251261457 250008961
251324379 250006815
250317473 250001911
249536518 249998532
249315290 250003008
249974790 250001690
250000510 249803868
248805815 250005033
250139918 250002440
251245852 250007572
249997028 248932664
249996798 248682006
250004238 250849768
249998647 250400201
249999771 250350015
249998637 248858427
250002474 249527562
249994968 251456468
249999867 249651045
251405809 250009715
249998533 250974857
250003207 249419989
249999087 249799561
249994078 251426868
249427131 250002599
250004643 249402041
249104805 249999615
250008772 250757816
250451269 250000581
249211871 249996883
249651598 249999314
250106627 250001461
249995550 251339120
249334396 250001150
249995003 251371977
250000815 249646295
249379634 250004006
250009318 249246558
249589388 249997812
249703466 250002640
249994098 251349296
249167839 249999211
250610777 250005021
249888374 250000814
250000094 249676848
249997681 248546651
249999066 249695428
249445356 250002786
249046786 250001474
249999963 249078613
250000321 249995227
249710660 250003700
249997741 248768877
249498946 250002534
249998704 250369766
250798220 249998708
249938371 250000847
249998826 248857350
251045969 250001725
249910380 250001866
251254919 250008241
249999322 250361860
248822451 250006217
250005235 249458781
250006660 250822368
250000369 248830329
250500903 250002237
249265523 250002485
249997939 250311853
250007847 249192503
249998716 251227506
250714111 250004519
249999909 249906293
249789011 250001867
249988412 249999454
251495998 250009014
251208101 250004403
250000574 250041382
250240705 250004373
250479564 250000928
248939353 250001877
249996057 251087923
249996747 248692851
249562272 249998742
249781907 250001529
250006260 249329286
249999249 251158755
249995879 251461583
249996788 248513088
249232420 249997542
249466535 250000811
250000399 249649433
249996124 248749446
250016454 250000224
249594776 249998424
249396429 250004433
248735062 250007416
249303834 250003788
249995972 248946760
249993334 248608770
249998100 251001742
250807979 249997691
249789725 250001997
250000088 249082838
249995062 248975078
250004267 250847073
250000674 249664250
249356416 250003854
249994875 248905727
250147148 250002484
249107686 249999402
249999516 250036092
250004979 249485567
250002734 249526414
249066916 250002472
248858133 250003345
250007727 249197439
249460115 250001979
250000475 248825307
250969868 250001228
249868591 250001981
249999705 248852533
249112159 249999231
249889552 250000526
251480097 250007439
249999802 250411656
250215420 250002088
250008235 249298643
250001295 249830583
249995710 251254878
249994269 251099533
249768512 250002162
250005041 250841637
249995657 248659931
249992679 251413585
249997561 248520271
250008022 250710608
249124799 249999973
249999831 251189095
248793623 250004739
249993551 248610925
249998094 249734276
250893257 249999493
250957980 250001478
250547243 250000789
249997232 248933514
250008970 249303862
249434576 250002722
249998734 250123856
250370757 249999159
250004477 249508777
248971263 249997657
249996532 248897254
249186322 249998528
250004479 249518495
249957755 250000675
249347052 250002452
250000887 249645551
248680481 250007185
250672066 250002748
250002096 250877270
249999799 250001635
250566073 250002815
249505462 250001836
249900481 250001865
249673381 250000615
249319846 250002404
250002254 250576778
250005023 249397193
249857486 250001856
249997642 248516658
249998006 250373728
249997717 250231367
249996386 248741996
249999857 250408281
248668402 250006700
249697335 250002125
250006560 249333472
250359436 249999868
248663361 250006931
249996325 251257099
251365994 250007800
250007198 250798472
249998512 250999418
250005005 249500809
249993599 248601781
249994450 251100572
250305983 250002345
249148235 249999775
250886792 250000196
248670253 250006595
250005921 249471787
250003194 249408650
249993766 248595846
250001452 249833760
250004454 249376048
249998996 249776380
249996174 251449556
248811550 250005254
250181274 250003362
249999499 249053625
250010650 250000060
249997201 250266879
249082628 250001752
250004164 249403800
249279169 250003321
250004201 249502095
251038335 250000821
251410900 250010046
250694047 250002945
249994709 251363569
249996996 248880662
250007141 249166991
249996752 248752794
251347071 250007377
249998287 251148603
249996156 251503288
250005269 250619573
249996166 251307638
249998707 249774647
249091634 250000114
248577254 250010044
250006039 249161011
250224719 250002427
250004936 250548252
249997699 250374765
248682080 250007518
249999261 248805723
248664848 250006244
249999344 249911132
250004318 250852400
250736442 250003638
249529444 249999704
249413537 250005303
248698931 250007937
249998343 250381847
249994446 251398176
249995844 248914688
250001118 249973650
250421107 249998805
249997527 248535957
249997721 248541825
250003148 249415692
249996219 248557307
251325977 250006775
249999635 249863641
250321933 250001401
249999965 249069423
249908401 250002075
249381863 250004499
250006586 250684656
250000315 249979791
250002244 249544712
248838190 250004908
250001126 248844834
251482837 250006883
250006796 249320250
249996304 248743808
250001235 249975245
248618895 250007799
250000317 249643151
249997901 250966425
249995932 251317692
250541735 250002027
251447181 250010281
249996700 248763566
250004654 250640170
251321672 250006880
250007584 249314614
250000054 249082278
250009869 249255901
249994044 251389144
250895407 250000263
250009832 249263704
249063151 250002021
251123912 250004156
248828169 250005763
250846535 250000143
249658363 249998715
249998544 249001388
248824975 250005723
251387461 250008709
248667397 250006283
249995233 251090531
250004598 249142270
250009149 250717131
249995012 248973908
251068271 250003907
250007446 249163898
250004723 249517359
249999398 249600796
249999991 251196349
249999718 250046614
248991349 249999179
249999258 249917266
251392874 250009626
250456654 250000062
248493431 250008465
250001621 249094349
250134451 250002337
248710386 250008642
249997695 250296869
250002252 250887538
250001521 250896331
249999918 250329136
250005638 250649128
249020578 250000624
248996427 250000069
249998888 250209324
251017124 249998192
250000564 249817698
249996982 251483866
249677082 250001336
249630194 249998252
248688961 250008367
250006082 249352060
249998921 250051497
249844066 250001370
249998170 250310158
250004407 250620789
249994996 248648218
250114510 250001718
249409823 250004559
250007022 249326868
250003714 249404978
249432339 250002875
248876815 250002771
249967650 250000940
249997061 251482087
250005661 250647059
248549138 250010638
250001546 249554016
250004705 250643301
250000490 250021048
248931187 250002061
249829476 250002402
249998893 249873221
248938000 250001876
250000047 249648363
250007372 249220492
250000979 250170561
249999921 251191903
249995640 251276838
251253418 250007692
249999533 250050331
250009963 249248809
251215768 250005064
248609693 250008239
251375163 250008025
251058120 250002710
248873012 250003706
250715829 250005037
248510009 250006701
248988565 249998965
251092085 250002937
250006464 249179484
250355921 249998755
250004966 249454372
249999082 250364020
250457358 249999826
250943293 250002119
250889574 250000216
248657543 250006833
249995795 248976863
250000080 250157384
248626493 250007045
248818915 250005983
250001083 249815659
248807984 250005062
250513237 250003499
250002782 249423518
251351441 250006837
249997579 251138023
249726759 250003437
249592149 249997419
250000553 249998265
249997843 250287805
249998561 249707545
250001307 248835235
249621055 249998121
250003371 249522531
250361142 249999104
250667512 250002874
249012330 250000560
250002772 250601628
250003799 250628171
251386902 250008760
249997216 248527268
251391808 250009182
249999279 249947847
250825980 249999000
249998250 249713358
249995665 251302273
249992563 251408427
249999589 250422125
250003610 249134876
250343849 249999287
249999255 248795557
249583691 249997747
249994614 251046350
249915522 250001002
249999723 250937095
250000003 250359301
250000214 250163502
248701029 250007637
249892899 250000921
249815679 250002583
250002360 250574852
250310455 250001795
249753623 250004123
250810717 249998397
248607471 250008755
250000022 250350922
249996369 248901447
249999275 249938093
249998025 251003661
249998723 250138065
250043642 250000860
249302501 250004377
249999777 249951951
249993733 251033697
249998658 250058174
249993406 248599644
249997271 251493963
250200341 250003699
248777912 250004488
250000959 249847675
249476744 250000964
250498398 250002698
249998433 250092107
248582698 250008928
250000978 250444918
251181530 250006362
249895380 250001666
250240031 250004585
249997706 250292202
248718631 250007761
249999872 248803624
249269391 250002579
250265273 250004813
249999466 250048834
250007427 250761657
249930671 250000095
249998863 249018211
249996425 251250753
250268012 250004194
249998927 251203419
250750231 250003221
249995107 248954673
250004155 250483629
249998923 250228223
248975216 249997442
250006257 250673011
249862337 250001679
249996436 251319722
249998091 249747113
249996375 248912503
248655420 250006676
248891620 250003474
250351314 249999630
250770289 250000343
251315717 250007213
250542595 250001801
249994037 251399221
250003034 249421428
248794713 250004493
250007866 250799394
249997871 248539163
250000387 249962411
250330579 250000721
249404138 250004554
251444790 250011026
249996247 251085607
250005505 249464711
249996492 248937922
249033473 250001319
251381163 250009145
250535699 250001565
251457204 250009620
249994907 248904751
249631729 249998565
250151453 250002417
250029487 250002019
250002881 250878657
249661561 249999037
249996391 251500489
250548454 250001300
249094298 249999408
249088168 250000280
250468632 249998872
249367243 250005135
248696054 250007526
249999476 250360770
249474127 250001369
250001708 249096052
250447512 249999858
251401915 250010097
249996560 248712106
250002919 249439187
249999019 250062861
249999731 251198949
249999812 249043310
249997468 251243144
250058005 250001445
250006110 249346162
248941337 250001395
248637177 250006037
249834194 250001018
249885134 250000748
251065080 250003032
250000442 249086256
250000049 249991627
248555831 250009213
249995831 248641503
250007830 249206490
249998156 250372850
249992846 248603500
250709681 250004573
248978519 249998079
251084580 250003424
250553393 250002799
250590586 250005964
249999210 249599250
251389626 250009016
249998043 248871665
249999078 250435548
249940958 250001358
249773038 250002338
250004702 249152826
249273461 250002287
249937290 250000078
250004012 250857332
