3000
250000000 250000000
250000247 250078691
248812835 249999527
250009715 251188681
250008881 251053815
250400560 249990186
248743370 250003884
250009340 251046326
250860326 249998692
248815654 249999364
249142748 249998646
249890301 250000381
250415113 249990649
250002648 249393576
251515178 250004770
251495617 250006937
251445330 250005728
250004162 249581830
249456172 249993554
249183448 249997486
250005202 249553844
248978627 250003453
251448712 250005038
250856230 249998286
249998080 250056912
250001699 249865797
250003650 250734186
250001430 249748776
250019114 248617490
249385377 249992473
250000641 250110721
249500672 249994342
250004655 249315499
249392748 249992626
250007121 249161139
249849281 249998573
250000127 249737947
249997287 250039117
248593423 250004879
250007347 249036237
251339687 250002837
249761732 249993912
250006808 248885942
250443406 249990948
250020974 248583946
250935129 250001729
250021595 248561579
250005314 250757228
250001818 250286772
249389660 249992850
250000619 250260375
249987523 250000447
249125253 249998989
250157800 249998638
250020461 248533279
248759792 250002750
250006968 249043448
250005410 250708338
249351611 249994099
250006545 250880721
250003799 250664195
251316693 250003429
251510232 250005578
251332072 250002634
250004938 250435378
250597292 249993650
250010343 251194053
250000819 249708905
249633539 249989427
250000246 249752932
250241100 249994744
249540886 249991628
250003977 249659925
249999976 250012140
250496195 249995809
250007584 251148322
249749884 249995396
249511272 249995332
251450725 250005753
250003837 249608841
250005937 249185287
249998096 250179186
248851968 249997786
250006999 249072269
248854094 249998708
250003263 249634125
250003544 249520722
250000171 250269287
249601615 249990503
251141635 250000015
250005576 250937798
250006266 250866550
249113555 249998431
250005576 249273874
250007653 251143169
250002494 250565402
250002788 249625508
250002802 249436000
251385436 250003544
250008125 248851941
250775050 249995178
249002950 250004442
249173847 249997117
250004452 249337092
248547425 250006315
250017818 251335242
250003289 249348967
249634841 249989297
250001051 250194757
250019585 248506931
249203595 249996981
250002326 249766906
249627854 249989206
250190586 249998548
250002979 250310705
250004819 250407861
250001905 250331217
248545181 250006273
249253452 249993246
249066805 250000743
250004582 249546596
249734016 249993772
250011043 248796993
250007146 249163818
249999744 250160324
249991373 250000811
250984688 250003394
250020110 248516886
249776605 249994799
250006344 250932350
251013228 250004508
250006879 249132071
250015609 251315757
250363166 249990550
249999793 249821511
250008227 250846289
248522684 250003832
249422101 249992927
250001565 249448161
249766658 249994062
250018529 251396195
250007416 249091524
250005227 249205341
249324953 249991485
250010677 251237623
250003430 249342280
250008226 249096626
251352359 250003057
250010541 251221849
250005027 250430909
250003693 250380485
250002715 249630099
250881695 249999101
250021412 251460542
250001321 249893715
250019840 251407672
250003760 250632254
250915514 249999622
249703301 249992407
250000216 249808178
249996508 250037794
250335411 249989665
248941449 250003303
250004898 250659946
250006217 249053855
250000406 249785212
250001255 249793639
250144683 250000097
248982411 250002675
249997592 250030632
250031458 250002844
250004197 250439207
250020618 251489664
250284743 249992829
250000553 249883609
250020611 248529527
251193718 249999916
248552884 250006628
250355192 249991720
249999690 250151476
250544877 249993937
250003666 249689800
251304994 250003520
250019937 248659525
250233526 249994984
250014353 248730087
250004713 250429641
250007945 249154401
250008270 248874106
249088795 250000357
249918282 250000794
250531022 249994312
249998238 250029070
250130001 250000477
249688146 249991320
249997675 250054621
248977576 250003684
250003868 249615598
250015650 248688992
251237738 250002648
250228167 249995591
250001398 250542874
249562915 249990671
248720339 250003215
249349523 249993861
250008593 251072355
248656305 250004099
251016995 250004577
249399390 249992924
250010622 249015318
250000412 249998586
249706918 249991872
250015835 251305379
249463950 249993970
250003116 250303866
249863249 250000151
250010165 249010949
250003583 249692125
250019429 248642887
250002721 249343429
250009294 251056532
250009504 251166190
249446903 249994163
250872206 249998694
250002445 249694993
250005647 250826547
250152294 249998872
250486527 249994143
250019709 251356259
250978137 250003921
248811900 249999368
250005375 250709671
250005701 249293361
250145805 250000119
249219051 249996303
250009318 251071172
250462442 249991516
250004344 249354394
250000465 250530485
250022503 248545215
251107556 250002894
249998883 250180505
250018603 250001881
250001041 250202515
250014279 251299391
250004448 250388940
250020100 251422562
249447754 249994408
249429802 249992710
250387332 249990684
250375294 249989834
249450094 249994588
250017342 248673952
250003332 249494472
250010044 251203108
249788648 249996970
250009939 251168169
250321985 249991699
250001912 249869758
248801755 250000485
249999034 249817402
250763416 249994920
250002477 249433035
249345461 249993341
250019029 251419075
251102548 250002406
250086594 250001314
250003019 249664503
250142834 250000362
250019641 251484775
250001530 249707612
250000766 250081316
250009458 251184176
250000388 249716236
250008325 249152229
249613265 249990057
250020150 251487558
250005344 249211192
250792674 249996538
250001276 249745426
249999392 249908732
250005929 250811959
250008851 250001537
250801001 249997063
250022124 248552714
250005152 249324082
250021568 251468168
250005837 249559505
250004398 249253762
250019400 251500548
250003118 249667224
250005411 250754869
249728036 249992712
250000620 250142576
250276325 249993133
250007252 249124658
250000125 250089705
250016479 248696145
249999986 249905640
249514945 249994399
250003010 249625082
250014521 251292773
249999138 250174176
251154849 249998665
250010766 248795204
250003281 249505549
251190189 249999479
249999941 250210881
250008071 251135577
250439747 249990237
249444455 249994347
248780004 250002216
250006609 251117757
249096559 249998679
249380760 249992898
248572680 250007394
249550092 249992058
250000819 249856233
250002183 250560237
250207305 249997281
250021681 248540347
249999724 250017440
250482524 249993728
250465482 249991798
249745699 249995255
250006689 250797905
249833895 249997291
250592693 249994143
249228304 249995536
250010457 251229929
250009989 250994435
248842204 249998890
249879028 250000678
249999853 250068021
250001415 250222343
251027020 250003872
249186497 249997785
250010160 251196852
250004088 250654022
250003248 250636932
250000694 249877298
250004206 250384058
249487801 249994961
250002229 250597357
250004573 250390781
250008924 248899772
250005727 250417337
250009366 248959486
250373288 249989446
250675753 249992241
250001829 250284451
249950901 250001661
250021030 248560794
250149371 249999373
250370242 249989636
250002854 249389460
251165853 249998129
250010618 248907522
250003885 249668407
250081290 250001890
249808428 249997688
248794746 250000504
250998143 250003685
249397122 249992250
250007225 250887237
250009193 250987133
249486680 249994946
250002291 250562115
250134313 250000167
250263797 249994173
250019354 251505662
250006151 250876677
249747234 249995148
248903335 250003007
250166105 249998121
250016784 251325740
250004447 249257733
250006662 250800048
250008811 251158369
251057123 250002899
250013668 251274182
251462757 250007313
250007079 250974979
249108868 249998442
250006125 249178157
250009398 249022012
250004598 250395472
250006834 249116726
250015301 251313185
250251575 249995725
249462808 249994468
250001802 249473284
250000638 249847216
250004725 250721873
250003371 249505973
248536241 250005287
250002548 250645036
250833844 249998350
251007043 250004913
250009051 249027757
250811073 249997839
249758772 249994406
250006257 250415003
250000861 249719887
250044230 250002428
250007782 249140368
249846996 249998782
250007642 251129998
250021779 248555205
250000609 249879097
251446995 250005051
250003922 249318254
248939177 250002939
250000550 249991634
250428464 249991006
250002600 250305774
250003697 249359647
250001113 249721315
250005657 250420399
250005588 250806734
250004528 250437758
249883667 250000495
250299872 249992420
248929275 250002871
249232039 249994561
250266409 249994585
249892335 250001147
250008052 251075216
250188534 249998578
250010999 248804019
250798942 249997080
250020065 248597535
249955308 250002684
250238945 249994805
248716144 250002822
249581781 249990527
250659210 249994724
250010833 248769209
250469083 249992265
250019135 251346785
249205941 249997157
250452855 249992471
250010569 251212133
248984114 250002846
250004126 250396378
250000483 250248397
250008271 248847765
251228686 250000600
248944795 250003273
249998640 250062300
250001089 250535419
250006066 249191022
250001812 249861588
250343459 249991353
250005416 249231998
249530024 249992792
251309950 250003720
251439352 250005556
250001442 250501714
250002772 249399130
250001534 249449440
250006744 251118140
249641295 249990051
249731331 249993143
250001096 250513942
250005202 249543074
250003756 250376764
250356312 249990948
248658299 250004017
249045363 250002303
250000432 249782878
250020975 251448493
250000819 250128121
248576386 250006788
250003128 249345210
250006067 249237571
250004068 250453212
249508682 249995734
249199186 249997902
248609309 250005201
250011034 251253992
251003905 250004689
249271508 249993196
250002625 249377631
250002872 250341958
250295939 249992651
250010925 251243109
249119846 249998416
250341448 249991674
250001483 249469919
250110008 250001354
250004107 250668213
250006854 250873942
250008613 251016851
250467570 249991678
248971384 250003132
249249399 249994239
251488433 250007099
250009909 251210391
250918186 249999652
248755043 250003393
250019344 251496466
250004490 249333800
250516229 249995153
250759237 249994401
250000378 249735658
249997544 250033464
250075615 250001939
250020000 251424908
250008263 248863321
250003290 249491724
250001478 250515932
248864138 249997858
250003650 249374200
251231211 250001179
250002739 250496409
249999622 250147956
250004581 250744375
251432236 250005868
250000548 249899870
251100991 250002049
248667080 250003630
248710673 250001951
250013542 248743846
251471740 250008010
249035831 250003731
250170095 249997185
250019653 251351569
249162670 249997306
248866376 249998328
250662620 249993398
249966043 250001963
250002237 250580659
251054753 250003643
250008344 248981630
250364035 249990271
248921577 250001733
249557455 249992465
250409855 249990649
251262077 250002949
250007257 248881449
249900912 250002094
250018045 251337371
251369874 250004580
250018575 251376343
250018679 251366473
251520597 250004419
250528911 249995053
249682983 249990709
250006877 248888251
250012284 248749932
248817964 249999470
248955903 250003141
250619982 249992998
249998392 250051964
250006122 249188470
250096845 250002499
250850652 249997108
249654892 249991466
250396291 249990403
250019552 248502236
248822642 249999132
248916033 250002107
249301240 249993384
250018281 251339665
250006686 249200560
250685504 249992202
248735916 250003076
250020445 248518895
249192030 249998060
250641197 249992337
251121496 250002870
250019976 248517220
248635146 250002856
248579620 250007138
250353322 249991508
250020331 248650379
250000987 249726801
250000750 249920598
250011780 248757430
250006322 250832130
249704121 249991885
250007896 248850214
250001573 250548227
248588643 250006391
250436378 249990046
250005525 250943069
251499440 250006474
250001557 249872033
251061722 250004104
250004735 250758545
250008905 249149187
250007862 251127382
250005745 249209609
250008359 251027091
250007725 251141445
248881625 249999859
250001762 249450822
250256319 249995501
250650387 249994745
250314960 249992022
250000810 250265486
249998481 250000517
250326614 249990720
248678355 250003123
250889354 249999246
250000862 249921462
250006151 250791913
250008960 250979122
249289073 249993369
250003161 249376177
251484825 250007537
250004726 249308310
250003713 250397883
250577885 249993689
249719169 249992537
250016255 251321133
251375646 250004254
250018748 251364466
250004814 249304880
250716767 249993817
249998994 249940344
250004378 249322566
249978322 250001176
249998470 249971764
250000778 250521502
250007384 249046384
250009697 251068175
250907642 249998930
250000228 249842300
250006200 249120758
250819269 249998619
249999083 250097851
248537867 250005275
250018767 251402051
249605630 249990122
250017927 251394301
249669541 249989877
250004613 249260091
251241894 250002526
250905650 249999308
249591334 249990500
250534501 249994545
250000153 250185329
249542283 249991427
250692793 249992859
248647775 250003035
250010255 251039281
250220330 249996010
249008817 250004195
250003595 250650339
249469911 249994201
251071875 250003447
248626664 250004330
249914104 250001094
250488392 249994092
250002026 249867880
250011444 248779522
250410972 249990624
250669039 249993165
250001684 249446030
250000097 250007089
250001919 249480843
249131762 249998850
250008777 251020223
250853550 249997454
249701420 249992046
249471565 249994307
250009186 249147552
250946974 250001620
250445101 249990835
250066056 250001818
250006813 250881787
250004487 250442905
250010930 251201878
250004870 249311568
250002332 250588610
250583659 249993839
249439769 249994185
250006230 249051374
249999932 249903074
249004297 250003823
249885425 249999877
250021241 251472339
249999905 249834341
249118265 249998277
250001680 249470806
249672972 249989138
249424013 249992961
250006905 249193671
250006239 250802673
250018607 251370373
250007696 251130938
251361865 250004055
251517244 250004590
250020825 251441141
251408004 250004224
248900767 250002921
250002171 249704629
249861270 249999824
250020146 251479036
250002790 250354870
250007466 249110796
250221098 249995674
248651603 250003369
249999683 250160773
250006462 249167066
249226005 249995715
250017080 251332644
250001847 249863053
250001528 250226982
251150570 249998600
250001706 250283114
251263603 250003151
249585862 249990186
251235252 250002106
251135209 250000035
248685133 250002557
249923232 250001676
250000527 249717335
250002795 249400879
250004581 250711325
250004801 249528909
250003896 250727616
251486450 250007130
250004079 250731651
250008743 251012829
250000588 250083100
251259820 250003238
249775509 249994807
250008329 248873155
248649774 250003680
250019644 248661834
248827940 249999032
250001423 250537391
248707571 250002285
250016216 251322614
250010288 250991540
250005637 249227755
248871339 249998845
250009647 248834115
249841145 249998305
251419957 250005503
250004906 249245796
249040009 250003575
250021107 251445301
249999811 250270909
251218394 250000960
250735066 249994066
250570755 249993651
249238647 249994745
251269645 250003519
250003998 250472254
250002752 250354356
250000789 250141477
248569664 250007320
250006932 248889462
250008671 251018085
249169418 249997002
248896359 250001933
250004714 250717118
250019612 251491636
250009687 248836199
248590819 250005499
250522567 249994843
250708015 249993201
250004365 250742531
250000275 250218469
250005211 249589225
250002812 249431142
250000886 249740068
249094084 249998786
250018671 251373931
250000328 250199920
250006198 249061350
250954937 250002575
251380847 250004305
249160015 249998077
250326203 249990725
250004336 250458648
250020163 248527197
251477554 250008144
250002485 250328801
249821720 249996758
249207213 249997027
249564828 249990710
250012401 250000741
251468374 250008138
250000975 249772907
248662695 250003709
250943027 250001567
251163491 249998813
250193680 249998080
250000144 249825726
250986326 250003242
250446713 249991311
250000596 249776276
250003178 250321898
250001105 249723369
250006442 251114016
249999557 250119411
250001095 250245567
250588743 249994153
250699978 249993868
250001767 249484431
251086201 250002941
251204160 250000236
249999096 250182044
251509927 250005475
250000292 250208614
250007044 251112618
250007588 248896100
250003337 249656081
250666108 249993218
249997417 249966415
249034990 250003062
250001363 250136377
250021381 248569865
250001544 250505856
250006632 250960262
249216622 249996178
250014860 248714480
248931191 250002261
250015983 248701071
250021039 251446839
250001273 250538655
250005985 250940705
249382630 249993212
250552349 249994827
250014238 251287688
250004270 250666810
251096224 250002702
251025146 250003854
248897740 250002608
249222331 249995973
250017903 248671771
249452800 249994276
250439221 249989801
249311664 249992968
250010635 251232847
249998297 249947937
250000671 250192785
251130884 250000040
251326218 250002464
250002231 250568429
250003871 250382823
250000153 249823727
250281716 249993458
250004129 250655197
250002239 249418043
250330695 249989427
248687055 250002619
250002447 250639791
249647425 249989963
249998326 250064424
250005223 250816511
250007343 250899229
250010456 248819204
250912161 249998605
250005388 249207412
251506399 250004849
249367803 249991703
250011668 248783582
250008578 248858990
250001341 250545835
250018496 248669194
250507510 249995646
250009055 248996637
249294868 249993104
249975588 250001724
250058104 250002836
250010744 251205518
248766649 250002561
250978782 250003786
250005780 250410104
250187360 249998122
249999576 249982854
250002354 249763812
250000731 250230243
250002151 249479475
250068398 250001774
250546011 249993917
248641228 250002796
250099009 250002151
250006748 251119486
249558974 249992204
250705955 249993615
250002400 249382974
250003296 249670396
248831229 249999251
250010140 251227218
251152515 249998307
250003413 250469969
250526922 249995358
249997799 250046055
250000735 249929211
250018665 251389343
250004453 250456895
250298589 249992809
250777325 249994773
250010979 248823517
250000817 250540399
249924737 250001713
250003942 250629592
250003507 250624479
250117956 250001012
251415990 250004828
250744236 249993600
251161912 249998986
250005247 249550981
248653759 250003501
250003422 249673136
250323867 249990967
250007280 249079306
250019510 248635462
249926776 250001642
250008337 248856367
250523644 249995126
250287565 249993647
250652342 249994424
250622756 249993306
250046661 250002135
249999018 250049778
248644832 250002600
249998601 249978711
248530738 250004792
249649573 249990811
250019375 248628057
250021101 248565657
250004035 249352431
250000995 249855309
249911353 250000933
250718074 249993320
249998261 249974637
250010400 248811374
250010119 248948925
248737866 250003218
249545289 249991119
250009606 248986458
250018725 248614945
250313593 249991697
249178484 249998034
250413033 249990701
248724664 250002916
251481939 250007797
250000098 250167182
250003404 249619562
249999954 249935716
251320271 250002615
249337093 249992141
250019468 251420430
249998812 250095492
250003933 250739209
248857649 249998387
250004737 249580273
249781000 249995872
250090472 250001634
251020490 250004548
250409558 249990512
249303011 249992947
250339978 249991308
250736649 249994167
250002572 250492668
248933563 250002457
250005498 250692242
250294070 249992478
250002080 249702210
249638244 249989848
250007389 249157121
250124497 250001101
250003562 249364632
250212342 249997148
250242606 249995292
248887984 250000722
250000917 249922981
250004699 250786365
250006508 250908628
250021536 248566624
250002459 250307711
249642767 249990047
250015921 250001243
250004446 249248248
250063515 250002089
248702705 250001937
249316195 249992329
250001182 249757042
249653268 249990996
250002314 249410490
251276892 250004214
249739988 249993822
250006320 250880056
250001558 250509824
250926744 250001038
249960614 250002444
250580120 249993560
250007335 249093779
250870368 249998840
250001372 250599648
250019323 248625929
249685653 249990905
250008420 248999700
250837493 249998097
250008680 251088252
250002673 250487711
250563977 249994535
250002653 249652879
250449830 249992456
250003664 250374352
250000226 249810270
250000491 249733319
248602101 250004563
250005785 249289391
250002067 250586417
248992309 250003755
250000059 250004549
250604250 249993758
250005087 249329213
250407305 249991319
250830980 249998772
249247183 249994613
251412817 250004789
250000658 250082522
250010516 250001600
248527596 250004718
250008631 251022261
251188650 249999916
248726528 250002812
250009562 251099346
249638958 249989338
250007597 250892473
250021439 251466351
251298421 250003505
251253152 250003502
250002201 250606421
249281707 249994111
250019962 248657268
250000805 249884497
250003140 250359594
250011702 248785588
250000179 250261991
250913569 249999065
250008289 251003667
250624136 249993310
250007937 251005885
250009547 251067545
250000724 249827814
249481599 249994445
250004666 249527848
250753003 249993893
250009512 250996486
250010219 251168829
249607904 249989852
248923106 250002678
250418318 249990842
250779349 249995071
251195768 250000008
249844185 249998343
250004675 250821855
249435204 249993258
249690681 249991431
248574260 250007564
249632653 249989107
250005646 249175288
251069358 250002794
250003476 250477194
248894410 250001984
250006565 249562257
250004347 249517803
249587132 249990174
250862449 249999115
250382695 249989623
249842843 249997949
249034621 250003179
250002285 249696505
248819942 249998908
250020067 248531387
250029825 250002327
251148685 249999097
250002372 250642760
249999388 250094876
250895566 249998896
250013779 251271643
248584337 250006909
250561754 249994952
249575300 249990042
250016232 248698576
250010874 248788094
250002299 250315035
250009622 251059410
250648280 249993958
250975543 250004433
250283296 249993130
250781100 249995802
249619852 249990540
250005382 250808342
251437393 250005269
250019833 248515179
250018585 251386295
249810005 249998389
250001046 249830140
250000109 250013033
250610256 249992648
248948013 250002579
249711441 249992849
248532586 250004610
249674842 249989060
250019188 251378054
249887450 250000342
250002476 250489528
249999592 250255956
248516165 250003271
250847705 249997437
249764356 249993868
250073502 250001978
250001695 250225233
250336561 249990123
250127689 250001251
250020190 248504012
250318279 249991891
250006231 250963171
249919742 250001606
250005857 250001329
250008491 249001767
249341616 249992684
248770731 250002915
250004346 249357948
250000298 250249854
250008419 248897923
249408776 249993126
250007255 249128647
249818951 249997485
250867614 249999004
250159936 249998578
250003563 249640091
250008000 251150856
250008682 250850336
250007251 250902429
250016285 248684015
249836132 249997222
250007692 250897266
251285447 250004661
250008606 250847452
249441345 249994167
250020241 248603477
249474216 249994940
250008566 248979046
249259666 249993028
249850851 249999185
250001680 250138582
250533468 249994960
249296693 249993679
250019749 248590045
248764054 250002934
250000350 249988690
251004437 250004661
250008456 248866836
250000434 250085330
249610983 249989935
249308240 249992726
250004894 250717614
250431861 249991203
250010960 251214226
250002564 249397426
250049968 250002992
250003527 249678585
250005386 249290572
250970421 250003119
250000369 249852471
250020782 248525434
249999832 250121482
249933347 250001515
250448645 249991671
250010469 248967817
249814767 249997715
251265903 250003551
248581180 250006980
249942862 250001694
250008234 250853330
250628203 249992531
251144295 249999353
250006760 251111628
250001963 250352343
250000080 249845698
250010035 248938033
250011159 248773233
250033703 250002701
250617376 249992382
250008615 251000483
249894383 250000653
250010221 251171861
250000785 250232965
250359539 249990401
250007248 250975320
251084089 250003171
250005060 249547686
249334773 249992171
250008937 249004075
250002595 249405703
249928472 250001474
250119884 250001430
249870297 249999609
251489452 250006636
250019524 251405936
250009957 251096031
251428442 250005912
248787405 250001287
250001247 250336705
250005001 249592755
250003741 250461167
250001263 250508423
250000040 249714078
248890009 250001405
249826466 249997414
248564965 250008013
249999977 250253811
250006606 249566424
250007710 251007236
250015356 248691602
250000214 250073216
251014314 250005048
250002716 250344544
250021714 248562912
250883087 249999741
250000845 250534005
250010908 251252150
250007429 249081723
250003320 249635642
250304252 249992794
250018792 251401564
249723754 249992870
248619483 250005177
250009435 249009659
249322716 249992072
250393234 249990944
250254660 249995492
250006923 250912987
250013544 251269586
250001767 249415207
250000540 249925910
250003464 249661526
250038633 250003467
251422138 250005374
250765136 249995144
249491998 249994200
251401622 250003258
250008680 248989068
250836366 249998188
250000894 250246406
250019443 251360457
250310956 249991826
250008713 248923433
251455054 250006912
250000647 250105099
250885083 249999641
250490807 249994561
250897911 249999097
250005500 249222948
250020881 251430177
249797651 249997243
250938597 250002411
250008960 249151016
248856038 249998338
250010724 248971356
250009791 249020483
250004695 250715157
248560559 250007159
249255068 249993234
250002174 249650068
249593453 249990131
250006791 250903975
251257541 250003191
249262539 249993075
251288103 250003837
250006075 249181217
248784637 250001715
249676202 249989334
250722222 249993684
250005310 249539678
250011497 248751045
250018965 251343733
250021395 248574291
250004816 250765412
250701122 249993366
250009243 250980325
250006542 250834126
249309286 249993344
250007645 250840115
250022189 248550789
249293856 249992800
250714140 249994532
251300876 250003568
250001363 250519549
250021250 248575068
251113908 250003412
249406856 249993134
250019509 248663547
249771314 249994852
250001042 249778874
250474074 249993366
250004183 249355323
248595689 250004985
249664608 249990924
250418910 249990528
249785137 249996077
249504628 249995250
250017354 248679050
250005443 249555933
250008693 248901393
250003482 250371254
250035927 250003127
250223406 249995338
250104634 250001112
250007439 250886009
250007804 248876960
248953437 250003225
249945766 250002712
248621209 250004493
251052773 250002893
248618653 250005065
250005305 249242997
250021325 251464373
251168769 249998411
251307360 250003512
250008125 251106109
250008140 249029912
250004949 249266795
249661465 249990777
250698377 249993449
251198711 249999685
248886090 250000452
248917456 250002194
250006367 250965603
248868602 249998966
249124692 249998868
250005516 250697660
249061302 250001902
251001173 250004825
249998784 249943150
250008985 248920155
249779053 249995557
249813624 249997560
249373923 249991061
251050482 250002922
248756042 250003406
250902412 249999104
250002666 250326064
250014793 248726291
249468610 249994466
250645018 249993414
250007495 249074095
251366958 250004264
250006461 250834981
250003174 250323510
248534580 250004760
250007167 249195931
251268237 250003411
249824096 249997208
250003399 250298401
250591246 249994354
250891701 249998811
250002783 249425679
250430721 249990539
250010926 251249806
251354485 250003461
250674212 249992400
250248858 249996204
250004542 250401220
250008621 249029179
248643193 250002059
251312315 250003213
250005114 249225242
251388759 250003843
250000254 249827012
248520511 250003691
250004650 249585444
250005537 250951975
249999268 250170216
250712055 249994339
250732376 249994222
250001104 250228508
250003278 249654608
250017018 248680168
249800716 249996852
250002465 250617353
249053716 250002874
249999664 249818814
250010652 248766290
248986775 250003199
249930383 250001587
250008036 251126270
248664690 250004038
250367194 249989914
249208861 249996897
250003004 249496874
251415237 250005119
250006587 250868429
249567154 249990770
250936712 250001982
249709770 249992392
250010272 251178294
249144977 249998235
250002077 250289321
250014983 248728481
249317415 249992279
251119838 250002368
248855419 249998275
250002264 250290028
249940319 250001999
249565650 249990578
250002129 249442553
250001321 249453631
249387046 249992292
248698239 250002061
250021047 251458703
250020755 251443327
249783803 249996113
248909593 250002423
250009687 248962127
250680118 249990962
250005544 249574728
248993707 250003121
250013880 251294634
251512289 250005531
249484375 249994823
250000758 250081902
250102103 250001425
249996854 250035298
249795593 249997067
249418562 249993196
250009976 249025064
250008829 251016209
250010744 251200534
250002800 250494586
250001096 249886696
251427145 250006217
250009517 248993575
250006156 249051090
250020739 251449331
249276242 249993390
248697156 250002034
250826236 249998268
248969003 250002811
250010289 248913605
250021156 248577482
250009085 248977875
250002256 250607502
250003126 249692880
250006597 250970163
250738017 249993495
250525893 249995019
250140585 250000361
250011648 248761998
251066067 250003295
248529549 250005463
250454760 249992632
251452393 250006211
249220248 249996288
250004835 250772067
250000834 250000834
249997727 249950751
250002842 250315974
250002134 249403584
250000563 250244499
250006950 249037718
250293075 249993205
251065113 250003919
248966506 250002346
250007131 248891161
250004999 250696217
250020899 251455613
250740165 249993451
250006568 250911270
248562523 250007435
250002895 250369423
250928905 250000931
250011210 248800058
250001307 250129171
250000925 249858453
250014710 250001176
249419279 249993525
248843193 249998209
249150384 249997766
250003246 249502860
250002736 250619874
249361243 249993183
250014699 251281859
250153688 249999306
250010746 251216504
249498362 249994656
250010987 248786895
250139528 250000734
249999434 250019138
249999081 250100263
250107305 250001533
248747929 250003971
249803424 249997130
250001367 249895595
250001490 249790028
251212743 250000065
250442387 249991029
251387861 250003813
251126840 250001032
249998481 250060161
250585478 249993654
250001050 249787192
251507745 250004989
250820631 249998329
249376584 249991610
250009244 248840510
251374225 250004273
249993865 250000857
250000459 250087449
249404825 249993031
249033564 250003244
250020899 251435579
250844278 249997164
249301979 249993197
250261360 249994188
250018922 251398684
251383203 250004401
251290224 250003722
250010387 248816585
250132025 249999871
250377748 249989478
250506262 249994696
250866108 249998694
250549963 249994309
248611882 250005718
250010515 251197983
250514662 249995024
249156525 249998179
250009526 251041274
250000017 249774593
248594121 250004517
250007110 250883402
250021637 248576665
250003935 249339449
249999884 250238014
250009100 250983418
251219704 250000596
249273690 249993494
249019850 250004296
250945769 250000921
250002609 250340337
250021007 251437597
250005163 249218677
250634315 249991901
250009695 248905263
250000725 249749779
248668463 250003693
249048393 250002023
249553285 249991703
249724978 249992884
251010835 250004111
251106670 250002238
250005899 249295067
250218756 249996588
249804899 249997013
251103445 250002543
250004376 249313716
250005134 250432890
249998123 249959869
250007615 250841589
250170648 249997406
249794438 249997080
250235477 249994135
251295792 250003534
250642982 249993032
250001446 249768870
250000236 250215108
250003174 249408584
248627565 250003939
249999963 250251857
249410412 249993262
250006471 250871615
248768130 250002710
250010130 251090286
248671779 250003695
248713904 250003150
249698514 249991830
250004624 249591128
250025924 250002300
248691768 250002980
250019880 248509472
250004766 250671298
249755790 249994714
249153210 249998306
250458171 249992539
249999918 250216422
250006125 250953369
250004126 250662486
249871903 249999767
250021662 251470700
250008040 251138404
250007157 250837985
249778555 249995327
249265294 249992866
250168456 249997550
250001108 249456168
248830376 249999284
250000937 249996409
249909231 250001551
250000283 250147093
248950284 250002744
249352033 249994117
249147051 249998115
249708081 249992337
250001313 250570261
251323244 250002910
250017038 251328250
250331345 249989407
250003453 249684323
250014425 251301103
250019625 248624399
250004944 249272084
249948295 250001867
250006767 249159653
250005849 249203987
248798159 249999723
250857888 249998170
250006197 249234067
250923147 249999587
250005820 249326970
250005219 250761317
249735805 249993893
250404425 249990929
250021309 248579365
250001951 249760609
250002807 249503797
250005191 249552733
250205586 249997970
250005723 249228817
250008740 248844062
251213601 249999551
250253152 249995728
249999941 250258029
251467674 250007658
250812351 249997971
249998408 249951754
250020732 248522410
248974630 250003656
250021164 248538348
250003928 249658182
250001652 250604842
250006753 249569295
251134235 250000071
250636018 249991968
250019536 248512778
249999758 250273126
251379108 250004106
250019516 251410560
250012407 251260757
250017724 248674952
250816572 249998326
250243937 249994859
248806453 249999517
249024620 250002560
249921674 250002224
250268178 249993992
250005804 249277986
251138548 250000086
250006729 249192349
250016439 248687001
249427042 249993240
248597751 250004779
250671847 249992997
250005071 249306747
249431758 249992884
250003621 250627521
250006160 250829430
250002339 249391847
249944109 250002125
249233926 249994522
250681490 249990830
250004253 250454995
249196723 249997869
250002684 249499228
250007054 251122282
251040456 250004004
249075531 250001537
249873144 250000446
248773650 250003292
250005439 249221161
250019185 248634269
250009698 248955474
249875845 250000439
249836833 249997413
250002874 249637510
250518437 249995761
251281241 250004181
250000607 250144173
248805195 249999969
250005375 250683731
249175764 249997764
250840890 249997562
250512368 249995032
249932077 250001271
248712632 250002176
250002515 250358403
250019746 251493800
249171226 249997034
248961015 250002703
250005193 250748445
250003215 249419297
251048669 250003389
251176792 249998902
250001047 249927371
250673386 249992316
250080298 250002362
249999835 250016051
250005489 249220191
250028857 250002151
250000761 249728937
251462190 250007278
250494697 249995687
250021314 248558760
248883138 249999238
248660215 250003939
249257713 249992989
249997752 249970254
250677260 249991592
248905356 250003340
250009236 249007106
249652284 249991370
251271225 250003525
250000289 250077265
251160513 249998343
251032485 250002965
248586371 250006687
250021147 251432603
250000743 249934119
249012237 250004105
250061434 250002784
250351051 249991895
250910640 249999040
250010728 248942300
250007887 249112677
250006696 249040970
249999826 250252478
250773151 249995269
250004605 249598717
250004828 250784384
248852648 249997860
250004609 249602319
250005618 250949256
250009717 248946945
250684391 249991673
250767336 249995206
250008257 248930207
250174498 249998072
250749670 249993472
250136821 250000919
250001888 249482250
250006174 250704410
250746970 249993920
250014130 251277810
250001317 250333495
250000565 250205689
250007655 249114765
250001962 249648470
250001068 249892414
251359330 250003368
250226368 249995310
250005453 250752883
250211382 249997524
250006021 249301093
250002341 250644425
249999314 249813722
250010908 251224790
250007105 250915629
250000851 249914347
250013068 248745368
250004644 249584296
249066145 250000865
250010670 251036778
248739892 250003572
250018329 248667305
250933271 250001135
250014297 251279649
250003221 250464219
249167995 249996515
249756646 249994776
251521500 250004184
250000565 250145359
250049475 250002821
250002555 249628791
251465989 250007187
249363986 249992480
249881096 250000950
250004409 250729207
249242750 249994664
250010290 248973838
250786269 249996715
249494832 249995104
250147285 250000091
250002599 250493221
250004610 249514006
249571589 249989787
248962442 250002730
249330890 249991286
249999982 249711724
250000017 249850019
250002315 250549575
249356407 249993751
250006082 250878642
250761134 249994248
250005803 250804519
249934322 250001348
250018662 251340848
248884768 249999996
249999614 250158900
249625208 249988674
250006860 250905774
248849355 249997971
249091056 249999580
250008127 250976685
249510534 249995572
250019744 251495658
251372019 250003949
251206996 250000016
249377638 249992526
250309690 249992110
250008122 251009614
249998782 249976960
250808973 249997737
250018747 251384021
250001247 249745835
251418375 250005333
249999375 249953187
250004403 250720073
250000372 250276054
250664400 249993710
250316658 249991716
250001449 249759271
250010980 248910838
250008546 251153758
248578017 250006609
250003039 249641225
250873812 249999004
248951383 250002329
248824994 249999712
249055583 250002021
250957175 250002319
250999864 250004560
250115125 250000725
250007328 250889680
248777659 250002383
250001516 249461560
250007780 249101438
249838359 249997645
250000766 250264620
250006888 249138278
248675906 250003556
249904791 250001471
250421748 249990932
249568999 249990047
250005101 250824651
250004564 250726252
249973540 250002202
250539256 249994504
250001000 249754644
250000139 249730515
250006225 250705169
250009311 248902705
250485001 249994397
250001146 250285402
250008901 248933215
248589548 250006138
251233810 250001888
250003521 250466289
249999288 249954762
250626461 249993357
250007453 249133941
250981520 250003292
250018534 248612970
250006869 250857933
250333641 249989589
250725777 249994075
249193542 249997682
250215896 249996510
250179457 249997825
248673281 250003949
250000752 249987218
250003124 250362004
250010001 248831093
250015804 251307082
250687535 249992347
250002424 249412604
250002299 249444777
250755632 249993324
250004988 249309800
250000250 249751172
248808544 249999492
250009643 251186133
249086220 250000366
251094067 250002865
250004481 250448107
249366544 249992194
250000101 249985423
250001476 249799078
250001339 249917737
251458962 250007446
250925055 250000549
251098550 250001866
250879541 249998545
250004064 250449894
250084683 250001081
250007467 249075331
249489913 249994225
250741872 249993858
250539895 249994955
249201322 249997756
250728313 249994195
249333233 249991593
250002683 250349963
251349596 250003464
248745632 250003496
250000211 249810973
250001291 249464581
249433276 249993100
250010763 251092277
250006868 250894648
250012813 248747987
250001329 249800583
250005379 250809519
249936620 250002718
250004070 249518746
250003764 250737126
248566979 250007859
250000562 249911724
250018884 251372790
250005233 250819271
250952149 250002725
250021588 248573446
248789829 250001137
250014725 251313957
250019007 251404701
248680435 250002621
250606490 249993096
250600748 249993522
250019575 251358923
250348402 249992264
250009673 250989345
249997472 250055488
249670754 249989474
250021211 248571847
249999816 250001852
249963532 250001976
250001962 250583638
250020468 250001946
250002924 250311910
249031979 250003061
250009342 248918140
249999884 250267790
250005251 250813709
250009681 249026597
248996298 250003678
250006661 249283711
250398158 249990106
250006967 249049623
251146814 249999630
249539626 249992068
250536389 249994561
250006557 249117685
251337102 250003012
250006277 250828277
249531634 249992632
249806089 249997269
251190639 249999387
250011037 251245617
251045237 250004299
250001106 249930864
249006155 250004103
250011205 248764249
250009653 248916131
250010721 248821987
249935300 250002050
250005152 249544768
250009212 248983768
250013998 251296874
251029184 250003740
250005193 249297437
249998254 250026916
250006107 250934901
250002942 250610038
250006407 249280249
250001585 249383977
250004759 250680893
248859680 249998430
249812660 249997836
251504302 250005980
250020060 248648668
250000000 250216772
250361920 249990726
250018931 251368673
250018885 251498935
250019612 251354842
250000522 250524812
250005108 249576726
250011567 251247479
250011099 248970161
249899216 250001202
250012143 251257311
250021014 251454318
250010412 249015954
250572414 249993492
249165759 249996587
250003199 250316923
248876025 249999267
250727346 249994486
250020184 248594326
250006201 250413269
250966461 250002941
249402938 249993286
249717817 249993035
250003370 249632176
250004754 250763666
250002541 249395315
250088167 250001663
248614267 250005311
250010203 251175385
250554688 249995112
248845162 249998600
250005280 249548306
251470667 250008113
249920590 250001734
249476608 249994794
248965835 250002821
250079503 250002579
250016770 250001802
251318063 250003151
250010832 248767062
250002536 249439626
249681653 249990639
250001065 250133415
249163290 249997264
248879858 249999378
250271561 249993825
250000502 250125096
250006182 249060828
250014079 248741401
250598410 249993272
248782460 250001932
250005818 249556398
250016282 248682192
250005226 249240390
250000715 250109527
250843325 249997343
250547310 249993906
250003699 249361285
250005843 250702829
250010404 248808446
249353975 249994363
248872556 249999028
250000824 249897302
248524651 250004701
250000979 250517791
250001896 249477302
250504004 249995144
250017184 248677564
249001403 250004289
250001196 250139750
251364690 250004278
249055001 250002245
250402817 249990571
250273047 249993249
250007270 249033054
250960224 250002880
251424198 250005878
250005187 250769233
250009949 249017231
248989675 250003305
250851677 249997527
250006674 251115532
250008534 250978214
249537605 249991917
249043261 250002497
250019938 251481030
249026766 250003508
250001877 249700285
250002237 250595771
249281082 249993802
250003820 250665032
250007647 249104339
250003381 249370277
250020253 248599325
250008956 248991020
250002740 250613322
250010276 248909374
250002047 250558261
250992817 250003509
250000105 250235739
250008273 248846103
249774152 249995080
248862275 249997791
250004856 250404582
250178434 249997584
250612960 249993534
249598344 249990596
251494075 250006893
249140505 249998445
251166923 249998189
250018151 251391487
250006813 249197427
250009467 251180559
250008469 248927551
250009450 248975636
250020894 251474638
250005873 249286265
250958197 250003131
249081866 250000932
249595911 249990081
250768349 249994931
249372145 249991199
250004230 249511846
251172172 249998684
250007589 251134061
250016321 248682869
249329471 249990683
248696038 250002436
250021136 251438884
250014480 248737420
250002333 249387039
249556523 249991753
250000033 249835971
248999503 250003589
249414938 249993360
251128758 250000578
251292530 250004028
249290431 249993359
250006979 249123633
251023184 250003572
250006405 250956699
249998352 249963186
249877774 250000218
250019969 251492765
249594489 249990521
250019031 248665753
250021126 251462006
249326657 249990763
250014577 248734551
248622039 250004811
249999977 249840815
250302708 249992462
250010595 248819885
249999297 250183233
250009208 251060154
248840384 249998614
249897615 250000511
251396327 250002933
249999018 249814778
251283938 250003912
248732676 250002682
250306586 249992720
250509846 249995134
250805284 249997178
249505908 249996004
250020758 251458022
250000475 250009913
250142019 250000247
250007130 248893218
251186525 249999063
249859345 250000033
250006389 249058883
250001042 249932306
249115786 249998138
249599610 249990484
250602813 249993741
249028546 250002864
248550981 250006103
248985222 250002390
250004481 250780521
250009805 248953913
250450695 249992709
249999358 249813124
250081920 250001768
250008810 251101640
250002441 249490577
250020091 251485823
250021359 248568453
250006374 249119698
251059294 250003402
250041054 250002800
250008842 248838484
248920152 250001666
250003217 250001391
250008250 251024674
250007678 249108864
251091941 250003111
250005377 249269507
249857548 249999504
249645237 249990309
250010138 248943574
249743090 249994984
250010378 251064944
251046726 250004074
249999364 250187748
249816353 249997443
250008684 248861500
250003246 250635186
249864943 249999957
249100013 249998927
250983095 250003653
250995868 250003150
250001875 250512323
250963947 250002947
248935650 250002814
251156794 249999112
250007080 250927326
250010312 251209042
248775474 250002420
250003032 250292138
250236576 249994398
250198277 249997531
250009704 251191210
250813683 249998639
250108924 250001318
248617297 250005129
250009650 251098462
248893135 250001993
249999587 250101573
250009582 248904920
250003402 249501014
250003565 249509265
250005362 249212942
249345109 249993181
249110719 249998499
250004399 250386347
249561153 249991593
250202473 249997775
251122875 250002009
250013580 251276528
250004868 250393756
250000711 250241499
250014020 248733234
250020384 248655090
251394280 250002962
249999978 250275196
248632963 250003641
250574231 249993665
250009060 248987768
250949600 250002094
250007361 248879181
250345722 249992230
250006562 249067554
249572779 249989437
248839280 249997890
251009342 250004480
250002974 250479510
248600006 250004914
250479963 249993419
250002480 250351236
250864164 249998570
250004788 250767310
250019578 248644576
250004968 249270850
250498814 249996426
251475125 250008007
250002249 250576883
249321255 249991781
250337993 249990737
251118214 250002244
250005607 249238721
249022344 250003596
250990904 250003518
250006569 250973407
250012142 251259506
250002649 249423727
250112416 250001204
250019231 251415123
250001292 250130604
248749064 250003556
249999886 250168168
250000307 250075173
250006818 250925884
249831520 249997018
250968848 250003122
249503009 249994795
250389594 249990926
251273541 250003845
250435182 249990874
250004475 250676837
250492162 249994764
250010108 251094846
249952146 250001904
250019901 251482653
250005121 250788797
250006483 249565825
250001513 250601391
250010794 248771426
250828444 249998086
250274324 249993350
250002957 250482411
249211415 249997011
251255847 250003199
250214188 249996634
249041802 250002866
250015020 251302412
250147738 249999840
249999868 249984900
251376873 250004299
249630293 249989173
249815707 249997329
251497750 250006666
250009446 251031698
249460896 249994056
249133383 249998527
251474264 250007690
250568242 249994178
250002937 250364289
250257242 249995062
250011350 251255404
249856369 249999935
250011278 248752150
249996428 250000918
251453562 250006458
250006314 249056890
250000048 250212358
250001190 250220488
250794520 249996544
250003208 250647546
250006680 250859938
248693724 250002680
250019749 248593381
248543693 250006445
250003515 249350911
250005574 249173366
250009082 251154900
250005555 249302969
250000316 250103212
248607932 250005198
250008840 250985582
250886526 249999850
249286353 249993097
250003962 249686382
249751573 249995509
251343377 250003757
250009500 248951882
251460392 250007486
250021486 248554368
250005530 249578054
250003448 250299334
250009646 248831756
250003616 249613444
250013307 251267799
251250495 250003539
250007717 251150017
250709785 249993391
249999893 250092213
250721432 249993614
250004372 250446338
250000611 250523353
250003610 249618150
249083326 250000224
251508385 250005161
248540242 250005974
249526542 249993098
250231174 249995754
249213080 249996756
249939137 250002797
250006886 249088352
249737145 249993509
250007021 250918583
250005316 249264316
251183382 249998700
249961273 250002559
250005860 249064400
250006170 249288454
250019006 248607844
250001961 250592309
250011258 248798580
249298077 249994061
250000254 250165752
250695846 249993260
250000247 249910535
249999046 249945510
250004530 249605862
249623075 249989603
251109973 250003367
250019372 248606330
250476316 249993494
250048272 250002084
250011476 248781444
249997061 249968447
250920816 249999094
250000564 249915284
250018846 251380414
250000858 249805258
250003333 249656895
250005001 250689487
250024565 250002743
251345746 250002974
250002324 249487612
250009817 251034643
250056089 250002553
250011744 248759096
250941191 250002183
249999289 250066315
250004485 249596433
249999936 250238860
248759081 250003135
250010415 248940177
250004012 249334790
249696387 249991389
250003376 249680438
250004897 250657307
248541113 250006247
250379720 249989548
250008018 248869556
250003581 250622635
250009586 251089340
250251037 249995625
250608157 249992863
250015438 251304684
249214451 249996117
250006655 250862553
250005328 250939266
249069019 250001241
250007360 249126364
250000509 249710343
250006480 250864420
248907059 250003027
250002900 249347258
250638770 249992372
250014356 248710508
251341796 250003492
250004609 249242089
250015720 251310434
250542099 249994409
250000404 249839046
250010247 249013899
249999729 250172841
249675633 249989357
248810024 249999814
249751115 249995587
250001327 249459499
250006932 249198826
250002604 249422038
250003907 250651787
249370661 249991633
251226682 250000568
249547614 249991240
248683154 250002480
249999726 250149018
250184382 249998148
249997362 250044738
249514136 249994694
249999639 250156799
250019489 248646915
248555465 250006563
250009848 251234572
250175798 249997516
248994755 250002993
250001133 249796435
250015625 248723367
251492129 250007053
251391545 250003373
250004671 250778313
249853015 249999825
250788711 249996291
249176812 249997712
249582981 249990049
248624667 250004429
250014660 251284666
249327776 249990316
249721510 249992608
250595200 249993284
251334829 250002559
250019576 248637684
250076784 250002154
251105604 250002508
250021080 248536004
251346557 250003167
250008011 249099299
250008709 251162147
250002046 250338620
250009245 250999349
249268363 249993161
250002390 250563516
249830091 249997175
248637537 250002811
251021700 250003764
250003265 249437801
251112510 250003358
248754271 250003117
249999821 250154927
250704286 249993454
250009116 248841392
250367794 249989866
249126756 249999316
250015442 251319264
250003973 250652045
249517178 249993714
250006085 250955243
248568362 250007492
251124780 250001454
250004817 250694753
248688467 250002827
250002865 249621273
249250538 249993790
249269230 249992950
250000290 250191470
251088570 250003290
251030017 250003303
250006829 250930029
250009718 248938638
250007777 249153627
250014527 248713053
250004890 249533964
250004664 250724468
250011785 248755203
250007056 249076494
250630770 249991840
249981363 250001067
249679623 249990719
250003851 250399883
250246578 249995632
250004030 249523322
249694995 249990881
249997929 249965129
250002995 250296311
250004148 249607500
250020373 248602053
250002854 250617880
251178508 249999600
250646392 249993788
249828794 249997076
251076246 250004244
248694795 250002391
250009167 251050855
250425092 249990792
248603627 250004589
249999813 250209677
248945179 250003177
249051737 250002031
250020483 251475605
249306159 249992903
250384866 249989870
250001231 249770173
251405631 250004007
248797012 250000278
249768553 249994007
250002410 250552302
250688864 249992448
250007583 251109737
250004997 250404163
249210742 249996504
249164467 249996937
250470604 249992380
250008881 251029145
249915476 250000372
250003184 250483742
251159120 249998614
250005582 249586536
251180366 249998682
250094550 250002384
249137809 249998093
250756696 249994176
248799243 249999725
250008142 251152756
249319728 249992090
250000476 250122920
250005099 250782351
251356394 250003116
250005213 250790809
250001356 250279856
249014495 250004599
249122136 249998428
249999214 249907048
250004853 250774563
250019511 248611483
248757816 250002984
249659127 249991305
249347400 249994144
250059192 250003558
249283283 249993745
250876812 249998204
250004332 249251282
250019607 248609489
251505665 250005335
250010233 248814473
250007773 251081369
249998139 250024275
250006238 250967302
250002837 250344075
248752241 250003239
249998742 250177276
248704537 250002421
250796902 249997016
250000972 250203614
250972996 250003764
249968597 250001637
249393643 249991919
251110767 250003467
248689804 250002872
250006530 249039228
250006469 250923367
250008098 251107770
249278037 249993707
250005069 249312351
250162065 249998003
250001310 249462802
250019491 248631319
250003844 250467472
251329012 250002354
249983526 250001242
250007382 251146132
250171951 249997533
251247115 250003345
250006196 249183894
250002177 249646039
250001738 250589944
250006755 251121117
249477837 249994649
248740746 250003694
250010380 251179288
250019289 251506395
250014522 248717214
251404222 250003786
250009898 248964618
251215912 250000350
249033058 250003220
250988715 250003803
250001433 249859661
250001389 250503591
249454066 249993648
249437381 249993595
250001361 249874923
248848164 249997722
250001050 250532710
250001884 249474160
249754709 249995497
250901392 249998678
250002918 249367246
250007676 250855058
249903429 250002197
250010674 248791566
249457503 249993471
248958224 250003158
248717898 250003010
250501758 249995628
250004883 250421541
250005292 249536858
250004169 249320657
250117005 250000697
250002711 250357167
250803551 249997425
250003477 249610405
248715190 250002582
250002324 250486384
250771721 249994815
250019582 251416848
250052676 250002316
251116787 250002875
249717021 249992703
250661527 249994167
249314379 249992735
249906318 250001806
250823296 249998438
249999388 249937962
250001352 249743928
250006324 250796138
250006006 249170512
249023347 250003019
250460511 249992077
248890801 250001949
250010919 248777773
249522197 249993879
250000250 249881796
250557400 249994490
250003417 249622811
249135941 249997783
250691223 249992899
251077550 250003398
250004152 250661550
249998734 250065484
250001626 250575872
250015005 248705903
250009452 248935300
250730173 249994303
250008102 248853894
250122454 250000942
250499638 249996182
250000947 249889735
249677393 249990129
250007370 249135842
248925084 250002398
250014080 251290364
250003858 250475540
250019603 248640801
251325376 250003110
250010679 248806755
250013669 248738951
251208760 249999738
251037479 250003665
250008555 249142961
251336141 250002689
250010813 251218473
249072661 250001455
250001993 250584843
250007412 251123512
250005894 249235902
248980938 250003190
249235722 249994634
249063864 250001408
250008329 248999063
248877609 249999965
248557814 250006852
249036743 250003581
250259254 249994534
250008238 251011124
250007370 248884044
249998793 249943525
249667244 249990642
249080672 250000918
249534963 249992389
251398997 250003771
250008248 251156864
250005412 250423610
250002927 249676539
249194840 249997800
250005443 249187197
249988438 250000602
250000437 250117265
250014892 248708662
248701646 250001794
249637074 249989154
250003267 250317485
250004900 250428516
250000699 250115151
249998627 249956825
250358127 249990449
250020929 248520599
249953598 250001854
248722055 250002809
250010926 248826244
249971033 250001865
248912359 250002143
251456723 250007359
250156338 249998410
250181814 249997574
249525180 249993436
250002524 249379986
250931632 250001070
249230817 249994863
250478320 249992996
250003532 250319698
249189417 249997875
251043408 250004040
250091988 250002276
250815688 249998036
249786723 249996587
250001278 249854084
249997652 250041402
248772455 250002999
250004769 249256755
250005371 249299261
249867573 249999923
248604874 250004920
250019356 248620992
250277436 249993284
248570702 250007966
250020230 248586434
250000670 250276902
249616960 249989968
250653438 249994146
249590273 249989999
250008869 251086183
250000775 249741607
250003402 249662134
250017033 251330101
250004218 249515422
248833763 249998945
250006182 249202244
250002654 250614792
249106483 249998369
250003079 250302211
250005547 250946147
250472079 249992829
250011299 248793865
251479595 250008195
250020170 248588046
250000415 250163811
250007751 249084191
250007090 249092586
249958894 250002644
250008911 251163927
249123723 249998697
250328666 249990150
248836428 249998068
250004175 250673531
250894329 249999119
251314516 250002916
249102968 249998146
250004468 250425516
248792630 250000290
250000916 249923992
250015283 248703683
250002048 250556464
250092482 250001822
248922070 250001824
250001342 249791318
250008263 248870973
250007296 249085574
250020825 251431221
250010409 251240051
250195893 249997563
251501528 250006180
250021387 251451789
250005261 250686565
250005490 249276952
249999010 249980488
249791559 249996683
250000669 249832685
249984654 250000870
250000623 250528423
250371255 249989663
250007483 251076377
250006818 250920964
250806990 249997604
250002901 250366367
250000634 250071838
250008310 248845384
250000489 250069683
249058217 250001855
250004629 250679493
250015518 248702254
250008184 250842820
250004906 249594532
250003019 250345557
249251849 249993767
248913073 250001885
249240365 249994175
250519816 249995222
250005205 250701189
250008319 249105605
249855284 250000078
250004833 249262351
250012952 251261798
249480316 249994770
250565989 249994319
249401148 249993038
250003886 249681990
250006470 250794506
250000300 249780914
250010692 248801670
249359286 249992970
251240704 250002778
250560088 249994624
250782951 249996465
250006351 249168173
250008076 251025244
250888069 249999197
250021993 248542673
248630167 250003503
251079477 250003791
249604114 249990322
249999418 250153576
250009019 249145685
250019219 248618783
249092939 249999003
249578606 249990216
251431144 250005286
250001427 250572253
249529261 249992889
251244962 250003338
250013194 251264192
250004386 249525136
250004694 249331804
251247841 250003479
250008686 251104654
250000364 250113256
249999937 250189197
249340190 249992600
249741692 249994344
250002520 249428456
250003569 249507323
250577289 249993371
250000919 250197055
251080955 250002905
251201436 249999478
250004959 249526735
248532100 250004896
249716455 249992687
250200186 249997788
250001018 249993704
249412021 249993697
250071836 250001594
249519556 249993274
250009883 248958773
250002434 250347506
250000844 249802514
250279423 249993461
250003210 250293836
248729143 250002593
249692341 249991473
250002757 249643601
250005637 249216083
250019150 251349818
250719953 249993795
250009846 251062306
250022050 248547908
250021199 248557469
249128216 249998742
249459127 249993457
250010341 248828657
250008095 251079165
249609793 249989645
250001286 250527142
250016061 248693795
250020113 248652043
251434801 250005097
250009054 251049342
250009125 251042933
250019763 251413599
250008356 248925096
248926641 250002499
250002916 250314012
249896255 250000707
250004678 250675204
250003334 249372508
250008782 251044622
249714150 249992650
250020410 251490590
249158946 249997792
251137465 250000175
250001284 250107554
251114938 250003450
251278924 250004206
248681700 250003084
250006627 249070441
250010721 248775631
250001853 249698565
249621938 249989710
250008001 251083859
250004894 250688952
251174185 249998653
250012787 248746661
250002332 250594222
250010388 251240932
250019327 251502507
250291181 249993639
249101246 249998430
249245403 249994861
250493220 249995488
249017070 250004044
250004477 250746395
250015137 248720221
250183366 249997774
250615580 249993042
250001507 249467649
250655952 249994802
249729287 249993141
251442622 250005594
250070604 250001868
249648567 249990395
249705097 249992341
251222741 249999961
249998815 250021669
251303837 250003457
250005048 250440278
250021066 248581464
250007279 249032283
250005046 249531362
248517740 250004048
249466513 249994313
251034618 250003408
250017180 251331540
250007571 249083065
250019557 248605103
249078034 250001234
250011126 248912184
250001942 250554764
250016259 251323855
250790801 249996649
250001336 249456584
250002332 250498626
250020594 251427622
251073665 250003427
250006363 249281609
250163010 249997446
250019991 248515539
251224639 250000547
250005470 249550068
250208858 249997396
249998450 250048208
251410144 250004580
251074476 250003396
249388018 249992238
249656379 249991837
250005271 250750111
249343282 249993216
251211215 250000063
248582809 250007003
250005803 249571503
250022530 250002640
250018724 251362448
250007915 251139867
249180880 249998060
248761093 250002335
