3000
0 0
0 233716
0 467432
0 701148
0 934864
0 1168580
0 1402296
0 1636012
0 1869728
0 2103444
0 2337160
0 2570876
0 2804592
0 3038308
0 3272024
0 3505740
0 3739456
0 3973172
0 4206888
0 4440604
0 4674320
0 4908036
0 5141752
0 5375468
0 5609184
0 5842900
0 6076616
0 6310332
0 6544048
0 6777764
0 7011480
0 7245196
0 7478912
0 7712628
0 7946344
0 8180060
0 8413776
0 8647492
0 8881208
0 9114924
0 9348640
0 9582356
0 9816072
0 10049788
0 10283504
0 10517220
0 10750936
0 10984652
0 11218368
0 11452084
0 11685800
0 11919516
0 12153232
0 12386948
0 12620664
0 12854380
0 13088096
0 13321812
0 13555528
0 13789244
0 14022960
0 14256676
0 14490392
0 14724108
0 14957824
0 15191540
0 15425256
0 15658972
0 15892688
0 16126404
0 16360120
0 16593836
0 16827552
0 17061268
0 17294984
0 17528700
0 17762416
0 17996132
0 18229848
0 18463564
0 18697280
0 18930996
0 19164712
0 19398428
0 19632144
0 19865860
0 20099576
0 20333292
0 20567008
0 20800724
0 21034440
0 21268156
0 21501872
0 21735588
0 21969304
0 22203020
0 22436736
0 22670452
0 22904168
0 23137884
0 23371600
0 23605316
0 23839032
0 24072748
0 24306464
0 24540180
0 24773896
0 25007612
0 25241328
0 25475044
0 25708760
0 25942476
0 26176192
0 26409908
0 26643624
0 26877340
0 27111056
0 27344772
0 27578488
0 27812204
0 28045920
0 28279636
0 28513352
0 28747068
0 28980784
0 29214500
0 29448216
0 29681932
0 29915648
0 30149364
0 30383080
0 30616796
0 30850512
0 31084228
0 31317944
0 31551660
0 31785376
0 32019092
0 32252808
0 32486524
0 32720240
0 32953956
0 33187672
0 33421388
0 33655104
0 33888820
0 34122536
0 34356252
0 34589968
0 34823684
0 35057400
0 35291116
0 35524832
0 35758548
0 35992264
0 36225980
0 36459696
0 36693412
0 36927128
0 37160844
0 37394560
0 37628276
0 37861992
0 38095708
0 38329424
0 38563140
0 38796856
0 39030572
0 39264288
0 39498004
0 39731720
0 39965436
0 40199152
0 40432868
0 40666584
0 40900300
0 41134016
0 41367732
0 41601448
0 41835164
0 42068880
0 42302596
0 42536312
0 42770028
0 43003744
0 43237460
0 43471176
0 43704892
0 43938608
0 44172324
0 44406040
0 44639756
0 44873472
0 45107188
0 45340904
0 45574620
0 45808336
0 46042052
0 46275768
0 46509484
0 46743200
0 46976916
0 47210632
0 47444348
0 47678064
0 47911780
0 48145496
0 48379212
0 48612928
0 48846644
0 49080360
0 49314076
0 49547792
0 49781508
0 50015224
0 50248940
0 50482656
0 50716372
0 50950088
0 51183804
0 51417520
0 51651236
0 51884952
0 52118668
0 52352384
0 52586100
0 52819816
0 53053532
0 53287248
0 53520964
0 53754680
0 53988396
0 54222112
0 54455828
0 54689544
0 54923260
0 55156976
0 55390692
0 55624408
0 55858124
0 56091840
0 56325556
0 56559272
0 56792988
0 57026704
0 57260420
0 57494136
0 57727852
0 57961568
0 58195284
0 58429000
0 58662716
0 58896432
0 59130148
0 59363864
0 59597580
0 59831296
0 60065012
0 60298728
0 60532444
0 60766160
0 60999876
0 61233592
0 61467308
0 61701024
0 61934740
0 62168456
0 62402172
0 62635888
0 62869604
0 63103320
0 63337036
0 63570752
0 63804468
0 64038184
0 64271900
0 64505616
0 64739332
0 64973048
0 65206764
0 65440480
0 65674196
0 65907912
0 66141628
0 66375344
0 66609060
0 66842776
0 67076492
0 67310208
0 67543924
0 67777640
0 68011356
0 68245072
0 68478788
0 68712504
0 68946220
0 69179936
0 69413652
0 69647368
0 69881084
0 70114800
0 70348516
0 70582232
0 70815948
0 71049664
0 71283380
0 71517096
0 71750812
0 71984528
0 72218244
0 72451960
0 72685676
0 72919392
0 73153108
0 73386824
0 73620540
0 73854256
0 74087972
0 74321688
0 74555404
0 74789120
0 75022836
0 75256552
0 75490268
0 75723984
0 75957700
0 76191416
0 76425132
0 76658848
0 76892564
0 77126280
0 77359996
0 77593712
0 77827428
0 78061144
0 78294860
0 78528576
0 78762292
0 78996008
0 79229724
0 79463440
0 79697156
0 79930872
0 80164588
0 80398304
0 80632020
0 80865736
0 81099452
0 81333168
0 81566884
0 81800600
0 82034316
0 82268032
0 82501748
0 82735464
0 82969180
0 83202896
0 83436612
0 83670328
0 83904044
0 84137760
0 84371476
0 84605192
0 84838908
0 85072624
0 85306340
0 85540056
0 85773772
0 86007488
0 86241204
0 86474920
0 86708636
0 86942352
0 87176068
0 87409784
0 87643500
0 87877216
0 88110932
0 88344648
0 88578364
0 88812080
0 89045796
0 89279512
0 89513228
0 89746944
0 89980660
0 90214376
0 90448092
0 90681808
0 90915524
0 91149240
0 91382956
0 91616672
0 91850388
0 92084104
0 92317820
0 92551536
0 92785252
0 93018968
0 93252684
0 93486400
0 93720116
0 93953832
0 94187548
0 94421264
0 94654980
0 94888696
0 95122412
0 95356128
0 95589844
0 95823560
0 96057276
0 96290992
0 96524708
0 96758424
0 96992140
0 97225856
0 97459572
0 97693288
0 97927004
0 98160720
0 98394436
0 98628152
0 98861868
0 99095584
0 99329300
0 99563016
0 99796732
0 100030448
0 100264164
0 100497880
0 100731596
0 100965312
0 101199028
0 101432744
0 101666460
0 101900176
0 102133892
0 102367608
0 102601324
0 102835040
0 103068756
0 103302472
0 103536188
0 103769904
0 104003620
0 104237336
0 104471052
0 104704768
0 104938484
0 105172200
0 105405916
0 105639632
0 105873348
0 106107064
0 106340780
0 106574496
0 106808212
0 107041928
0 107275644
0 107509360
0 107743076
0 107976792
0 108210508
0 108444224
0 108677940
0 108911656
0 109145372
0 109379088
0 109612804
0 109846520
0 110080236
0 110313952
0 110547668
0 110781384
0 111015100
0 111248816
0 111482532
0 111716248
0 111949964
0 112183680
0 112417396
0 112651112
0 112884828
0 113118544
0 113352260
0 113585976
0 113819692
0 114053408
0 114287124
0 114520840
0 114754556
0 114988272
0 115221988
0 115455704
0 115689420
0 115923136
0 116156852
0 116390568
0 116624284
0 116858000
0 117091716
0 117325432
0 117559148
0 117792864
0 118026580
0 118260296
0 118494012
0 118727728
0 118961444
0 119195160
0 119428876
0 119662592
0 119896308
0 120130024
0 120363740
0 120597456
0 120831172
0 121064888
0 121298604
0 121532320
0 121766036
0 121999752
0 122233468
0 122467184
0 122700900
0 122934616
0 123168332
0 123402048
0 123635764
0 123869480
0 124103196
0 124336912
0 124570628
0 124804344
0 125038060
0 125271776
0 125505492
0 125739208
0 125972924
0 126206640
0 126440356
0 126674072
0 126907788
0 127141504
0 127375220
0 127608936
0 127842652
0 128076368
0 128310084
0 128543800
0 128777516
0 129011232
0 129244948
0 129478664
0 129712380
0 129946096
0 130179812
0 130413528
0 130647244
0 130880960
0 131114676
0 131348392
0 131582108
0 131815824
0 132049540
0 132283256
0 132516972
0 132750688
0 132984404
0 133218120
0 133451836
0 133685552
0 133919268
0 134152984
0 134386700
0 134620416
0 134854132
0 135087848
0 135321564
0 135555280
0 135788996
0 136022712
0 136256428
0 136490144
0 136723860
0 136957576
0 137191292
0 137425008
0 137658724
0 137892440
0 138126156
0 138359872
0 138593588
0 138827304
0 139061020
0 139294736
0 139528452
0 139762168
0 139995884
0 140229600
0 140463316
0 140697032
0 140930748
0 141164464
0 141398180
0 141631896
0 141865612
0 142099328
0 142333044
0 142566760
0 142800476
0 143034192
0 143267908
0 143501624
0 143735340
0 143969056
0 144202772
0 144436488
0 144670204
0 144903920
0 145137636
0 145371352
0 145605068
0 145838784
0 146072500
0 146306216
0 146539932
0 146773648
0 147007364
0 147241080
0 147474796
0 147708512
0 147942228
0 148175944
0 148409660
0 148643376
0 148877092
0 149110808
0 149344524
0 149578240
0 149811956
0 150045672
0 150279388
0 150513104
0 150746820
0 150980536
0 151214252
0 151447968
0 151681684
0 151915400
0 152149116
0 152382832
0 152616548
0 152850264
0 153083980
0 153317696
0 153551412
0 153785128
0 154018844
0 154252560
0 154486276
0 154719992
0 154953708
0 155187424
0 155421140
0 155654856
0 155888572
0 156122288
0 156356004
0 156589720
0 156823436
0 157057152
0 157290868
0 157524584
0 157758300
0 157992016
0 158225732
0 158459448
0 158693164
0 158926880
0 159160596
0 159394312
0 159628028
0 159861744
0 160095460
0 160329176
0 160562892
0 160796608
0 161030324
0 161264040
0 161497756
0 161731472
0 161965188
0 162198904
0 162432620
0 162666336
0 162900052
0 163133768
0 163367484
0 163601200
0 163834916
0 164068632
0 164302348
0 164536064
0 164769780
0 165003496
0 165237212
0 165470928
0 165704644
0 165938360
0 166172076
0 166405792
0 166639508
0 166873224
0 167106940
0 167340656
0 167574372
0 167808088
0 168041804
0 168275520
0 168509236
0 168742952
233716 0
233716 233716
233716 467432
233716 701148
233716 934864
233716 1168580
233716 1402296
233716 1636012
233716 1869728
233716 2103444
233716 2337160
233716 2570876
233716 2804592
233716 3038308
233716 3272024
233716 3505740
233716 3739456
233716 3973172
233716 4206888
233716 4440604
233716 4674320
233716 4908036
233716 5141752
233716 5375468
233716 5609184
233716 5842900
233716 6076616
233716 6310332
233716 6544048
233716 6777764
233716 7011480
233716 7245196
233716 7478912
233716 7712628
233716 7946344
233716 8180060
233716 8413776
233716 8647492
233716 8881208
233716 9114924
233716 9348640
233716 9582356
233716 9816072
233716 10049788
233716 10283504
233716 10517220
233716 10750936
233716 10984652
233716 11218368
233716 11452084
233716 11685800
233716 11919516
233716 12153232
233716 12386948
233716 12620664
233716 12854380
233716 13088096
233716 13321812
233716 13555528
233716 13789244
233716 14022960
233716 14256676
233716 14490392
233716 14724108
233716 14957824
233716 15191540
233716 15425256
233716 15658972
233716 15892688
233716 16126404
233716 16360120
233716 16593836
233716 16827552
233716 17061268
233716 17294984
233716 17528700
233716 17762416
233716 17996132
233716 18229848
233716 18463564
233716 18697280
233716 18930996
233716 19164712
233716 19398428
233716 19632144
233716 19865860
233716 20099576
233716 20333292
233716 20567008
233716 20800724
233716 21034440
233716 21268156
233716 21501872
233716 21735588
233716 21969304
233716 22203020
233716 22436736
233716 22670452
233716 22904168
233716 23137884
233716 23371600
233716 23605316
233716 23839032
233716 24072748
233716 24306464
233716 24540180
233716 24773896
233716 25007612
233716 25241328
233716 25475044
233716 25708760
233716 25942476
233716 26176192
233716 26409908
233716 26643624
233716 26877340
233716 27111056
233716 27344772
233716 27578488
233716 27812204
233716 28045920
233716 28279636
233716 28513352
233716 28747068
233716 28980784
233716 29214500
233716 29448216
233716 29681932
233716 29915648
233716 30149364
233716 30383080
233716 30616796
233716 30850512
233716 31084228
233716 31317944
233716 31551660
233716 31785376
233716 32019092
233716 32252808
233716 32486524
233716 32720240
233716 32953956
233716 33187672
233716 33421388
233716 33655104
233716 33888820
233716 34122536
233716 34356252
233716 34589968
233716 34823684
233716 35057400
233716 35291116
233716 35524832
233716 35758548
233716 35992264
233716 36225980
233716 36459696
233716 36693412
233716 36927128
233716 37160844
233716 37394560
233716 37628276
233716 37861992
233716 38095708
233716 38329424
233716 38563140
233716 38796856
233716 39030572
233716 39264288
233716 39498004
233716 39731720
233716 39965436
233716 40199152
233716 40432868
233716 40666584
233716 40900300
233716 41134016
233716 41367732
233716 41601448
233716 41835164
233716 42068880
233716 42302596
233716 42536312
233716 42770028
233716 43003744
233716 43237460
233716 43471176
233716 43704892
233716 43938608
233716 44172324
233716 44406040
233716 44639756
233716 44873472
233716 45107188
233716 45340904
233716 45574620
233716 45808336
233716 46042052
233716 46275768
233716 46509484
233716 46743200
233716 46976916
233716 47210632
233716 47444348
233716 47678064
233716 47911780
233716 48145496
233716 48379212
233716 48612928
233716 48846644
233716 49080360
233716 49314076
233716 49547792
233716 49781508
233716 50015224
233716 50248940
233716 50482656
233716 50716372
233716 50950088
233716 51183804
233716 51417520
233716 51651236
233716 51884952
233716 52118668
233716 52352384
233716 52586100
233716 52819816
233716 53053532
233716 53287248
233716 53520964
233716 53754680
233716 53988396
233716 54222112
233716 54455828
233716 54689544
233716 54923260
233716 55156976
233716 55390692
233716 55624408
233716 55858124
233716 56091840
233716 56325556
233716 56559272
233716 56792988
233716 57026704
233716 57260420
233716 57494136
233716 57727852
233716 57961568
233716 58195284
233716 58429000
233716 58662716
233716 58896432
233716 59130148
233716 59363864
233716 59597580
233716 59831296
233716 60065012
233716 60298728
233716 60532444
233716 60766160
233716 60999876
233716 61233592
233716 61467308
233716 61701024
233716 61934740
233716 62168456
233716 62402172
233716 62635888
233716 62869604
233716 63103320
233716 63337036
233716 63570752
233716 63804468
233716 64038184
233716 64271900
233716 64505616
233716 64739332
233716 64973048
233716 65206764
233716 65440480
233716 65674196
233716 65907912
233716 66141628
233716 66375344
233716 66609060
233716 66842776
233716 67076492
233716 67310208
233716 67543924
233716 67777640
233716 68011356
233716 68245072
233716 68478788
233716 68712504
233716 68946220
233716 69179936
233716 69413652
233716 69647368
233716 69881084
233716 70114800
233716 70348516
233716 70582232
233716 70815948
233716 71049664
233716 71283380
233716 71517096
233716 71750812
233716 71984528
233716 72218244
233716 72451960
233716 72685676
233716 72919392
233716 73153108
233716 73386824
233716 73620540
233716 73854256
233716 74087972
233716 74321688
233716 74555404
233716 74789120
233716 75022836
233716 75256552
233716 75490268
233716 75723984
233716 75957700
233716 76191416
233716 76425132
233716 76658848
233716 76892564
233716 77126280
233716 77359996
233716 77593712
233716 77827428
233716 78061144
233716 78294860
233716 78528576
233716 78762292
233716 78996008
233716 79229724
233716 79463440
233716 79697156
233716 79930872
233716 80164588
233716 80398304
233716 80632020
233716 80865736
233716 81099452
233716 81333168
233716 81566884
233716 81800600
233716 82034316
233716 82268032
233716 82501748
233716 82735464
233716 82969180
233716 83202896
233716 83436612
233716 83670328
233716 83904044
233716 84137760
233716 84371476
233716 84605192
233716 84838908
233716 85072624
233716 85306340
233716 85540056
233716 85773772
233716 86007488
233716 86241204
233716 86474920
233716 86708636
233716 86942352
233716 87176068
233716 87409784
233716 87643500
233716 87877216
233716 88110932
233716 88344648
233716 88578364
233716 88812080
233716 89045796
233716 89279512
233716 89513228
233716 89746944
233716 89980660
233716 90214376
233716 90448092
233716 90681808
233716 90915524
233716 91149240
233716 91382956
233716 91616672
233716 91850388
233716 92084104
233716 92317820
233716 92551536
233716 92785252
233716 93018968
233716 93252684
233716 93486400
233716 93720116
233716 93953832
233716 94187548
233716 94421264
233716 94654980
233716 94888696
233716 95122412
233716 95356128
233716 95589844
233716 95823560
233716 96057276
233716 96290992
233716 96524708
233716 96758424
233716 96992140
233716 97225856
233716 97459572
233716 97693288
233716 97927004
233716 98160720
233716 98394436
233716 98628152
233716 98861868
233716 99095584
233716 99329300
233716 99563016
233716 99796732
233716 100030448
233716 100264164
233716 100497880
233716 100731596
233716 100965312
233716 101199028
233716 101432744
233716 101666460
233716 101900176
233716 102133892
233716 102367608
233716 102601324
233716 102835040
233716 103068756
233716 103302472
233716 103536188
233716 103769904
233716 104003620
233716 104237336
233716 104471052
233716 104704768
233716 104938484
233716 105172200
233716 105405916
233716 105639632
233716 105873348
233716 106107064
233716 106340780
233716 106574496
233716 106808212
233716 107041928
233716 107275644
233716 107509360
233716 107743076
233716 107976792
233716 108210508
233716 108444224
233716 108677940
233716 108911656
233716 109145372
233716 109379088
233716 109612804
233716 109846520
233716 110080236
233716 110313952
233716 110547668
233716 110781384
233716 111015100
233716 111248816
233716 111482532
233716 111716248
233716 111949964
233716 112183680
233716 112417396
233716 112651112
233716 112884828
233716 113118544
233716 113352260
233716 113585976
233716 113819692
233716 114053408
233716 114287124
233716 114520840
233716 114754556
233716 114988272
233716 115221988
233716 115455704
233716 115689420
233716 115923136
233716 116156852
233716 116390568
233716 116624284
233716 116858000
233716 117091716
233716 117325432
233716 117559148
233716 117792864
233716 118026580
233716 118260296
233716 118494012
233716 118727728
233716 118961444
233716 119195160
233716 119428876
233716 119662592
233716 119896308
233716 120130024
233716 120363740
233716 120597456
233716 120831172
233716 121064888
233716 121298604
233716 121532320
233716 121766036
233716 121999752
233716 122233468
233716 122467184
233716 122700900
233716 122934616
233716 123168332
233716 123402048
233716 123635764
233716 123869480
233716 124103196
233716 124336912
233716 124570628
233716 124804344
233716 125038060
233716 125271776
233716 125505492
233716 125739208
233716 125972924
233716 126206640
233716 126440356
233716 126674072
233716 126907788
233716 127141504
233716 127375220
233716 127608936
233716 127842652
233716 128076368
233716 128310084
233716 128543800
233716 128777516
233716 129011232
233716 129244948
233716 129478664
233716 129712380
233716 129946096
233716 130179812
233716 130413528
233716 130647244
233716 130880960
233716 131114676
233716 131348392
233716 131582108
233716 131815824
233716 132049540
233716 132283256
233716 132516972
233716 132750688
233716 132984404
233716 133218120
233716 133451836
233716 133685552
233716 133919268
233716 134152984
233716 134386700
233716 134620416
233716 134854132
233716 135087848
233716 135321564
233716 135555280
233716 135788996
233716 136022712
233716 136256428
233716 136490144
233716 136723860
233716 136957576
233716 137191292
233716 137425008
233716 137658724
233716 137892440
233716 138126156
233716 138359872
233716 138593588
233716 138827304
233716 139061020
233716 139294736
233716 139528452
233716 139762168
233716 139995884
233716 140229600
233716 140463316
233716 140697032
233716 140930748
233716 141164464
233716 141398180
233716 141631896
233716 141865612
233716 142099328
233716 142333044
233716 142566760
233716 142800476
233716 143034192
233716 143267908
233716 143501624
233716 143735340
233716 143969056
233716 144202772
233716 144436488
233716 144670204
233716 144903920
233716 145137636
233716 145371352
233716 145605068
233716 145838784
233716 146072500
233716 146306216
233716 146539932
233716 146773648
233716 147007364
233716 147241080
233716 147474796
233716 147708512
233716 147942228
233716 148175944
233716 148409660
233716 148643376
233716 148877092
233716 149110808
233716 149344524
233716 149578240
233716 149811956
233716 150045672
233716 150279388
233716 150513104
233716 150746820
233716 150980536
233716 151214252
233716 151447968
233716 151681684
233716 151915400
233716 152149116
233716 152382832
233716 152616548
233716 152850264
233716 153083980
233716 153317696
233716 153551412
233716 153785128
233716 154018844
233716 154252560
233716 154486276
233716 154719992
233716 154953708
233716 155187424
233716 155421140
233716 155654856
233716 155888572
233716 156122288
233716 156356004
233716 156589720
233716 156823436
233716 157057152
233716 157290868
233716 157524584
233716 157758300
233716 157992016
233716 158225732
233716 158459448
233716 158693164
233716 158926880
233716 159160596
233716 159394312
233716 159628028
233716 159861744
233716 160095460
233716 160329176
233716 160562892
233716 160796608
233716 161030324
233716 161264040
233716 161497756
233716 161731472
233716 161965188
233716 162198904
233716 162432620
233716 162666336
233716 162900052
233716 163133768
233716 163367484
233716 163601200
233716 163834916
233716 164068632
233716 164302348
233716 164536064
233716 164769780
233716 165003496
233716 165237212
233716 165470928
233716 165704644
233716 165938360
233716 166172076
233716 166405792
233716 166639508
233716 166873224
233716 167106940
233716 167340656
233716 167574372
233716 167808088
233716 168041804
233716 168275520
233716 168509236
233716 168742952
467432 0
467432 233716
467432 467432
467432 701148
467432 934864
467432 1168580
467432 1402296
467432 1636012
467432 1869728
467432 2103444
467432 2337160
467432 2570876
467432 2804592
467432 3038308
467432 3272024
467432 3505740
467432 3739456
467432 3973172
467432 4206888
467432 4440604
467432 4674320
467432 4908036
467432 5141752
467432 5375468
467432 5609184
467432 5842900
467432 6076616
467432 6310332
467432 6544048
467432 6777764
467432 7011480
467432 7245196
467432 7478912
467432 7712628
467432 7946344
467432 8180060
467432 8413776
467432 8647492
467432 8881208
467432 9114924
467432 9348640
467432 9582356
467432 9816072
467432 10049788
467432 10283504
467432 10517220
467432 10750936
467432 10984652
467432 11218368
467432 11452084
467432 11685800
467432 11919516
467432 12153232
467432 12386948
467432 12620664
467432 12854380
467432 13088096
467432 13321812
467432 13555528
467432 13789244
467432 14022960
467432 14256676
467432 14490392
467432 14724108
467432 14957824
467432 15191540
467432 15425256
467432 15658972
467432 15892688
467432 16126404
467432 16360120
467432 16593836
467432 16827552
467432 17061268
467432 17294984
467432 17528700
467432 17762416
467432 17996132
467432 18229848
467432 18463564
467432 18697280
467432 18930996
467432 19164712
467432 19398428
467432 19632144
467432 19865860
467432 20099576
467432 20333292
467432 20567008
467432 20800724
467432 21034440
467432 21268156
467432 21501872
467432 21735588
467432 21969304
467432 22203020
467432 22436736
467432 22670452
467432 22904168
467432 23137884
467432 23371600
467432 23605316
467432 23839032
467432 24072748
467432 24306464
467432 24540180
467432 24773896
467432 25007612
467432 25241328
467432 25475044
467432 25708760
467432 25942476
467432 26176192
467432 26409908
467432 26643624
467432 26877340
467432 27111056
467432 27344772
467432 27578488
467432 27812204
467432 28045920
467432 28279636
467432 28513352
467432 28747068
467432 28980784
467432 29214500
467432 29448216
467432 29681932
467432 29915648
467432 30149364
467432 30383080
467432 30616796
467432 30850512
467432 31084228
467432 31317944
467432 31551660
467432 31785376
467432 32019092
467432 32252808
467432 32486524
467432 32720240
467432 32953956
467432 33187672
467432 33421388
467432 33655104
467432 33888820
467432 34122536
467432 34356252
467432 34589968
467432 34823684
467432 35057400
467432 35291116
467432 35524832
467432 35758548
467432 35992264
467432 36225980
467432 36459696
467432 36693412
467432 36927128
467432 37160844
467432 37394560
467432 37628276
467432 37861992
467432 38095708
467432 38329424
467432 38563140
467432 38796856
467432 39030572
467432 39264288
467432 39498004
467432 39731720
467432 39965436
467432 40199152
467432 40432868
467432 40666584
467432 40900300
467432 41134016
467432 41367732
467432 41601448
467432 41835164
467432 42068880
467432 42302596
467432 42536312
467432 42770028
467432 43003744
467432 43237460
467432 43471176
467432 43704892
467432 43938608
467432 44172324
467432 44406040
467432 44639756
467432 44873472
467432 45107188
467432 45340904
467432 45574620
467432 45808336
467432 46042052
467432 46275768
467432 46509484
467432 46743200
467432 46976916
467432 47210632
467432 47444348
467432 47678064
467432 47911780
467432 48145496
467432 48379212
467432 48612928
467432 48846644
467432 49080360
467432 49314076
467432 49547792
467432 49781508
467432 50015224
467432 50248940
467432 50482656
467432 50716372
467432 50950088
467432 51183804
467432 51417520
467432 51651236
467432 51884952
467432 52118668
467432 52352384
467432 52586100
467432 52819816
467432 53053532
467432 53287248
467432 53520964
467432 53754680
467432 53988396
467432 54222112
467432 54455828
467432 54689544
467432 54923260
467432 55156976
467432 55390692
467432 55624408
467432 55858124
467432 56091840
467432 56325556
467432 56559272
467432 56792988
467432 57026704
467432 57260420
467432 57494136
467432 57727852
467432 57961568
467432 58195284
467432 58429000
467432 58662716
467432 58896432
467432 59130148
467432 59363864
467432 59597580
467432 59831296
467432 60065012
467432 60298728
467432 60532444
467432 60766160
467432 60999876
467432 61233592
467432 61467308
467432 61701024
467432 61934740
467432 62168456
467432 62402172
467432 62635888
467432 62869604
467432 63103320
467432 63337036
467432 63570752
467432 63804468
467432 64038184
467432 64271900
467432 64505616
467432 64739332
467432 64973048
467432 65206764
467432 65440480
467432 65674196
467432 65907912
467432 66141628
467432 66375344
467432 66609060
467432 66842776
467432 67076492
467432 67310208
467432 67543924
467432 67777640
467432 68011356
467432 68245072
467432 68478788
467432 68712504
467432 68946220
467432 69179936
467432 69413652
467432 69647368
467432 69881084
467432 70114800
467432 70348516
467432 70582232
467432 70815948
467432 71049664
467432 71283380
467432 71517096
467432 71750812
467432 71984528
467432 72218244
467432 72451960
467432 72685676
467432 72919392
467432 73153108
467432 73386824
467432 73620540
467432 73854256
467432 74087972
467432 74321688
467432 74555404
467432 74789120
467432 75022836
467432 75256552
467432 75490268
467432 75723984
467432 75957700
467432 76191416
467432 76425132
467432 76658848
467432 76892564
467432 77126280
467432 77359996
467432 77593712
467432 77827428
467432 78061144
467432 78294860
467432 78528576
467432 78762292
467432 78996008
467432 79229724
467432 79463440
467432 79697156
467432 79930872
467432 80164588
467432 80398304
467432 80632020
467432 80865736
467432 81099452
467432 81333168
467432 81566884
467432 81800600
467432 82034316
467432 82268032
467432 82501748
467432 82735464
467432 82969180
467432 83202896
467432 83436612
467432 83670328
467432 83904044
467432 84137760
467432 84371476
467432 84605192
467432 84838908
467432 85072624
467432 85306340
467432 85540056
467432 85773772
467432 86007488
467432 86241204
467432 86474920
467432 86708636
467432 86942352
467432 87176068
467432 87409784
467432 87643500
467432 87877216
467432 88110932
467432 88344648
467432 88578364
467432 88812080
467432 89045796
467432 89279512
467432 89513228
467432 89746944
467432 89980660
467432 90214376
467432 90448092
467432 90681808
467432 90915524
467432 91149240
467432 91382956
467432 91616672
467432 91850388
467432 92084104
467432 92317820
467432 92551536
467432 92785252
467432 93018968
467432 93252684
467432 93486400
467432 93720116
467432 93953832
467432 94187548
467432 94421264
467432 94654980
467432 94888696
467432 95122412
467432 95356128
467432 95589844
467432 95823560
467432 96057276
467432 96290992
467432 96524708
467432 96758424
467432 96992140
467432 97225856
467432 97459572
467432 97693288
467432 97927004
467432 98160720
467432 98394436
467432 98628152
467432 98861868
467432 99095584
467432 99329300
467432 99563016
467432 99796732
467432 100030448
467432 100264164
467432 100497880
467432 100731596
467432 100965312
467432 101199028
467432 101432744
467432 101666460
467432 101900176
467432 102133892
467432 102367608
467432 102601324
467432 102835040
467432 103068756
467432 103302472
467432 103536188
467432 103769904
467432 104003620
467432 104237336
467432 104471052
467432 104704768
467432 104938484
467432 105172200
467432 105405916
467432 105639632
467432 105873348
467432 106107064
467432 106340780
467432 106574496
467432 106808212
467432 107041928
467432 107275644
467432 107509360
467432 107743076
467432 107976792
467432 108210508
467432 108444224
467432 108677940
467432 108911656
467432 109145372
467432 109379088
467432 109612804
467432 109846520
467432 110080236
467432 110313952
467432 110547668
467432 110781384
467432 111015100
467432 111248816
467432 111482532
467432 111716248
467432 111949964
467432 112183680
467432 112417396
467432 112651112
467432 112884828
467432 113118544
467432 113352260
467432 113585976
467432 113819692
467432 114053408
467432 114287124
467432 114520840
467432 114754556
467432 114988272
467432 115221988
467432 115455704
467432 115689420
467432 115923136
467432 116156852
467432 116390568
467432 116624284
467432 116858000
467432 117091716
467432 117325432
467432 117559148
467432 117792864
467432 118026580
467432 118260296
467432 118494012
467432 118727728
467432 118961444
467432 119195160
467432 119428876
467432 119662592
467432 119896308
467432 120130024
467432 120363740
467432 120597456
467432 120831172
467432 121064888
467432 121298604
467432 121532320
467432 121766036
467432 121999752
467432 122233468
467432 122467184
467432 122700900
467432 122934616
467432 123168332
467432 123402048
467432 123635764
467432 123869480
467432 124103196
467432 124336912
467432 124570628
467432 124804344
467432 125038060
467432 125271776
467432 125505492
467432 125739208
467432 125972924
467432 126206640
467432 126440356
467432 126674072
467432 126907788
467432 127141504
467432 127375220
467432 127608936
467432 127842652
467432 128076368
467432 128310084
467432 128543800
467432 128777516
467432 129011232
467432 129244948
467432 129478664
467432 129712380
467432 129946096
467432 130179812
467432 130413528
467432 130647244
467432 130880960
467432 131114676
467432 131348392
467432 131582108
467432 131815824
467432 132049540
467432 132283256
467432 132516972
467432 132750688
467432 132984404
467432 133218120
467432 133451836
467432 133685552
467432 133919268
467432 134152984
467432 134386700
467432 134620416
467432 134854132
467432 135087848
467432 135321564
467432 135555280
467432 135788996
467432 136022712
467432 136256428
467432 136490144
467432 136723860
467432 136957576
467432 137191292
467432 137425008
467432 137658724
467432 137892440
467432 138126156
467432 138359872
467432 138593588
467432 138827304
467432 139061020
467432 139294736
467432 139528452
467432 139762168
467432 139995884
467432 140229600
467432 140463316
467432 140697032
467432 140930748
467432 141164464
467432 141398180
467432 141631896
467432 141865612
467432 142099328
467432 142333044
467432 142566760
467432 142800476
467432 143034192
467432 143267908
467432 143501624
467432 143735340
467432 143969056
467432 144202772
467432 144436488
467432 144670204
467432 144903920
467432 145137636
467432 145371352
467432 145605068
467432 145838784
467432 146072500
467432 146306216
467432 146539932
467432 146773648
467432 147007364
467432 147241080
467432 147474796
467432 147708512
467432 147942228
467432 148175944
467432 148409660
467432 148643376
467432 148877092
467432 149110808
467432 149344524
467432 149578240
467432 149811956
467432 150045672
467432 150279388
467432 150513104
467432 150746820
467432 150980536
467432 151214252
467432 151447968
467432 151681684
467432 151915400
467432 152149116
467432 152382832
467432 152616548
467432 152850264
467432 153083980
467432 153317696
467432 153551412
467432 153785128
467432 154018844
467432 154252560
467432 154486276
467432 154719992
467432 154953708
467432 155187424
467432 155421140
467432 155654856
467432 155888572
467432 156122288
467432 156356004
467432 156589720
467432 156823436
467432 157057152
467432 157290868
467432 157524584
467432 157758300
467432 157992016
467432 158225732
467432 158459448
467432 158693164
467432 158926880
467432 159160596
467432 159394312
467432 159628028
467432 159861744
467432 160095460
467432 160329176
467432 160562892
467432 160796608
467432 161030324
467432 161264040
467432 161497756
467432 161731472
467432 161965188
467432 162198904
467432 162432620
467432 162666336
467432 162900052
467432 163133768
467432 163367484
467432 163601200
467432 163834916
467432 164068632
467432 164302348
467432 164536064
467432 164769780
467432 165003496
467432 165237212
467432 165470928
467432 165704644
467432 165938360
467432 166172076
467432 166405792
467432 166639508
467432 166873224
467432 167106940
467432 167340656
467432 167574372
467432 167808088
467432 168041804
467432 168275520
467432 168509236
467432 168742952
701148 0
701148 233716
701148 467432
701148 701148
701148 934864
701148 1168580
701148 1402296
701148 1636012
701148 1869728
701148 2103444
701148 2337160
701148 2570876
701148 2804592
701148 3038308
701148 3272024
701148 3505740
701148 3739456
701148 3973172
701148 4206888
701148 4440604
701148 4674320
701148 4908036
701148 5141752
701148 5375468
701148 5609184
701148 5842900
701148 6076616
701148 6310332
701148 6544048
701148 6777764
701148 7011480
701148 7245196
701148 7478912
701148 7712628
701148 7946344
701148 8180060
701148 8413776
701148 8647492
701148 8881208
701148 9114924
701148 9348640
701148 9582356
701148 9816072
701148 10049788
701148 10283504
701148 10517220
701148 10750936
701148 10984652
701148 11218368
701148 11452084
701148 11685800
701148 11919516
701148 12153232
701148 12386948
701148 12620664
701148 12854380
701148 13088096
701148 13321812
701148 13555528
701148 13789244
701148 14022960
701148 14256676
701148 14490392
701148 14724108
701148 14957824
701148 15191540
701148 15425256
701148 15658972
701148 15892688
701148 16126404
701148 16360120
701148 16593836
701148 16827552
701148 17061268
701148 17294984
701148 17528700
701148 17762416
701148 17996132
701148 18229848
701148 18463564
701148 18697280
701148 18930996
701148 19164712
701148 19398428
701148 19632144
701148 19865860
701148 20099576
701148 20333292
701148 20567008
701148 20800724
701148 21034440
701148 21268156
701148 21501872
701148 21735588
701148 21969304
701148 22203020
701148 22436736
701148 22670452
701148 22904168
701148 23137884
701148 23371600
701148 23605316
701148 23839032
701148 24072748
701148 24306464
701148 24540180
701148 24773896
701148 25007612
701148 25241328
701148 25475044
701148 25708760
701148 25942476
701148 26176192
701148 26409908
701148 26643624
701148 26877340
701148 27111056
701148 27344772
701148 27578488
701148 27812204
701148 28045920
701148 28279636
701148 28513352
701148 28747068
701148 28980784
701148 29214500
701148 29448216
701148 29681932
701148 29915648
701148 30149364
701148 30383080
701148 30616796
701148 30850512
701148 31084228
701148 31317944
701148 31551660
701148 31785376
701148 32019092
701148 32252808
701148 32486524
701148 32720240
701148 32953956
701148 33187672
701148 33421388
701148 33655104
701148 33888820
701148 34122536
701148 34356252
701148 34589968
701148 34823684
701148 35057400
701148 35291116
701148 35524832
701148 35758548
701148 35992264
701148 36225980
701148 36459696
701148 36693412
701148 36927128
701148 37160844
701148 37394560
701148 37628276
701148 37861992
701148 38095708
701148 38329424
701148 38563140
701148 38796856
701148 39030572
701148 39264288
701148 39498004
701148 39731720
701148 39965436
701148 40199152
701148 40432868
701148 40666584
701148 40900300
701148 41134016
701148 41367732
701148 41601448
701148 41835164
701148 42068880
701148 42302596
701148 42536312
701148 42770028
701148 43003744
701148 43237460
701148 43471176
701148 43704892
701148 43938608
701148 44172324
701148 44406040
701148 44639756
701148 44873472
701148 45107188
701148 45340904
701148 45574620
701148 45808336
701148 46042052
701148 46275768
701148 46509484
701148 46743200
701148 46976916
701148 47210632
701148 47444348
701148 47678064
701148 47911780
701148 48145496
701148 48379212
701148 48612928
701148 48846644
701148 49080360
701148 49314076
701148 49547792
701148 49781508
701148 50015224
701148 50248940
701148 50482656
701148 50716372
701148 50950088
701148 51183804
701148 51417520
701148 51651236
701148 51884952
701148 52118668
701148 52352384
701148 52586100
701148 52819816
701148 53053532
701148 53287248
701148 53520964
701148 53754680
701148 53988396
701148 54222112
701148 54455828
701148 54689544
701148 54923260
701148 55156976
701148 55390692
701148 55624408
701148 55858124
701148 56091840
701148 56325556
701148 56559272
701148 56792988
701148 57026704
701148 57260420
701148 57494136
701148 57727852
701148 57961568
701148 58195284
701148 58429000
701148 58662716
701148 58896432
701148 59130148
701148 59363864
701148 59597580
701148 59831296
701148 60065012
701148 60298728
701148 60532444
701148 60766160
701148 60999876
701148 61233592
701148 61467308
701148 61701024
701148 61934740
701148 62168456
701148 62402172
701148 62635888
701148 62869604
701148 63103320
701148 63337036
701148 63570752
701148 63804468
701148 64038184
701148 64271900
701148 64505616
701148 64739332
701148 64973048
701148 65206764
701148 65440480
701148 65674196
701148 65907912
701148 66141628
701148 66375344
701148 66609060
701148 66842776
701148 67076492
701148 67310208
701148 67543924
701148 67777640
701148 68011356
701148 68245072
701148 68478788
701148 68712504
701148 68946220
701148 69179936
701148 69413652
701148 69647368
701148 69881084
701148 70114800
701148 70348516
701148 70582232
701148 70815948
701148 71049664
701148 71283380
701148 71517096
701148 71750812
701148 71984528
701148 72218244
701148 72451960
701148 72685676
701148 72919392
701148 73153108
701148 73386824
701148 73620540
701148 73854256
701148 74087972
701148 74321688
701148 74555404
701148 74789120
701148 75022836
701148 75256552
701148 75490268
701148 75723984
701148 75957700
701148 76191416
701148 76425132
701148 76658848
701148 76892564
701148 77126280
701148 77359996
701148 77593712
701148 77827428
701148 78061144
701148 78294860
701148 78528576
701148 78762292
701148 78996008
701148 79229724
701148 79463440
701148 79697156
701148 79930872
701148 80164588
701148 80398304
701148 80632020
701148 80865736
701148 81099452
701148 81333168
701148 81566884
701148 81800600
701148 82034316
701148 82268032
701148 82501748
701148 82735464
701148 82969180
701148 83202896
701148 83436612
701148 83670328
701148 83904044
701148 84137760
701148 84371476
701148 84605192
701148 84838908
701148 85072624
701148 85306340
701148 85540056
701148 85773772
701148 86007488
701148 86241204
701148 86474920
701148 86708636
701148 86942352
701148 87176068
701148 87409784
701148 87643500
701148 87877216
701148 88110932
701148 88344648
701148 88578364
701148 88812080
701148 89045796
701148 89279512
701148 89513228
701148 89746944
701148 89980660
701148 90214376
701148 90448092
701148 90681808
701148 90915524
701148 91149240
701148 91382956
701148 91616672
701148 91850388
701148 92084104
701148 92317820
701148 92551536
701148 92785252
701148 93018968
701148 93252684
701148 93486400
701148 93720116
701148 93953832
701148 94187548
701148 94421264
701148 94654980
701148 94888696
701148 95122412
701148 95356128
701148 95589844
701148 95823560
701148 96057276
701148 96290992
701148 96524708
701148 96758424
701148 96992140
701148 97225856
701148 97459572
701148 97693288
701148 97927004
701148 98160720
701148 98394436
701148 98628152
701148 98861868
701148 99095584
701148 99329300
701148 99563016
701148 99796732
701148 100030448
701148 100264164
701148 100497880
701148 100731596
701148 100965312
701148 101199028
701148 101432744
701148 101666460
701148 101900176
701148 102133892
701148 102367608
701148 102601324
701148 102835040
701148 103068756
701148 103302472
701148 103536188
701148 103769904
701148 104003620
701148 104237336
701148 104471052
701148 104704768
701148 104938484
701148 105172200
701148 105405916
701148 105639632
701148 105873348
701148 106107064
701148 106340780
701148 106574496
701148 106808212
701148 107041928
701148 107275644
701148 107509360
701148 107743076
701148 107976792
701148 108210508
701148 108444224
701148 108677940
701148 108911656
701148 109145372
701148 109379088
701148 109612804
701148 109846520
701148 110080236
701148 110313952
701148 110547668
701148 110781384
701148 111015100
701148 111248816
701148 111482532
701148 111716248
701148 111949964
701148 112183680
701148 112417396
701148 112651112
701148 112884828
701148 113118544
701148 113352260
701148 113585976
701148 113819692
701148 114053408
701148 114287124
701148 114520840
701148 114754556
701148 114988272
701148 115221988
701148 115455704
701148 115689420
701148 115923136
701148 116156852
701148 116390568
701148 116624284
701148 116858000
701148 117091716
701148 117325432
701148 117559148
701148 117792864
701148 118026580
701148 118260296
701148 118494012
701148 118727728
701148 118961444
701148 119195160
701148 119428876
701148 119662592
701148 119896308
701148 120130024
701148 120363740
701148 120597456
701148 120831172
701148 121064888
701148 121298604
701148 121532320
701148 121766036
701148 121999752
701148 122233468
701148 122467184
701148 122700900
701148 122934616
701148 123168332
701148 123402048
701148 123635764
701148 123869480
701148 124103196
701148 124336912
701148 124570628
701148 124804344
701148 125038060
701148 125271776
701148 125505492
701148 125739208
701148 125972924
701148 126206640
701148 126440356
701148 126674072
701148 126907788
701148 127141504
701148 127375220
701148 127608936
701148 127842652
701148 128076368
701148 128310084
701148 128543800
701148 128777516
701148 129011232
701148 129244948
701148 129478664
701148 129712380
701148 129946096
701148 130179812
701148 130413528
701148 130647244
701148 130880960
701148 131114676
701148 131348392
701148 131582108
701148 131815824
701148 132049540
701148 132283256
701148 132516972
701148 132750688
701148 132984404
701148 133218120
701148 133451836
701148 133685552
701148 133919268
701148 134152984
701148 134386700
701148 134620416
701148 134854132
701148 135087848
701148 135321564
701148 135555280
701148 135788996
701148 136022712
701148 136256428
701148 136490144
701148 136723860
701148 136957576
701148 137191292
701148 137425008
701148 137658724
701148 137892440
701148 138126156
701148 138359872
701148 138593588
701148 138827304
701148 139061020
701148 139294736
701148 139528452
701148 139762168
701148 139995884
701148 140229600
701148 140463316
701148 140697032
701148 140930748
701148 141164464
701148 141398180
701148 141631896
701148 141865612
701148 142099328
701148 142333044
701148 142566760
701148 142800476
701148 143034192
701148 143267908
701148 143501624
701148 143735340
701148 143969056
701148 144202772
701148 144436488
701148 144670204
701148 144903920
701148 145137636
701148 145371352
701148 145605068
701148 145838784
701148 146072500
701148 146306216
701148 146539932
701148 146773648
701148 147007364
701148 147241080
701148 147474796
701148 147708512
701148 147942228
701148 148175944
701148 148409660
701148 148643376
701148 148877092
701148 149110808
701148 149344524
701148 149578240
701148 149811956
701148 150045672
701148 150279388
701148 150513104
701148 150746820
701148 150980536
701148 151214252
701148 151447968
701148 151681684
701148 151915400
701148 152149116
701148 152382832
701148 152616548
701148 152850264
701148 153083980
701148 153317696
701148 153551412
701148 153785128
701148 154018844
701148 154252560
701148 154486276
701148 154719992
701148 154953708
701148 155187424
701148 155421140
701148 155654856
701148 155888572
701148 156122288
701148 156356004
701148 156589720
701148 156823436
701148 157057152
701148 157290868
701148 157524584
701148 157758300
701148 157992016
701148 158225732
701148 158459448
701148 158693164
701148 158926880
701148 159160596
701148 159394312
701148 159628028
701148 159861744
701148 160095460
701148 160329176
701148 160562892
701148 160796608
701148 161030324
701148 161264040
701148 161497756
701148 161731472
701148 161965188
701148 162198904
701148 162432620
701148 162666336
701148 162900052
701148 163133768
701148 163367484
701148 163601200
701148 163834916
701148 164068632
701148 164302348
701148 164536064
701148 164769780
701148 165003496
701148 165237212
701148 165470928
701148 165704644
701148 165938360
701148 166172076
701148 166405792
701148 166639508
701148 166873224
701148 167106940
701148 167340656
701148 167574372
701148 167808088
701148 168041804
701148 168275520
701148 168509236
701148 168742952
934864 0
934864 233716
934864 467432
934864 701148
934864 934864
934864 1168580
934864 1402296
934864 1636012
934864 1869728
934864 2103444
934864 2337160
934864 2570876
934864 2804592
934864 3038308
934864 3272024
934864 3505740
934864 3739456
934864 3973172
934864 4206888
934864 4440604
934864 4674320
934864 4908036
934864 5141752
934864 5375468
934864 5609184
934864 5842900
934864 6076616
934864 6310332
934864 6544048
934864 6777764
934864 7011480
934864 7245196
934864 7478912
934864 7712628
934864 7946344
934864 8180060
934864 8413776
934864 8647492
934864 8881208
934864 9114924
934864 9348640
934864 9582356
934864 9816072
934864 10049788
934864 10283504
934864 10517220
934864 10750936
934864 10984652
934864 11218368
934864 11452084
934864 11685800
934864 11919516
934864 12153232
934864 12386948
934864 12620664
934864 12854380
934864 13088096
934864 13321812
934864 13555528
934864 13789244
934864 14022960
934864 14256676
934864 14490392
934864 14724108
934864 14957824
934864 15191540
934864 15425256
934864 15658972
934864 15892688
934864 16126404
934864 16360120
934864 16593836
934864 16827552
934864 17061268
934864 17294984
934864 17528700
934864 17762416
934864 17996132
934864 18229848
934864 18463564
934864 18697280
934864 18930996
934864 19164712
934864 19398428
934864 19632144
934864 19865860
934864 20099576
934864 20333292
934864 20567008
934864 20800724
934864 21034440
934864 21268156
934864 21501872
934864 21735588
934864 21969304
934864 22203020
934864 22436736
934864 22670452
934864 22904168
934864 23137884
934864 23371600
934864 23605316
934864 23839032
934864 24072748
934864 24306464
934864 24540180
934864 24773896
934864 25007612
